0.001 50 
 0.1  0.1 
 0.115139539933  0.115139539933 
 0.132571136559  0.132571136559 
 0.152641796718  0.152641796718 
 0.175751062485  0.175751062485 
 0.202358964773  0.202358964773 
 0.232995181052  0.232995181052 
 0.268269579528  0.268269579528 
 0.308884359648  0.308884359648 
 0.355648030622  0.355648030622 
 0.409491506238  0.409491506238 
 0.471486636346  0.471486636345 
 0.542867543932  0.54286754393 
 0.625055192527  0.625055192518 
 0.719685673001  0.719685672969 
 0.828642772855  0.828642772731 
 0.95409547635  0.954095475836 
 1.09854114199  1.09854113965 
 1.26485521686  1.26485520519 
 1.4563484775  1.45634841317 
 1.67683293681  1.67683254278 
 1.93069772888  1.93069502997 
 2.22299648253  2.22297566932 
 2.5595479227  2.55936596413 
 2.94705170255  2.94524104638 
 3.3932217719  3.37333523246 
 3.90693993705  3.7303287528 
 4.49843266897  3.83705561021 
 5.17947467923  3.84677967404 
 5.96362331659  3.84700993034 
 6.86648845004  3.84658569252 
 7.90604321091  3.84609723639 
 9.10298177992  3.84554817346 
 10.4811313415  3.84494631127 
 12.0679264064  3.84428612109 
 13.8949549437  3.84357292993 
 15.9985871961  3.84280423486 
 18.4206996933  3.84196740867 
 21.2095088792  3.84108107359 
 24.4205309455  3.84014568215 
 28.1176869797  3.8391648162 
 32.3745754282  3.83815834501 
 37.2759372031  3.83711900882 
 42.9193426013  3.83607197739 
 49.4171336132  3.8350201963 
 56.8986602902  3.83400100215 
 65.512855686  3.83303130622 
 75.4312006335  3.832141883 
 86.8511373751  3.83131819938 
 100.0  3.83060415085 
0.00167683293681 50 
 0.1  0.1 
 0.115139539933  0.115139539933 
 0.132571136559  0.132571136559 
 0.152641796718  0.152641796718 
 0.175751062485  0.175751062485 
 0.202358964773  0.202358964773 
 0.232995181052  0.232995181052 
 0.268269579528  0.268269579528 
 0.308884359648  0.308884359648 
 0.355648030622  0.355648030622 
 0.409491506238  0.409491506238 
 0.471486636346  0.471486636344 
 0.542867543932  0.542867543928 
 0.625055192527  0.625055192512 
 0.719685673001  0.719685672947 
 0.828642772855  0.828642772648 
 0.95409547635  0.954095475488 
 1.09854114199  1.09854113807 
 1.26485521686  1.26485519729 
 1.4563484775  1.45634836962 
 1.67683293681  1.67683227596 
 1.93069772888  1.93069320228 
 2.22299648253  2.22296157486 
 2.5595479227  2.55924283158 
 2.94705170255  2.94402498636 
 3.3932217719  3.36095721183 
 3.90693993705  3.66314084357 
 4.49843266897  3.73326922443 
 5.17947467923  3.73890340096 
 5.96362331659  3.73888952312 
 6.86648845004  3.7384749371 
 7.90604321091  3.73800415786 
 9.10298177992  3.73747862063 
 10.4811313415  3.73690135442 
 12.0679264064  3.73626964536 
 13.8949549437  3.73558416203 
 15.9985871961  3.73484388272 
 18.4206996933  3.73404226553 
 21.2095088792  3.73319071448 
 24.4205309455  3.73229069152 
 28.1176869797  3.73134465954 
 32.3745754282  3.730368658 
 37.2759372031  3.7293684228 
 42.9193426013  3.7283597212 
 49.4171336132  3.72734387103 
 56.8986602902  3.72636727722 
 65.512855686  3.72544214695 
 75.4312006335  3.72458643083 
 86.8511373751  3.72380300895 
 100.0  3.7231477171 
0.00281176869797 50 
 0.1  0.1 
 0.115139539933  0.115139539933 
 0.132571136559  0.132571136559 
 0.152641796718  0.152641796718 
 0.175751062485  0.175751062485 
 0.202358964773  0.202358964773 
 0.232995181052  0.232995181052 
 0.268269579528  0.268269579528 
 0.308884359648  0.308884359648 
 0.355648030622  0.355648030622 
 0.409491506238  0.409491506237 
 0.471486636346  0.471486636343 
 0.542867543932  0.542867543925 
 0.625055192527  0.625055192502 
 0.719685673001  0.719685672911 
 0.828642772855  0.828642772508 
 0.95409547635  0.954095474905 
 1.09854114199  1.09854113541 
 1.26485521686  1.26485518404 
 1.4563484775  1.45634829655 
 1.67683293681  1.67683182833 
 1.93069772888  1.93069013581 
 2.22299648253  2.22293792738 
 2.5595479227  2.55903640063 
 2.94705170255  2.94200268136 
 3.3932217719  3.34184392704 
 3.90693993705  3.58504186295 
 4.49843266897  3.62939643976 
 5.17947467923  3.63259185203 
 5.96362331659  3.63244072803 
 6.86648845004  3.63203608071 
 7.90604321091  3.63158258511 
 9.10298177992  3.63107744806 
 10.4811313415  3.63052232874 
 12.0679264064  3.62991625253 
 13.8949549437  3.62925323929 
 15.9985871961  3.62853886367 
 18.4206996933  3.62776660872 
 21.2095088792  3.62694447919 
 24.4205309455  3.62607482549 
 28.1176869797  3.62516201878 
 32.3745754282  3.62421606794 
 37.2759372031  3.6232476264 
 42.9193426013  3.62227236436 
 49.4171336132  3.62130179646 
 56.8986602902  3.62036408144 
 65.512855686  3.61947987461 
 75.4312006335  3.61866517365 
 86.8511373751  3.61793252558 
 100.0  3.61731294473 
0.00471486636346 50 
 0.1  0.1 
 0.115139539933  0.115139539933 
 0.132571136559  0.132571136559 
 0.152641796718  0.152641796718 
 0.175751062485  0.175751062485 
 0.202358964773  0.202358964772 
 0.232995181052  0.232995181051 
 0.268269579528  0.268269579528 
 0.308884359648  0.308884359648 
 0.355648030622  0.355648030622 
 0.409491506238  0.409491506237 
 0.471486636346  0.471486636342 
 0.542867543932  0.542867543919 
 0.625055192527  0.625055192485 
 0.719685673001  0.719685672849 
 0.828642772855  0.828642772273 
 0.95409547635  0.954095473926 
 1.09854114199  1.09854113096 
 1.26485521686  1.2648551618 
 1.4563484775  1.45634817394 
 1.67683293681  1.6768310771 
 1.93069772888  1.93068498891 
 2.22299648253  2.22289823683 
 2.5595479227  2.55869036827 
 2.94705170255  2.93865784268 
 3.3932217719  3.31354652134 
 3.90693993705  3.49885962294 
 4.49843266897  3.526093801 
 5.17947467923  3.52784566321 
 5.96362331659  3.52761605657 
 6.86648845004  3.5272223689 
 7.90604321091  3.52678160958 
 9.10298177992  3.52629355719 
 10.4811313415  3.52575574292 
 12.0679264064  3.52516688551 
 13.8949549437  3.52452486976 
 15.9985871961  3.52383140342 
 18.4206996933  3.52308195199 
 21.2095088792  3.52228297529 
 24.4205309455  3.52143682223 
 28.1176869797  3.52055008312 
 32.3745754282  3.51963155121 
 37.2759372031  3.51869390757 
 42.9193426013  3.51774778444 
 49.4171336132  3.51681803082 
 56.8986602902  3.51592135613 
 65.512855686  3.51508336005 
 75.4312006335  3.51432002244 
 86.8511373751  3.51365613274 
 100.0  3.51309038748 
0.00790604321091 50 
 0.1  0.1 
 0.115139539933  0.115139539933 
 0.132571136559  0.132571136559 
 0.152641796718  0.152641796718 
 0.175751062485  0.175751062485 
 0.202358964773  0.202358964772 
 0.232995181052  0.232995181051 
 0.268269579528  0.268269579528 
 0.308884359648  0.308884359647 
 0.355648030622  0.355648030621 
 0.409491506238  0.409491506236 
 0.471486636346  0.471486636339 
 0.542867543932  0.542867543911 
 0.625055192527  0.625055192456 
 0.719685673001  0.719685672747 
 0.828642772855  0.828642771878 
 0.95409547635  0.954095472283 
 1.09854114199  1.09854112349 
 1.26485521686  1.26485512448 
 1.4563484775  1.45634796809 
 1.67683293681  1.67682981565 
 1.93069772888  1.93067634457 
 2.22299648253  2.22283157656 
 2.5595479227  2.55811046314 
 2.94705170255  2.9331742469 
 3.3932217719  3.27388063195 
 3.90693993705  3.40738117917 
 4.49843266897  3.42372343593 
 5.17947467923  3.42462418659 
 5.96362331659  3.42435012502 
 6.86648845004  3.42396345527 
 7.90604321091  3.4235325623 
 9.10298177992  3.4230549978 
 10.4811313415  3.42252958849 
 12.0679264064  3.42195094147 
 13.8949549437  3.42132373451 
 15.9985871961  3.42064335363 
 18.4206996933  3.4199102446 
 21.2095088792  3.4191269881 
 24.4205309455  3.41829820594 
 28.1176869797  3.41743129297 
 32.3745754282  3.41653584146 
 37.2759372031  3.41562493762 
 42.9193426013  3.41471530437 
 49.4171336132  3.4138272982 
 56.8986602902  3.41298294058 
 65.512855686  3.4122035955 
 75.4312006335  3.41150270783 
 86.8511373751  3.4108930671 
 100.0  3.41037854737 
0.0132571136559 50 
 0.1  0.1 
 0.115139539933  0.115139539933 
 0.132571136559  0.132571136559 
 0.152641796718  0.152641796718 
 0.175751062485  0.175751062485 
 0.202358964773  0.202358964772 
 0.232995181052  0.232995181051 
 0.268269579528  0.268269579528 
 0.308884359648  0.308884359647 
 0.355648030622  0.355648030621 
 0.409491506238  0.409491506234 
 0.471486636346  0.471486636334 
 0.542867543932  0.542867543896 
 0.625055192527  0.625055192407 
 0.719685673001  0.719685672574 
 0.828642772855  0.828642771216 
 0.95409547635  0.954095469525 
 1.09854114199  1.09854111094 
 1.26485521686  1.26485506179 
 1.4563484775  1.45634762223 
 1.67683293681  1.67682769544 
 1.93069772888  1.93066181049 
 2.22299648253  2.22271950126 
 2.5595479227  2.55713900523 
 2.94705170255  2.92430990027 
 3.3932217719  3.22172010769 
 3.90693993705  3.31282894836 
 4.49843266897  3.32244492108 
 5.17947467923  3.32284263576 
 5.96362331659  3.32254009912 
 6.86648845004  3.3221556428 
 7.90604321091  3.32172712733 
 9.10298177992  3.32125283948 
 10.4811313415  3.32073060573 
 12.0679264064  3.32015818234 
 13.8949549437  3.31953509322 
 15.9985871961  3.31885883162 
 18.4206996933  3.31813155486 
 21.2095088792  3.31735775611 
 24.4205309455  3.3165412358 
 28.1176869797  3.31569106348 
 32.3745754282  3.31481900392 
 37.2759372031  3.31394045097 
 42.9193426013  3.31307300857 
 49.4171336132  3.31223815431 
 56.8986602902  3.31145469286 
 65.512855686  3.3107389347 
 75.4312006335  3.3101026183 
 86.8511373751  3.30955326962 
 100.0  3.30909068688 
0.0222299648253 50 
 0.1  0.1 
 0.115139539933  0.115139539933 
 0.132571136559  0.132571136559 
 0.152641796718  0.152641796718 
 0.175751062485  0.175751062485 
 0.202358964773  0.202358964772 
 0.232995181052  0.232995181051 
 0.268269579528  0.268269579528 
 0.308884359648  0.308884359647 
 0.355648030622  0.35564803062 
 0.409491506238  0.409491506231 
 0.471486636346  0.471486636326 
 0.542867543932  0.542867543871 
 0.625055192527  0.625055192325 
 0.719685673001  0.719685672284 
 0.828642772855  0.828642770105 
 0.95409547635  0.954095464891 
 1.09854114199  1.09854108985 
 1.26485521686  1.26485495637 
 1.4563484775  1.45634704033 
 1.67683293681  1.67682412624 
 1.93069772888  1.93063732977 
 2.22299648253  2.22253073644 
 2.5595479227  2.55551273402 
 2.94705170255  2.91028785691 
 3.3932217719  3.15751043506 
 3.90693993705  3.21672226 
 4.49843266897  3.22226124187 
 5.17947467923  3.22235759465 
 5.96362331659  3.22203150088 
 6.86648845004  3.22164135372 
 7.90604321091  3.22120730829 
 9.10298177992  3.22072652303 
 10.4811313415  3.22019824787 
 12.0679264064  3.21962016527 
 13.8949549437  3.21899088163 
 15.9985871961  3.21831127139 
 18.4206996933  3.21758365663 
 21.2095088792  3.21681256878 
 24.4205309455  3.21600617116 
 28.1176869797  3.21517468957 
 32.3745754282  3.2143321296 
 37.2759372031  3.2134948007 
 42.9193426013  3.21268086071 
 49.4171336132  3.21190877562 
 56.8986602902  3.21119286123 
 65.512855686  3.21054526837 
 75.4312006335  3.20997489472 
 86.8511373751  3.20948359574 
 100.0  3.20906952804 
0.0372759372031 50 
 0.1  0.1 
 0.115139539933  0.115139539933 
 0.132571136559  0.132571136559 
 0.152641796718  0.152641796717 
 0.175751062485  0.175751062485 
 0.202358964773  0.202358964772 
 0.232995181052  0.232995181051 
 0.268269579528  0.268269579527 
 0.308884359648  0.308884359646 
 0.355648030622  0.355648030618 
 0.409491506238  0.409491506226 
 0.471486636346  0.471486636312 
 0.542867543932  0.542867543829 
 0.625055192527  0.625055192188 
 0.719685673001  0.719685671797 
 0.828642772855  0.828642768235 
 0.95409547635  0.954095457093 
 1.09854114199  1.09854105433 
 1.26485521686  1.26485477875 
 1.4563484775  1.45634605909 
 1.67683293681  1.67681810204 
 1.93069772888  1.93059597197 
 2.22299648253  2.22221187725 
 2.5595479227  2.55279353166 
 2.94705170255  2.88880210457 
 3.3932217719  3.08305469955 
 3.90693993705  3.11994333328 
 4.49843266897  3.12303587235 
 5.17947467923  3.12294426078 
 5.96362331659  3.12259242668 
 6.86648845004  3.1221857276 
 7.90604321091  3.12173435972 
 9.10298177992  3.12123680223 
 10.4811313415  3.1206912716 
 12.0679264064  3.12009631861 
 13.8949549437  3.11945280415 
 15.9985871961  3.11876265703 
 18.4206996933  3.11803098617 
 21.2095088792  3.11726437762 
 24.4205309455  3.11647267921 
 28.1176869797  3.11566868919 
 32.3745754282  3.11486649837 
 37.2759372031  3.11408249172 
 42.9193426013  3.11333197074 
 49.4171336132  3.11262897151 
 56.8986602902  3.11198463456 
 65.512855686  3.11140660511 
 75.4312006335  3.11089855446 
 86.8511373751  3.11046212341 
 100.0  3.11009422126 
0.0625055192527 50 
 0.1  0.1 
 0.115139539933  0.115139539933 
 0.132571136559  0.132571136559 
 0.152641796718  0.152641796717 
 0.175751062485  0.175751062485 
 0.202358964773  0.202358964772 
 0.232995181052  0.232995181051 
 0.268269579528  0.268269579527 
 0.308884359648  0.308884359645 
 0.355648030622  0.355648030615 
 0.409491506238  0.409491506219 
 0.471486636346  0.47148663629 
 0.542867543932  0.542867543759 
 0.625055192527  0.625055191957 
 0.719685673001  0.719685670976 
 0.828642772855  0.828642765083 
 0.95409547635  0.954095443941 
 1.09854114199  1.09854099437 
 1.26485521686  1.26485447852 
 1.4563484775  1.45634439829 
 1.67683293681  1.67680789014 
 1.93069772888  1.9305257575 
 2.22299648253  2.22167069728 
 2.5595479227  2.54825659696 
 2.94705170255  2.85728299695 
 3.3932217719  3.00071610159 
 3.90693993705  3.02285479926 
 4.49843266897  3.02448216888 
 5.17947467923  3.02426297173 
 5.96362331659  3.02387788016 
 6.86648845004  3.02344280787 
 7.90604321091  3.0229626708 
 9.10298177992  3.0224368831 
 10.4811313415  3.02186419723 
 12.0679264064  3.02124611765 
 13.8949549437  3.02058455528 
 15.9985871961  3.01988466881 
 18.4206996933  3.01915332623 
 21.2095088792  3.01839950955 
 24.4205309455  3.01763444897 
 28.1176869797  3.01687113447 
 32.3745754282  3.01612296823 
 37.2759372031  3.01540273333 
 42.9193426013  3.01472320715 
 49.4171336132  3.01409307346 
 56.8986602902  3.01352033798 
 65.512855686  3.01300894552 
 75.4312006335  3.01256045194 
 86.8511373751  3.0121754468 
 100.0  3.01185073026 
0.104811313415 50 
 0.1  0.1 
 0.115139539933  0.115139539933 
 0.132571136559  0.132571136559 
 0.152641796718  0.152641796717 
 0.175751062485  0.175751062485 
 0.202358964773  0.202358964772 
 0.232995181052  0.232995181051 
 0.268269579528  0.268269579526 
 0.308884359648  0.308884359643 
 0.355648030622  0.35564803061 
 0.409491506238  0.409491506205 
 0.471486636346  0.471486636251 
 0.542867543932  0.542867543641 
 0.625055192527  0.625055191567 
 0.719685673001  0.71968566959 
 0.828642772855  0.828642759754 
 0.95409547635  0.95409542167 
 1.09854114199  1.09854089268 
 1.26485521686  1.26485396837 
 1.4563484775  1.45634157006 
 1.67683293681  1.67679045634 
 1.93069772888  1.93040559349 
 2.22299648253  2.22074517691 
 2.5595479227  2.54071630762 
 2.94705170255  2.81348294023 
 3.3932217719  2.91259393419 
 3.90693993705  2.92539231599 
 4.49843266897  2.92613607347 
 5.17947467923  2.92581971569 
 5.96362331659  2.92539239071 
 6.86648845004  2.92491818295 
 7.90604321091  2.92440089969 
 9.10298177992  2.92384077235 
 10.4811313415  2.92323911998 
 12.0679264064  2.92259933571 
 13.8949549437  2.92192624946 
 15.9985871961  2.92122688879 
 18.4206996933  2.92050967869 
 21.2095088792  2.9197844994 
 24.4205309455  2.91906269704 
 28.1176869797  2.91835474036 
 32.3745754282  2.9176718607 
 37.2759372031  2.9170236915 
 42.9193426013  2.91641779251 
 49.4171336132  2.9158610201 
 56.8986602902  2.91535712858 
 65.512855686  2.91490865656 
 75.4312006335  2.91451640375 
 86.8511373751  2.91417875399 
 100.0  2.91389398628 
0.175751062485 50 
 0.1  0.1 
 0.115139539933  0.115139539933 
 0.132571136559  0.132571136559 
 0.152641796718  0.152641796717 
 0.175751062485  0.175751062485 
 0.202358964773  0.202358964772 
 0.232995181052  0.23299518105 
 0.268269579528  0.268269579525 
 0.308884359648  0.30888435964 
 0.355648030622  0.355648030602 
 0.409491506238  0.409491506183 
 0.471486636346  0.471486636186 
 0.542867543932  0.542867543442 
 0.625055192527  0.625055190907 
 0.719685673001  0.719685667239 
 0.828642772855  0.828642750694 
 0.95409547635  0.954095383719 
 1.09854114199  1.09854071894 
 1.26485521686  1.26485309406 
 1.4563484775  1.45633670569 
 1.67683293681  1.67676035113 
 1.93069772888  1.9301972974 
 2.22299648253  2.21914363066 
 2.5595479227  2.52827581277 
 2.94705170255  2.75614932109 
 3.3932217719  2.82005695321 
 3.90693993705  2.82712089222 
 4.49843266897  2.82732509885 
 5.17947467923  2.82692868495 
 5.96362331659  2.82645466438 
 6.86648845004  2.82593930302 
 7.90604321091  2.82538581238 
 9.10298177992  2.8247967561 
 10.4811313415  2.82417612893 
 12.0679264064  2.82352902945 
 13.8949549437  2.82286213531 
 15.9985871961  2.82218325291 
 18.4206996933  2.82150086747 
 21.2095088792  2.82082386515 
 24.4205309455  2.8201612326 
 28.1176869797  2.81952135878 
 32.3745754282  2.818911702 
 37.2759372031  2.81833862372 
 42.9193426013  2.81780743132 
 49.4171336132  2.8173215157 
 56.8986602902  2.81688337639 
 65.512855686  2.81649397728 
 75.4312006335  2.81615327257 
 86.8511373751  2.81585997025 
 100.0  2.81561176119 
0.294705170255 50 
 0.1  0.1 
 0.115139539933  0.115139539933 
 0.132571136559  0.132571136559 
 0.152641796718  0.152641796717 
 0.175751062485  0.175751062485 
 0.202358964773  0.202358964771 
 0.232995181052  0.232995181049 
 0.268269579528  0.268269579522 
 0.308884359648  0.308884359633 
 0.355648030622  0.355648030588 
 0.409491506238  0.409491506144 
 0.471486636346  0.471486636072 
 0.542867543932  0.542867543102 
 0.625055192527  0.62505518978 
 0.719685673001  0.719685663217 
 0.828642772855  0.828642735151 
 0.95409547635  0.954095318377 
 1.09854114199  1.09854041851 
 1.26485521686  1.2648515749 
 1.4563484775  1.45632820625 
 1.67683293681  1.67670742084 
 1.93069772888  1.92982899663 
 2.22299648253  2.21632415525 
 2.5595479227  2.50803328787 
 2.94705170255  2.68530814725 
 3.3932217719  2.72364822344 
 3.90693993705  2.72728369313 
 4.49843266897  2.72715864449 
 5.17947467923  2.72670030543 
 5.96362331659  2.72618829353 
 6.86648845004  2.7256435805 
 7.90604321091  2.72507043556 
 9.10298177992  2.72447330978 
 10.4811313415  2.72385733826 
 12.0679264064  2.72322869891 
 13.8949549437  2.72259411001 
 15.9985871961  2.72196030232 
 18.4206996933  2.72133462945 
 21.2095088792  2.72072361943 
 24.4205309455  2.72013360329 
 28.1176869797  2.71957034351 
 32.3745754282  2.71903853565 
 37.2759372031  2.71854228826 
 42.9193426013  2.71808439371 
 49.4171336132  2.71766697376 
 56.8986602902  2.71729113578 
 65.512855686  2.71695714838 
 75.4312006335  2.71666448861 
 86.8511373751  2.71641169805 
 100.0  2.71619628471 
0.494171336132 50 
 0.1  0.0999999999999 
 0.115139539933  0.115139539933 
 0.132571136559  0.132571136559 
 0.152641796718  0.152641796717 
 0.175751062485  0.175751062485 
 0.202358964773  0.202358964771 
 0.232995181052  0.232995181047 
 0.268269579528  0.268269579519 
 0.308884359648  0.308884359626 
 0.355648030622  0.355648030557 
 0.409491506238  0.409491506121 
 0.471486636346  0.471486635847 
 0.542867543932  0.542867542487 
 0.625055192527  0.625055187766 
 0.719685673001  0.719685656254 
 0.828642772855  0.828642708104 
 0.95409547635  0.954095204011 
 1.09854114199  1.09853988922 
 1.26485521686  1.26484887829 
 1.4563484775  1.45631299075 
 1.67683293681  1.67661178992 
 1.93069772888  1.92915842893 
 2.22299648253  2.21124618929 
 2.5595479227  2.47593583138 
 2.94705170255  2.60194904901 
 3.3932217719  2.6232357252 
 3.90693993705  2.62489070661 
 4.49843266897  2.62457798316 
 5.17947467923  2.62408731854 
 5.96362331659  2.62356284604 
 6.86648845004  2.62301744907 
 7.90604321091  2.62245600191 
 9.10298177992  2.62188324302 
 10.4811313415  2.6213043768 
 12.0679264064  2.62072479365 
 13.8949549437  2.62014980357 
 15.9985871961  2.61958457077 
 18.4206996933  2.61903417167 
 21.2095088792  2.61850303034 
 24.4205309455  2.61799518744 
 28.1176869797  2.61751408961 
 32.3745754282  2.61706252322 
 37.2759372031  2.61664286842 
 42.9193426013  2.61625666999 
 49.4171336132  2.61590500362 
 56.8986602902  2.61558824614 
 65.512855686  2.61530593793 
 75.4312006335  2.61505722681 
 86.8511373751  2.61484018525 
 100.0  2.61465213474 
0.828642772855 50 
 0.1  0.0999999999998 
 0.115139539933  0.115139539932 
 0.132571136559  0.132571136559 
 0.152641796718  0.152641796717 
 0.175751062485  0.175751062484 
 0.202358964773  0.202358964769 
 0.232995181052  0.232995181044 
 0.268269579528  0.268269579511 
 0.308884359648  0.308884359609 
 0.355648030622  0.355648030504 
 0.409491506238  0.409491505837 
 0.471486636346  0.471486635463 
 0.542867543932  0.542867541363 
 0.625055192527  0.625055184189 
 0.719685673001  0.719685643665 
 0.828642772855  0.828642659982 
 0.95409547635  0.954094998752 
 1.09854114199  1.09853892991 
 1.26485521686  1.26484393691 
 1.4563484775  1.45628476938 
 1.67683293681  1.67643215116 
 1.93069772888  1.92788757089 
 2.22299648253  2.20187234028 
 2.5595479227  2.42728248826 
 2.94705170255  2.50747768192 
 3.3932217719  2.5183186721 
 3.90693993705  2.51889699676 
 4.49843266897  2.51850375803 
 5.17947467923  2.51802219823 
 5.96362331659  2.51752340911 
 6.86648845004  2.51701552675 
 7.90604321091  2.51650273938 
 9.10298177992  2.51598904017 
 10.4811313415  2.51547843928 
 12.0679264064  2.51497476358 
 13.8949549437  2.51448164014 
 15.9985871961  2.51400244057 
 18.4206996933  2.51354012885 
 21.2095088792  2.51309752638 
 24.4205309455  2.51267699642 
 28.1176869797  2.51228032158 
 32.3745754282  2.51190918146 
 37.2759372031  2.5115647799 
 42.9193426013  2.51124769329 
 49.4171336132  2.51095835875 
 56.8986602902  2.51069643288 
 65.512855686  2.51046092523 
 75.4312006335  2.51025013069 
 86.8511373751  2.51006149913 
 100.0  2.50989104073 
1.38949549437 50 
 0.1  0.0999999999995 
 0.115139539933  0.115139539932 
 0.132571136559  0.132571136558 
 0.152641796718  0.152641796716 
 0.175751062485  0.175751062481 
 0.202358964773  0.202358964765 
 0.232995181052  0.232995181037 
 0.268269579528  0.268269579492 
 0.308884359648  0.308884359573 
 0.355648030622  0.355648030365 
 0.409491506238  0.409491505589 
 0.471486636346  0.471486634567 
 0.542867543932  0.542867538799 
 0.625055192527  0.625055176247 
 0.719685673001  0.719685618741 
 0.828642772855  0.828642564869 
 0.95409547635  0.954094612656 
 1.09854114199  1.0985371195 
 1.26485521686  1.26483447144 
 1.4563484775  1.45622984066 
 1.67683293681  1.67607698558 
 1.93069772888  1.92535845506 
 2.22299648253  2.18431200465 
 2.5595479227  2.35846061406 
 2.94705170255  2.40342266206 
 3.3932217719  2.40842707545 
 3.90693993705  2.40848335081 
 4.49843266897  2.40809165078 
 5.17947467923  2.40766129861 
 5.96362331659  2.40722559424 
 6.86648845004  2.40678942675 
 7.90604321091  2.40635570622 
 9.10298177992  2.40592709849 
 10.4811313415  2.4055061192 
 12.0679264064  2.40509520155 
 13.8949549437  2.40469639465 
 15.9985871961  2.40431162042 
 18.4206996933  2.40394261535 
 21.2095088792  2.40359081817 
 24.4205309455  2.40325743602 
 28.1176869797  2.40294347365 
 32.3745754282  2.40264952867 
 37.2759372031  2.40237612111 
 42.9193426013  2.40212304702 
 49.4171336132  2.40188992676 
 56.8986602902  2.40167561133 
 65.512855686  2.40147820906 
 75.4312006335  2.40129467023 
 86.8511373751  2.40112035531 
 100.0  2.40094845102 
2.32995181052 50 
 0.1  0.0999999999985 
 0.115139539933  0.115139539931 
 0.132571136559  0.132571136556 
 0.152641796718  0.15264179671 
 0.175751062485  0.175751062475 
 0.202358964773  0.202358964757 
 0.232995181052  0.232995180979 
 0.268269579528  0.268269579431 
 0.308884359648  0.308884359327 
 0.355648030622  0.355648029917 
 0.409491506238  0.409491504494 
 0.471486636346  0.471486631826 
 0.542867543932  0.542867531449 
 0.625055192527  0.625055154921 
 0.719685673001  0.719685547836 
 0.828642772855  0.82864233168 
 0.95409547635  0.954093734294 
 1.09854114199  1.09853326008 
 1.26485521686  1.26481527646 
 1.4563484775  1.45611638467 
 1.67683293681  1.67533130927 
 1.93069772888  1.92007277432 
 2.22299648253  2.15201443275 
 2.5595479227  2.26932067699 
 2.94705170255  2.29145865011 
 3.3932217719  2.29351859968 
 3.90693993705  2.29337311595 
 4.49843266897  2.29303613977 
 5.17947467923  2.29268561134 
 5.96362331659  2.29233635492 
 6.86648845004  2.29199090721 
 7.90604321091  2.29165106979 
 9.10298177992  2.29131828841 
 10.4811313415  2.29099395363 
 12.0679264064  2.2906793388 
 13.8949549437  2.29037550644 
 15.9985871961  2.29008344159 
 18.4206996933  2.28980395555 
 21.2095088792  2.28953764849 
 24.4205309455  2.28928501594 
 28.1176869797  2.28904625158 
 32.3745754282  2.28882130182 
 37.2759372031  2.28860974141 
 42.9193426013  2.28841072926 
 49.4171336132  2.28822260375 
 56.8986602902  2.28804289877 
 65.512855686  2.28786776824 
 75.4312006335  2.28769142587 
 86.8511373751  2.28750521773 
 100.0  2.28729606969 
3.90693993705 50 
 0.1  0.0999999999956 
 0.115139539933  0.115139539926 
 0.132571136559  0.132571136543 
 0.152641796718  0.152641796687 
 0.175751062485  0.175751062457 
 0.202358964773  0.202358964616 
 0.232995181052  0.232995180774 
 0.268269579528  0.268269578964 
 0.308884359648  0.308884358541 
 0.355648030622  0.355648028564 
 0.409491506238  0.409491500202 
 0.471486636346  0.471486621984 
 0.542867543932  0.542867505199 
 0.625055192527  0.625055079627 
 0.719685673001  0.719685317521 
 0.828642772855  0.828641553783 
 0.95409547635  0.954090891975 
 1.09854114199  1.09852185828 
 1.26485521686  1.26476450613 
 1.4563484775  1.45585715264 
 1.67683293681  1.67366805136 
 1.93069772888  1.90868062168 
 2.22299648253  2.09707493806 
 2.5595479227  2.16379651303 
 2.94705170255  2.17349381693 
 3.3932217719  2.17422525465 
 3.90693993705  2.17404102391 
 4.49843266897  2.17378132377 
 5.17947467923  2.17351897437 
 5.96362331659  2.17326025727 
 6.86648845004  2.17300637816 
 7.90604321091  2.17275821382 
 9.10298177992  2.17251648522 
 10.4811313415  2.17228181141 
 12.0679264064  2.1720547734 
 13.8949549437  2.17183575647 
 15.9985871961  2.17162513026 
 18.4206996933  2.17142306964 
 21.2095088792  2.17122958493 
 24.4205309455  2.17104446791 
 28.1176869797  2.17086722575 
 32.3745754282  2.17069695213 
 37.2759372031  2.17053214001 
 42.9193426013  2.17037056052 
 49.4171336132  2.17020878044 
 56.8986602902  2.17004173379 
 65.512855686  2.16986200446 
 75.4312006335  2.16965844084 
 86.8511373751  2.16941454627 
 100.0  2.16910525047 
6.5512855686 50 
 0.1  0.099999999965 
 0.115139539933  0.115139539863 
 0.132571136559  0.132571136329 
 0.152641796718  0.15264179638 
 0.175751062485  0.175751062142 
 0.202358964773  0.202358964155 
 0.232995181052  0.232995179797 
 0.268269579528  0.268269577135 
 0.308884359648  0.308884354552 
 0.355648030622  0.355648020324 
 0.409491506238  0.409491482255 
 0.471486636346  0.471486579396 
 0.542867543932  0.542867394442 
 0.625055192527  0.625054772856 
 0.719685673001  0.719684381556 
 0.828642772855  0.828638490899 
 0.95409547635  0.954079965964 
 1.09854114199  1.09847931561 
 1.26485521686  1.26458160202 
 1.4563484775  1.45498910571 
 1.67683293681  1.66917123367 
 1.93069772888  1.88445934193 
 2.22299648253  2.01581716774 
 2.5595479227  2.04777394655 
 2.94705170255  2.05163478104 
 3.3932217719  2.05183625001 
 3.90693993705  2.05167957409 
 4.49843266897  2.05149559457 
 5.17947467923  2.05131272124 
 5.96362331659  2.05113342649 
 6.86648845004  2.0509581939 
 7.90604321091  2.05078740719 
 9.10298177992  2.05062123691 
 10.4811313415  2.05045990785 
 12.0679264064  2.05030349267 
 13.8949549437  2.05015202789 
 15.9985871961  2.05000521546 
 18.4206996933  2.0498627799 
 21.2095088792  2.04972404136 
 24.4205309455  2.04958815916 
 28.1176869797  2.04945353092 
 32.3745754282  2.04931807741 
 37.2759372031  2.0491786346 
 42.9193426013  2.04903063793 
 49.4171336132  2.04886753859 
 56.8986602902  2.04867966893 
 65.512855686  2.04845305243 
 75.4312006335  2.04816701745 
 86.8511373751  2.04779059955 
 100.0  2.04727707482 
10.9854114199 50 
 0.1  0.0999999999351 
 0.115139539933  0.115139539838 
 0.132571136559  0.132571136298 
 0.152641796718  0.152641796414 
 0.175751062485  0.175751061546 
 0.202358964773  0.202358962823 
 0.232995181052  0.232995177477 
 0.268269579528  0.268269571118 
 0.308884359648  0.308884341469 
 0.355648030622  0.35564798945 
 0.409491506238  0.409491409697 
 0.471486636346  0.471486398602 
 0.542867543932  0.542866916453 
 0.625055192527  0.625053425043 
 0.719685673001  0.719680324271 
 0.828642772855  0.828625274858 
 0.95409547635  0.954033261316 
 1.09854114199  1.09829910013 
 1.26485521686  1.26382028927 
 1.4563484775  1.45148315493 
 1.67683293681  1.65251784922 
 1.93069772888  1.82175699555 
 2.22299648253  1.89897878236 
 2.5595479227  1.91634320848 
 2.94705170255  1.91850843093 
 3.3932217719  1.91866874828 
 3.90693993705  1.91863676633 
 4.49843266897  1.91858953886 
 5.17947467923  1.91854193401 
 5.96362331659  1.91849519293 
 6.86648845004  1.91844922632 
 7.90604321091  1.91840422797 
 9.10298177992  1.91836021725 
 10.4811313415  1.91831695357 
 12.0679264064  1.91827440999 
 13.8949549437  1.9182323085 
 15.9985871961  1.91819070668 
 18.4206996933  1.91814889434 
 21.2095088792  1.9181062021 
 24.4205309455  1.91806216917 
 28.1176869797  1.9180151134 
 32.3745754282  1.91796360309 
 37.2759372031  1.91790514314 
 42.9193426013  1.9178358892 
 49.4171336132  1.91775084791 
 56.8986602902  1.91764232765 
 65.512855686  1.9174990007 
 75.4312006335  1.91730350775 
 86.8511373751  1.91702901514 
 100.0  1.91663269755 
18.4206996933 50 
 0.1  0.0999999999104 
 0.115139539933  0.115139539866 
 0.132571136559  0.132571136476 
 0.152641796718  0.152641796008 
 0.175751062485  0.175751060428 
 0.202358964773  0.202358960695 
 0.232995181052  0.232995173351 
 0.268269579528  0.26826956096 
 0.308884359648  0.308884311703 
 0.355648030622  0.355647912659 
 0.409491506238  0.409491204831 
 0.471486636346  0.471485827133 
 0.542867543932  0.542865267656 
 0.625055192527  0.625048445328 
 0.719685673001  0.719664435714 
 0.828642772855  0.828571418449 
 0.95409547635  0.953837599339 
 1.09854114199  1.0975325026 
 1.26485521686  1.26058510205 
 1.4563484775  1.43728532194 
 1.67683293681  1.59722268168 
 1.93069772888  1.68685225472 
 2.22299648253  1.71296927967 
 2.5595479227  1.71785876946 
 2.94705170255  1.71859244605 
 3.3932217719  1.71868058887 
 3.90693993705  1.71868573612 
 4.49843266897  1.71868395596 
 5.17947467923  1.71868171585 
 5.96362331659  1.71867943805 
 6.86648845004  1.71867722908 
 7.90604321091  1.71867504272 
 9.10298177992  1.71867288197 
 10.4811313415  1.71867064228 
 12.0679264064  1.71866839023 
 13.8949549437  1.71866617629 
 15.9985871961  1.71866378509 
 18.4206996933  1.71866127607 
 21.2095088792  1.71865854795 
 24.4205309455  1.7186553871 
 28.1176869797  1.71865176004 
 32.3745754282  1.71864732497 
 37.2759372031  1.71864188186 
 42.9193426013  1.71863485639 
 49.4171336132  1.71862553376 
 56.8986602902  1.71861286535 
 65.512855686  1.71859544747 
 75.4312006335  1.7185707915 
 86.8511373751  1.71853507907 
 100.0  1.71848182976 
30.8884359648 50 
 0.1  0.0999999999891 
 0.115139539933  0.115139539916 
 0.132571136559  0.132571136178 
 0.152641796718  0.152641796487 
 0.175751062485  0.175751062209 
 0.202358964773  0.202358959022 
 0.232995181052  0.232995168203 
 0.268269579528  0.268269549491 
 0.308884359648  0.308884284312 
 0.355648030622  0.355647832682 
 0.409491506238  0.409490941614 
 0.471486636346  0.47148499827 
 0.542867543932  0.54286245034 
 0.625055192527  0.625038562093 
 0.719685673001  0.71962808136 
 0.828642772855  0.828430841397 
 0.95409547635  0.953264509354 
 1.09854114199  1.0950765568 
 1.26485521686  1.24982963046 
 1.4563484775  1.39481659489 
 1.67683293681  1.48430302833 
 1.93069772888  1.51396435958 
 2.22299648253  1.52013273358 
 2.5595479227  1.52115253353 
 2.94705170255  1.52129912596 
 3.3932217719  1.521317554 
 3.90693993705  1.52131968096 
 4.49843266897  1.52131986486 
 5.17947467923  1.52131993753 
 5.96362331659  1.52132002106 
 6.86648845004  1.52132026292 
 7.90604321091  1.52132024922 
 9.10298177992  1.52132043303 
 10.4811313415  1.52132045198 
 12.0679264064  1.52132052735 
 13.8949549437  1.52132072786 
 15.9985871961  1.5213208569 
 18.4206996933  1.52132096577 
 21.2095088792  1.52132122886 
 24.4205309455  1.52132127588 
 28.1176869797  1.52132161073 
 32.3745754282  1.52132194068 
 37.2759372031  1.52132236469 
 42.9193426013  1.5213227576 
 49.4171336132  1.52132368596 
 56.8986602902  1.52132465324 
 65.512855686  1.52132593802 
 75.4312006335  1.52132745639 
 86.8511373751  1.52132943963 
 100.0  1.52133148984 
51.7947467923 50 
 0.1  0.0999999999915 
 0.115139539933  0.115139539776 
 0.132571136559  0.132571136294 
 0.152641796718  0.152641796582 
 0.175751062485  0.175751060248 
 0.202358964773  0.202358962493 
 0.232995181052  0.232995165688 
 0.268269579528  0.268269542527 
 0.308884359648  0.308884264166 
 0.355648030622  0.355647771257 
 0.409491506238  0.409490757166 
 0.471486636346  0.471484347848 
 0.542867543932  0.542860128844 
 0.625055192527  0.6250295573 
 0.719685673001  0.719591051118 
 0.828642772855  0.828268468677 
 0.95409547635  0.952508283352 
 1.09854114199  1.09141236348 
 1.26485521686  1.23296157303 
 1.4563484775  1.338504404 
 1.67683293681  1.38088110827 
 1.93069772888  1.39017797645 
 2.22299648253  1.39166764934 
 2.5595479227  1.39187366826 
 2.94705170255  1.39189943421 
 3.3932217719  1.39190238689 
 3.90693993705  1.39190277128 
 4.49843266897  1.39190266398 
 5.17947467923  1.39190299467 
 5.96362331659  1.39190311925 
 6.86648845004  1.39190328634 
 7.90604321091  1.39190345127 
 9.10298177992  1.39190360693 
 10.4811313415  1.39190383746 
 12.0679264064  1.39190403441 
 13.8949549437  1.39190430708 
 15.9985871961  1.39190462378 
 18.4206996933  1.39190508782 
 21.2095088792  1.39190561492 
 24.4205309455  1.39190626634 
 28.1176869797  1.39190710185 
 32.3745754282  1.39190837818 
 37.2759372031  1.39190993516 
 42.9193426013  1.39191211927 
 49.4171336132  1.39191513901 
 56.8986602902  1.39191918459 
 65.512855686  1.39192466355 
 75.4312006335  1.3919323209 
 86.8511373751  1.39194283527 
 100.0  1.3919570879 
86.8511373751 50 
 0.1  0.0999999999432 
 0.115139539933  0.115139539836 
 0.132571136559  0.13257113657 
 0.152641796718  0.152641796639 
 0.175751062485  0.175751061508 
 0.202358964773  0.202358964264 
 0.232995181052  0.232995164091 
 0.268269579528  0.268269538303 
 0.308884359648  0.308884251375 
 0.355648030622  0.355647737324 
 0.409491506238  0.409490636531 
 0.471486636346  0.47148393974 
 0.542867543932  0.542858642514 
 0.625055192527  0.625023756613 
 0.719685673001  0.719566451198 
 0.828642772855  0.828156297835 
 0.95409547635  0.951960556388 
 1.09854114199  1.08864891778 
 1.26485521686  1.22062438864 
 1.4563484775  1.30479208198 
 1.67683293681  1.33164696129 
 1.93069772888  1.33657059559 
 2.22299648253  1.33726648355 
 2.5595479227  1.33735181115 
 2.94705170255  1.33736112141 
 3.3932217719  1.33736210923 
 3.90693993705  1.33736228113 
 4.49843266897  1.33736235813 
 5.17947467923  1.33736248517 
 5.96362331659  1.3373625977 
 6.86648845004  1.33736273765 
 7.90604321091  1.33736290789 
 9.10298177992  1.33736306587 
 10.4811313415  1.33736328799 
 12.0679264064  1.33736358248 
 13.8949549437  1.33736394378 
 15.9985871961  1.33736441508 
 18.4206996933  1.33736502165 
 21.2095088792  1.33736581937 
 24.4205309455  1.33736689526 
 28.1176869797  1.33736835199 
 32.3745754282  1.33737027614 
 37.2759372031  1.33737289241 
 42.9193426013  1.33737647577 
 49.4171336132  1.33738137129 
 56.8986602902  1.3373880644 
 65.512855686  1.33739716376 
 75.4312006335  1.33740979069 
 86.8511373751  1.33742689795 
 100.0  1.33744973867 
145.63484775 50 
 0.1  0.0999999999749 
 0.115139539933  0.115139540033 
 0.132571136559  0.132571136545 
 0.152641796718  0.152641796415 
 0.175751062485  0.17575106214 
 0.202358964773  0.202358964947 
 0.232995181052  0.232995164196 
 0.268269579528  0.268269535733 
 0.308884359648  0.308884244806 
 0.355648030622  0.355647712952 
 0.409491506238  0.409490565028 
 0.471486636346  0.471483691878 
 0.542867543932  0.542857745908 
 0.625055192527  0.625020246131 
 0.719685673001  0.719551548927 
 0.828642772855  0.828088040858 
 0.95409547635  0.9516257224 
 1.09854114199  1.08697116731 
 1.26485521686  1.2135770346 
 1.4563484775  1.2881025693 
 1.67683293681  1.30973080185 
 1.93069772888  1.31348914189 
 2.22299648253  1.31400604873 
 2.5595479227  1.31406794928 
 2.94705170255  1.31407463951 
 3.3932217719  1.31407546684 
 3.90693993705  1.31407572368 
 4.49843266897  1.3140758953 
 5.17947467923  1.31407596023 
 5.96362331659  1.31407626979 
 6.86648845004  1.31407649204 
 7.90604321091  1.31407669045 
 9.10298177992  1.31407690539 
 10.4811313415  1.31407722202 
 12.0679264064  1.31407764866 
 13.8949549437  1.31407818829 
 15.9985871961  1.31407891016 
 18.4206996933  1.31407987511 
 21.2095088792  1.31408113768 
 24.4205309455  1.31408286795 
 28.1176869797  1.31408520866 
 32.3745754282  1.31408832467 
 37.2759372031  1.31409260957 
 42.9193426013  1.31409837817 
 49.4171336132  1.31410629449 
 56.8986602902  1.31411699449 
 65.512855686  1.31413164933 
 75.4312006335  1.31415117891 
 86.8511373751  1.31417727186 
 100.0  1.31421014616 
244.205309455 50 
 0.1  0.10000000006 
 0.115139539933  0.115139539984 
 0.132571136559  0.132571136471 
 0.152641796718  0.152641796535 
 0.175751062485  0.175751061889 
 0.202358964773  0.202358956722 
 0.232995181052  0.232995175627 
 0.268269579528  0.268269534331 
 0.308884359648  0.30888424037 
 0.355648030622  0.355647697733 
 0.409491506238  0.409490520922 
 0.471486636346  0.47148355423 
 0.542867543932  0.542857210677 
 0.625055192527  0.625018155023 
 0.719685673001  0.719542623842 
 0.828642772855  0.828047235786 
 0.95409547635  0.951425846463 
 1.09854114199  1.08598017952 
 1.26485521686  1.20958703237 
 1.4563484775  1.27934463427 
 1.67683293681  1.29872679918 
 1.93069772888  1.30203084332 
 2.22299648253  1.30248265362 
 2.5595479227  1.30253716495 
 2.94705170255  1.30254336141 
 3.3932217719  1.30254447652 
 3.90693993705  1.30254505323 
 4.49843266897  1.30254544007 
 5.17947467923  1.30254601392 
 5.96362331659  1.30254650914 
 6.86648845004  1.30254699822 
 7.90604321091  1.30254738534 
 9.10298177992  1.30254778769 
 10.4811313415  1.3025482363 
 12.0679264064  1.30254892691 
 13.8949549437  1.30254975726 
 15.9985871961  1.30255094031 
 18.4206996933  1.3025524756 
 21.2095088792  1.30255454869 
 24.4205309455  1.30255732279 
 28.1176869797  1.30256109388 
 32.3745754282  1.30256617325 
 37.2759372031  1.30257309201 
 42.9193426013  1.30258236636 
 49.4171336132  1.30259494083 
 56.8986602902  1.30261187181 
 65.512855686  1.30263420082 
 75.4312006335  1.3026633895 
 86.8511373751  1.30269885434 
 100.0  1.30273475506 
409.491506238 50 
 0.1  0.100000000128 
 0.115139539933  0.115139539927 
 0.132571136559  0.132571136422 
 0.152641796718  0.152641796489 
 0.175751062485  0.175751063028 
 0.202358964773  0.202358964009 
 0.232995181052  0.232995166669 
 0.268269579528  0.26826953255 
 0.308884359648  0.308884237714 
 0.355648030622  0.355647690405 
 0.409491506238  0.409490494245 
 0.471486636346  0.471483462962 
 0.542867543932  0.54285688767 
 0.625055192527  0.625016877051 
 0.719685673001  0.719537324442 
 0.828642772855  0.828022867551 
 0.95409547635  0.951306796256 
 1.09854114199  1.08539419576 
 1.26485521686  1.20728564234 
 1.4563484775  1.27449040742 
 1.67683293681  1.29274982593 
 1.93069772888  1.29583618674 
 2.22299648253  1.29625854643 
 2.5595479227  1.29631027767 
 2.94705170255  1.2963172411 
 3.3932217719  1.29631917333 
 3.90693993705  1.29632069216 
 4.49843266897  1.29632203512 
 5.17947467923  1.29632319504 
 5.96362331659  1.29632481813 
 6.86648845004  1.29632597715 
 7.90604321091  1.29632699163 
 9.10298177992  1.29632802753 
 10.4811313415  1.29632906565 
 12.0679264064  1.29633008711 
 13.8949549437  1.29633151993 
 15.9985871961  1.29633321094 
 18.4206996933  1.29633576276 
 21.2095088792  1.29633896399 
 24.4205309455  1.29634338871 
 28.1176869797  1.29634923271 
 32.3745754282  1.29635734694 
 37.2759372031  1.29636809025 
 42.9193426013  1.29638246239 
 49.4171336132  1.29640156932 
 56.8986602902  1.29642649945 
 65.512855686  1.29645783649 
 75.4312006335  1.2964933529 
 86.8511373751  1.29651935371 
 100.0  1.29646350558 
686.648845004 50 
 0.1  0.100000000003 
 0.115139539933  0.115139539968 
 0.132571136559  0.132571136694 
 0.152641796718  0.152641795683 
 0.175751062485  0.175751061893 
 0.202358964773  0.20235895604 
 0.232995181052  0.232995159832 
 0.268269579528  0.268269527488 
 0.308884359648  0.308884236258 
 0.355648030622  0.355647685612 
 0.409491506238  0.409490477417 
 0.471486636346  0.471483404206 
 0.542867543932  0.542856693658 
 0.625055192527  0.625016124016 
 0.719685673001  0.719534141062 
 0.828642772855  0.828008357487 
 0.95409547635  0.951235985289 
 1.09854114199  1.08504654612 
 1.26485521686  1.20593991384 
 1.4563484775  1.27171358465 
 1.67683293681  1.2893662747 
 1.93069772888  1.29233837172 
 2.22299648253  1.29274730349 
 2.5595479227  1.29279994045 
 2.94705170255  1.29280941118 
 3.3932217719  1.29281417027 
 3.90693993705  1.29281803933 
 4.49843266897  1.29282174236 
 5.17947467923  1.29282521527 
 5.96362331659  1.29282841968 
 6.86648845004  1.29283149771 
 7.90604321091  1.29283427269 
 9.10298177992  1.29283703825 
 10.4811313415  1.29283946094 
 12.0679264064  1.2928417456 
 13.8949549437  1.29284388776 
 15.9985871961  1.29284662719 
 18.4206996933  1.29285018087 
 21.2095088792  1.29285499192 
 24.4205309455  1.29286140219 
 28.1176869797  1.29287001171 
 32.3745754282  1.29288144688 
 37.2759372031  1.29289673499 
 42.9193426013  1.29291662034 
 49.4171336132  1.29294181753 
 56.8986602902  1.29297157631 
 65.512855686  1.29299869585 
 75.4312006335  1.29298747051 
 86.8511373751  1.29271682895 
 100.0  1.28987963167 
1151.39539933 50 
 0.1  0.100000000041 
 0.115139539933  0.115139539503 
 0.132571136559  0.132571136377 
 0.152641796718  0.152641796248 
 0.175751062485  0.17575106185 
 0.202358964773  0.202358962378 
 0.232995181052  0.232995177066 
 0.268269579528  0.268269548182 
 0.308884359648  0.30888423179 
 0.355648030622  0.355647682783 
 0.409491506238  0.409490472539 
 0.471486636346  0.471483375088 
 0.542867543932  0.542856573555 
 0.625055192527  0.62501566552 
 0.719685673001  0.719532253777 
 0.828642772855  0.827999700698 
 0.95409547635  0.951193667007 
 1.09854114199  1.08483986997 
 1.26485521686  1.20514694556 
 1.4563484775  1.27009703118 
 1.67683293681  1.28740841116 
 1.93069772888  1.29031975012 
 2.22299648253  1.29072630155 
 2.5595479227  1.29078538892 
 2.94705170255  1.29080177532 
 3.3932217719  1.29081272316 
 3.90693993705  1.29082227886 
 4.49843266897  1.29083103176 
 5.17947467923  1.29083897541 
 5.96362331659  1.29084621668 
 6.86648845004  1.2908528634 
 7.90604321091  1.29085889001 
 9.10298177992  1.29086449434 
 10.4811313415  1.29086959723 
 12.0679264064  1.29087434359 
 13.8949549437  1.29087869775 
 15.9985871961  1.29088271688 
 18.4206996933  1.29088675249 
 21.2095088792  1.29089221399 
 24.4205309455  1.29089939828 
 28.1176869797  1.29090891595 
 32.3745754282  1.29092127218 
 37.2759372031  1.29093658504 
 42.9193426013  1.29095403402 
 49.4171336132  1.29096841681 
 56.8986602902  1.29095669498 
 65.512855686  1.29079818065 
 75.4312006335  1.28952768937 
 86.8511373751  34.2161616443 
 100.0  63.0574455874 
1930.69772888 50 
 0.1  0.100000000092 
 0.115139539933  0.115139539849 
 0.132571136559  0.132571136262 
 0.152641796718  0.152641796286 
 0.175751062485  0.175751058551 
 0.202358964773  0.202358956026 
 0.232995181052  0.232995161077 
 0.268269579528  0.268269530283 
 0.308884359648  0.308884232096 
 0.355648030622  0.355647681286 
 0.409491506238  0.409490468009 
 0.471486636346  0.471483356979 
 0.542867543932  0.542856506418 
 0.625055192527  0.625015395896 
 0.719685673001  0.719531121666 
 0.828642772855  0.827994525171 
 0.95409547635  0.951168473388 
 1.09854114199  1.08471684217 
 1.26485521686  1.20467716591 
 1.4563484775  1.26914673879 
 1.67683293681  1.28626303226 
 1.93069772888  1.2891458334 
 2.22299648253  1.28956258851 
 2.5595479227  1.28963762708 
 2.94705170255  1.28966784935 
 3.3932217719  1.28968981147 
 3.90693993705  1.28970782866 
 4.49843266897  1.28972272039 
 5.17947467923  1.2897353084 
 5.96362331659  1.28974561247 
 6.86648845004  1.28975397291 
 7.90604321091  1.28976081914 
 9.10298177992  1.28976634363 
 10.4811313415  1.28977055654 
 12.0679264064  1.28977384046 
 13.8949549437  1.2897759962 
 15.9985871961  1.28977749929 
 18.4206996933  1.28977838031 
 21.2095088792  1.28977870099 
 24.4205309455  1.28977828758 
 28.1176869797  1.28977598193 
 32.3745754282  1.28976877529 
 37.2759372031  1.28974844 
 42.9193426013  1.28968871596 
 49.4171336132  1.2894855838 
 56.8986602902  1.28853807684 
 65.512855686  15.0137482363 
 75.4312006335  42.5148556147 
 86.8511373751  61.9374265884 
 100.0  80.4368040159 
3237.45754282 50 
 0.1  0.0999999999381 
 0.115139539933  0.115139539052 
 0.132571136559  0.132571136419 
 0.152641796718  0.152641796364 
 0.175751062485  0.175751061687 
 0.202358964773  0.202358962504 
 0.232995181052  0.232995161386 
 0.268269579528  0.268269530923 
 0.308884359648  0.308884227297 
 0.355648030622  0.355647672909 
 0.409491506238  0.409490464108 
 0.471486636346  0.471483338733 
 0.542867543932  0.542856466058 
 0.625055192527  0.625015246529 
 0.719685673001  0.719530422488 
 0.828642772855  0.827991438386 
 0.95409547635  0.951153450969 
 1.09854114199  1.08464350983 
 1.26485521686  1.2043982128 
 1.4563484775  1.26858546244 
 1.67683293681  1.28559087966 
 1.93069772888  1.28846912325 
 2.22299648253  1.28891257573 
 2.5595479227  1.28901250292 
 2.94705170255  1.28905378455 
 3.3932217719  1.28907253615 
 3.90693993705  1.28907483817 
 4.49843266897  1.28906277612 
 5.17947467923  1.28903748693 
 5.96362331659  1.28899997936 
 6.86648845004  1.28895069299 
 7.90604321091  1.28889041144 
 9.10298177992  1.28881990868 
 10.4811313415  1.28874005479 
 12.0679264064  1.28865149881 
 13.8949549437  1.28855569198 
 15.9985871961  1.28845292004 
 18.4206996933  1.28834500581 
 21.2095088792  1.2882323773 
 24.4205309455  1.28811647997 
 28.1176869797  1.28796697646 
 32.3745754282  1.28769513669 
 37.2759372031  1.28712212996 
 42.9193426013  1.28560891644 
 49.4171336132  4.86659433018 
 56.8986602902  27.9229760794 
 65.512855686  43.8595889094 
 75.4312006335  58.4134176236 
 86.8511373751  73.20686288 
 100.0  88.9629327039 
5428.67543932 50 
 0.1  0.100000000019 
 0.115139539933  0.115139539843 
 0.132571136559  0.132571136076 
 0.152641796718  0.152641795623 
 0.175751062485  0.175751061796 
 0.202358964773  0.202358963576 
 0.232995181052  0.232995157935 
 0.268269579528  0.268269528819 
 0.308884359648  0.308884230404 
 0.355648030622  0.355647672962 
 0.409491506238  0.409490462912 
 0.471486636346  0.47148333239 
 0.542867543932  0.542856442228 
 0.625055192527  0.625015134653 
 0.719685673001  0.719530021187 
 0.828642772855  0.827989596916 
 0.95409547635  0.951144479721 
 1.09854114199  1.08459988093 
 1.26485521686  1.2042323766 
 1.4563484775  1.26825339011 
 1.67683293681  1.28519925978 
 1.93069772888  1.28809467224 
 2.22299648253  1.28857395444 
 2.5595479227  1.2886503621 
 2.94705170255  1.28854574313 
 3.3932217719  1.28824668368 
 3.90693993705  1.28771302291 
 4.49843266897  1.28691533036 
 5.17947467923  1.28585704653 
 5.96362331659  1.71972047368 
 6.86648845004  2.18674645188 
 7.90604321091  2.42175917631 
 9.10298177992  2.6562958005 
 10.4811313415  2.90373775633 
 12.0679264064  3.16720748816 
 13.8949549437  3.44763624469 
 15.9985871961  3.745336767 
 18.4206996933  4.06035082782 
 21.2095088792  4.39251274797 
 24.4205309455  4.74144397803 
 28.1176869797  5.10653135162 
 32.3745754282  5.55259465927 
 37.2759372031  6.98995194382 
 42.9193426013  17.5457819582 
 49.4171336132  30.8656721133 
 56.8986602902  42.3486454281 
 65.512855686  53.8066906711 
 75.4312006335  65.9018999071 
 86.8511373751  79.0531641862 
 100.0  93.6094783379 
9102.98177992 50 
 0.1  0.100000000032 
 0.115139539933  0.115139539871 
 0.132571136559  0.132571136503 
 0.152641796718  0.15264179642 
 0.175751062485  0.175751061559 
 0.202358964773  0.202358964289 
 0.232995181052  0.232995159266 
 0.268269579528  0.268269526098 
 0.308884359648  0.308884229594 
 0.355648030622  0.355647668206 
 0.409491506238  0.409490442202 
 0.471486636346  0.471483333596 
 0.542867543932  0.542856419277 
 0.625055192527  0.625015086913 
 0.719685673001  0.719529783536 
 0.828642772855  0.82798849434 
 0.95409547635  0.951139113559 
 1.09854114199  1.08457380418 
 1.26485521686  1.20413378986 
 1.4563484775  1.26805771349 
 1.67683293681  1.28497772911 
 1.93069772888  1.28790793939 
 2.22299648253  1.28834057886 
 2.5595479227  1.28756681809 
 2.94705170255  1.86511693475 
 3.3932217719  2.35107214722 
 3.90693993705  2.67482820488 
 4.49843266897  3.02526071419 
 5.17947467923  3.41651227576 
 5.96362331659  3.85451368112 
 6.86648845004  4.34439666569 
 7.90604321091  4.89151857963 
 9.10298177992  5.5016013181 
 10.4811313415  6.18073916943 
 12.0679264064  6.93537955851 
 13.8949549437  7.77228702406 
 15.9985871961  8.69848820504 
 18.4206996933  9.72119417879 
 21.2095088792  10.8476931826 
 24.4205309455  12.0852099433 
 28.1176869797  13.4407230961 
 32.3745754282  14.9207356521 
 37.2759372031  21.5490848509 
 42.9193426013  30.6470424499 
 49.4171336132  39.5294191795 
 56.8986602902  48.814233201 
 65.512855686  58.8553012703 
 75.4312006335  69.9321876167 
 86.8511373751  82.3075237372 
 100.0  96.2516260545 
15264.1796718 50 
 0.1  0.100000000019 
 0.115139539933  0.115139539677 
 0.132571136559  0.132571136511 
 0.152641796718  0.152641796468 
 0.175751062485  0.175751058877 
 0.202358964773  0.202358962365 
 0.232995181052  0.232995164207 
 0.268269579528  0.268269529854 
 0.308884359648  0.308884230224 
 0.355648030622  0.355647669351 
 0.409491506238  0.409490438118 
 0.471486636346  0.471483326574 
 0.542867543932  0.542856398188 
 0.625055192527  0.625015057275 
 0.719685673001  0.719529630206 
 0.828642772855  0.827987817148 
 0.95409547635  0.951135914447 
 1.09854114199  1.08455832991 
 1.26485521686  1.20407530991 
 1.4563484775  1.26794415867 
 1.67683293681  1.28486283228 
 1.93069772888  1.28782075515 
 2.22299648253  1.28724707755 
 2.5595479227  2.23453888321 
 2.94705170255  2.59150768371 
 3.3932217719  2.96835971066 
 3.90693993705  3.3948573503 
 4.49843266897  3.88077310072 
 5.17947467923  4.43450797085 
 5.96362331659  5.06521147412 
 6.86648845004  5.78314654369 
 7.90604321091  6.59984141333 
 9.10298177992  7.52822236321 
 10.4811313415  8.582754933 
 12.0679264064  9.77958534652 
 13.8949549437  11.1366850307 
 15.9985871961  12.6739908738 
 18.4206996933  14.4135346249 
 21.2095088792  16.3795513928 
 24.4205309455  18.5985536417 
 28.1176869797  21.1914853156 
 32.3745754282  24.8655166553 
 37.2759372031  29.8094567295 
 42.9193426013  36.1707566596 
 49.4171336132  43.821658072 
 56.8986602902  52.2489166184 
 65.512855686  61.6428284298 
 75.4312006335  72.2113002176 
 86.8511373751  84.1770481177 
 100.0  97.7858844101 
25595.479227 50 
 0.1  0.100000000111 
 0.115139539933  0.115139539869 
 0.132571136559  0.132571136384 
 0.152641796718  0.152641796337 
 0.175751062485  0.175751061682 
 0.202358964773  0.202358955299 
 0.232995181052  0.232995178361 
 0.268269579528  0.268269530461 
 0.308884359648  0.308884226334 
 0.355648030622  0.355647670276 
 0.409491506238  0.409490438294 
 0.471486636346  0.471483312997 
 0.542867543932  0.542856413744 
 0.625055192527  0.62501502455 
 0.719685673001  0.719529544892 
 0.828642772855  0.827987429924 
 0.95409547635  0.951134018207 
 1.09854114199  1.08454901038 
 1.26485521686  1.20404088286 
 1.4563484775  1.26788135422 
 1.67683293681  1.28481784153 
 1.93069772888  1.28768254144 
 2.22299648253  2.08673136726 
 2.5595479227  2.44615026431 
 2.94705170255  2.81440252696 
 3.3932217719  3.23327593444 
 3.90693993705  3.71347355973 
 4.49843266897  4.26434778897 
 5.17947467923  4.89622624177 
 5.96362331659  5.62086698827 
 6.86648845004  6.45169256079 
 7.90604321091  7.40402052414 
 9.10298177992  8.49531896012 
 10.4811313415  9.74549294049 
 12.0679264064  11.1772037062 
 13.8949549437  12.8162237362 
 15.9985871961  14.6918286762 
 18.4206996933  16.837228088 
 21.2095088792  19.2900273889 
 24.4205309455  22.0927332397 
 28.1176869797  25.2977659655 
 32.3745754282  29.1551783441 
 37.2759372031  33.8494066656 
 42.9193426013  39.4884819235 
 49.4171336132  46.2184926066 
 56.8986602902  54.180591017 
 65.512855686  63.2380323924 
 75.4312006335  73.5310503834 
 86.8511373751  85.2685899231 
 100.0  98.6869487595 
42919.3426013 50 
 0.1  0.100000000022 
 0.115139539933  0.115139540259 
 0.132571136559  0.132571136516 
 0.152641796718  0.152641796425 
 0.175751062485  0.175751061984 
 0.202358964773  0.202358955081 
 0.232995181052  0.232995178218 
 0.268269579528  0.268269529713 
 0.308884359648  0.308884228275 
 0.355648030622  0.355647670247 
 0.409491506238  0.409490437279 
 0.471486636346  0.471483315421 
 0.542867543932  0.542856410531 
 0.625055192527  0.625015010635 
 0.719685673001  0.719529468467 
 0.828642772855  0.827987187228 
 0.95409547635  0.951132878805 
 1.09854114199  1.08454351869 
 1.26485521686  1.20402110144 
 1.4563484775  1.26785149509 
 1.67683293681  1.28481745871 
 1.93069772888  1.28678786199 
 2.22299648253  2.18380836748 
 2.5595479227  2.51919300061 
 2.94705170255  2.89901179888 
 3.3932217719  3.33513741096 
 3.90693993705  3.83659428738 
 4.49843266897  4.41321795803 
 5.17947467923  5.07623625212 
 5.96362331659  5.83853349663 
 6.86648845004  6.71490000604 
 7.90604321091  7.72231100042 
 9.10298177992  8.88024452633 
 10.4811313415  10.2110441434 
 12.0679264064  11.7403319521 
 13.8949549437  13.4974789995 
 15.9985871961  15.5161389742 
 18.4206996933  17.8348531841 
 21.2095088792  20.4977346399 
 24.4205309455  23.5552374983 
 28.1176869797  27.0650201647 
 32.3745754282  31.0938549773 
 37.2759372031  35.7983116722 
 42.9193426013  41.3259577389 
 49.4171336132  47.7946488388 
 56.8986602902  55.3492463575 
 65.512855686  64.1675295113 
 75.4312006335  74.3049497401 
 86.8511373751  85.9116039899 
 100.0  99.2195251191 
71968.5673001 50 
 0.1  0.100000000019 
 0.115139539933  0.115139538988 
 0.132571136559  0.13257113608 
 0.152641796718  0.152641795813 
 0.175751062485  0.175751061937 
 0.202358964773  0.20235895532 
 0.232995181052  0.232995177315 
 0.268269579528  0.268269560283 
 0.308884359648  0.308884230835 
 0.355648030622  0.355647669457 
 0.409491506238  0.409490436396 
 0.471486636346  0.471483309004 
 0.542867543932  0.542856397183 
 0.625055192527  0.625015000545 
 0.719685673001  0.719529454344 
 0.828642772855  0.827987048187 
 0.95409547635  0.951132192667 
 1.09854114199  1.08454037361 
 1.26485521686  1.20401057588 
 1.4563484775  1.26784525765 
 1.67683293681  1.28483106113 
 1.93069772888  1.89273199478 
 2.22299648253  2.21008146098 
 2.5595479227  2.5452172629 
 2.94705170255  2.92985766323 
 3.3932217719  3.37240908207 
 3.90693993705  3.88172186634 
 4.49843266897  4.4678711662 
 5.17947467923  5.14243259417 
 5.96362331659  5.91871972715 
 6.86648845004  6.81204540798 
 7.90604321091  7.84002073958 
 9.10298177992  9.02289811924 
 10.4811313415  10.3839651346 
 12.0679264064  11.949996237 
 13.8949549437  13.7517706843 
 15.9985871961  15.8246663455 
 18.4206996933  18.2093388967 
 21.2095088792  20.952499871 
 24.4205309455  24.107804887 
 28.1176869797  27.7368673157 
 32.3745754282  31.9104133124 
 37.2759372031  36.7095926187 
 42.9193426013  42.2472759082 
 49.4171336132  48.6757152364 
 56.8986602902  56.128003695 
 65.512855686  64.7601926929 
 75.4312006335  74.7619684418 
 86.8511373751  86.292323094 
 100.0  99.5354648089 
120679.264064 50 
 0.1  0.0999999997506 
 0.115139539933  0.115139539853 
 0.132571136559  0.132571136512 
 0.152641796718  0.15264179578 
 0.175751062485  0.175751061643 
 0.202358964773  0.202358962499 
 0.232995181052  0.232995165768 
 0.268269579528  0.268269526266 
 0.308884359648  0.308884229522 
 0.355648030622  0.355647669237 
 0.409491506238  0.409490444127 
 0.471486636346  0.471483313719 
 0.542867543932  0.54285638308 
 0.625055192527  0.625014995967 
 0.719685673001  0.719529427073 
 0.828642772855  0.827986952285 
 0.95409547635  0.951131779223 
 1.09854114199  1.08453857617 
 1.26485521686  1.20400631918 
 1.4563484775  1.26785791412 
 1.67683293681  1.28477639227 
 1.93069772888  1.9247090273 
 2.22299648253  2.21858189639 
 2.5595479227  2.55446175901 
 2.94705170255  2.94092375493 
 3.3932217719  3.3858000938 
 3.90693993705  3.8979457711 
 4.49843266897  4.48753106383 
 5.17947467923  5.16625927165 
 5.96362331659  5.9476004742 
 6.86648845004  6.84705818875 
 7.90604321091  7.88247556133 
 9.10298177992  9.07438935634 
 10.4811313415  10.4464319889 
 12.0679264064  12.0258028328 
 13.8949549437  13.8437983285 
 15.9985871961  15.9364318764 
 18.4206996933  18.3451429408 
 21.2095088792  21.1176059966 
 24.4205309455  24.3086676017 
 28.1176869797  27.9814177449 
 32.3745754282  32.2084191529 
 37.2759372031  37.073116164 
 42.9193426013  42.6714491659 
 49.4171336132  49.1157486082 
 56.8986602902  56.556039269 
 65.512855686  65.1481667791 
 75.4312006335  75.0668912301 
 86.8511373751  86.5186585151 
 100.0  99.7232907493 
202358.964773 50 
 0.1  0.0999999999017 
 0.115139539933  0.115139539768 
 0.132571136559  0.132571136366 
 0.152641796718  0.152641796501 
 0.175751062485  0.175751057953 
 0.202358964773  0.202358962676 
 0.232995181052  0.232995161649 
 0.268269579528  0.268269525878 
 0.308884359648  0.308884228682 
 0.355648030622  0.355647666036 
 0.409491506238  0.409490445818 
 0.471486636346  0.471483310292 
 0.542867543932  0.54285638153 
 0.625055192527  0.625015013172 
 0.719685673001  0.71952942839 
 0.828642772855  0.827986891251 
 0.95409547635  0.951131543063 
 1.09854114199  1.08453775242 
 1.26485521686  1.20400706339 
 1.4563484775  1.26788572085 
 1.67683293681  1.28428106845 
 1.93069772888  1.92906065938 
 2.22299648253  2.22146159655 
 2.5595479227  2.55774215229 
 2.94705170255  2.94487089279 
 3.3932217719  3.39057980092 
 3.90693993705  3.90373796276 
 4.49843266897  4.49455142087 
 5.17947467923  5.17476938965 
 5.96362331659  5.9579181067 
 6.86648845004  6.85956952711 
 7.90604321091  7.89765054391 
 9.10298177992  9.09279867646 
 10.4811313415  10.4687727433 
 12.0679264064  12.0529221656 
 13.8949549437  13.8767315808 
 15.9985871961  15.9764440372 
 18.4206996933  18.3937794641 
 21.2095088792  21.176761104 
 24.4205309455  24.3806649403 
 28.1176869797  28.0691169624 
 32.3745754282  32.3153462228 
 37.2759372031  37.2036252255 
 42.9193426013  42.8309461314 
 49.4171336132  49.3089109149 
 56.8986602902  56.7659302223 
 65.512855686  65.3561622222 
 75.4312006335  75.2597857229 
 86.8511373751  86.6758165835 
 100.0  99.8359899817 
339322.17719 50 
 0.1  0.099999999994 
 0.115139539933  0.115139539843 
 0.132571136559  0.132571136381 
 0.152641796718  0.152641795629 
 0.175751062485  0.175751061264 
 0.202358964773  0.202358960205 
 0.232995181052  0.232995162381 
 0.268269579528  0.268269528045 
 0.308884359648  0.308884228207 
 0.355648030622  0.355647666849 
 0.409491506238  0.409490440389 
 0.471486636346  0.47148330729 
 0.542867543932  0.542856380066 
 0.625055192527  0.62501498711 
 0.719685673001  0.719529419164 
 0.828642772855  0.827986866462 
 0.95409547635  0.951131400071 
 1.09854114199  1.08453745239 
 1.26485521686  1.20401249096 
 1.4563484775  1.26792003981 
 1.67683293681  1.28134928216 
 1.93069772888  1.93018508616 
 2.22299648253  2.22245778219 
 2.5595479227  2.55890648762 
 2.94705170255  2.94627597366 
 3.3932217719  3.39228179892 
 3.90693993705  3.90580068529 
 4.49843266897  4.49705170169 
 5.17947467923  5.17780059528 
 5.96362331659  5.96159343151 
 6.86648845004  6.86402659668 
 7.90604321091  7.90305700704 
 9.10298177992  9.09935850347 
 10.4811313415  10.4767337861 
 12.0679264064  12.0625872958 
 13.8949549437  13.8884701377 
 15.9985871961  15.9907069518 
 18.4206996933  18.4111194508 
 21.2095088792  21.1978543206 
 24.4205309455  24.4063428836 
 28.1176869797  28.1004004536 
 32.3745754282  32.3534936016 
 37.2759372031  37.2501980713 
 42.9193426013  42.8878763127 
 49.4171336132  49.3786072975 
 56.8986602902  56.8514034431 
 65.512855686  65.4547754427 
 75.4312006335  75.360447695 
 86.8511373751  86.7712170498 
 100.0  99.9161560156 
568986.602902 50 
 0.1  0.0999999999818 
 0.115139539933  0.115139539807 
 0.132571136559  0.132571136897 
 0.152641796718  0.152641795882 
 0.175751062485  0.175751058341 
 0.202358964773  0.202358959573 
 0.232995181052  0.232995158655 
 0.268269579528  0.268269526444 
 0.308884359648  0.308884224737 
 0.355648030622  0.355647669943 
 0.409491506238  0.409490437383 
 0.471486636346  0.471483318824 
 0.542867543932  0.542856369495 
 0.625055192527  0.625014970065 
 0.719685673001  0.719529416613 
 0.828642772855  0.827986848496 
 0.95409547635  0.951131372538 
 1.09854114199  1.08453801175 
 1.26485521686  1.20402310521 
 1.4563484775  1.26792957745 
 1.67683293681  1.67650584152 
 1.93069772888  1.93052749975 
 2.22299648253  2.22280639638 
 2.5595479227  2.55931996041 
 2.94705170255  2.94677578641 
 3.3932217719  3.39288742608 
 3.90693993705  3.90653470151 
 4.49843266897  4.49794144927 
 5.17947467923  5.17887914722 
 5.96362331659  5.96290129563 
 6.86648845004  6.86561280058 
 7.90604321091  7.9049808707 
 9.10298177992  9.10169278112 
 10.4811313415  10.4795668643 
 12.0679264064  12.0660272189 
 13.8949549437  13.8926481972 
 15.9985871961  15.9957841534 
 18.4206996933  18.4172917798 
 21.2095088792  21.2053630309 
 24.4205309455  24.4154837857 
 28.1176869797  28.111537492 
 32.3745754282  32.3670756722 
 37.2759372031  37.2667797173 
 42.9193426013  42.9081482197 
 49.4171336132  49.4034272751 
 56.8986602902  56.8818484084 
 65.512855686  65.4921916184 
 75.4312006335  75.4057371074 
 86.8511373751  86.8196797618 
 100.0  99.96307009 
954095.47635 50 
 0.1  0.0999999998761 
 0.115139539933  0.115139539904 
 0.132571136559  0.132571136522 
 0.152641796718  0.152641796047 
 0.175751062485  0.175751061201 
 0.202358964773  0.202358963807 
 0.232995181052  0.232995161835 
 0.268269579528  0.268269532579 
 0.308884359648  0.308884233381 
 0.355648030622  0.355647667952 
 0.409491506238  0.409490442017 
 0.471486636346  0.471483310377 
 0.542867543932  0.542856387454 
 0.625055192527  0.625014988003 
 0.719685673001  0.719529404681 
 0.828642772855  0.827986842723 
 0.95409547635  0.951131390948 
 1.09854114199  1.08453882487 
 1.26485521686  1.20403899775 
 1.4563484775  1.26777933989 
 1.67683293681  1.67676149337 
 1.93069772888  1.9306394765 
 2.22299648253  2.22292919172 
 2.5595479227  2.55946688464 
 2.94705170255  2.94695356987 
 3.3932217719  3.39310285212 
 3.90693993705  3.90679580272 
 4.49843266897  4.49825795197 
 5.17947467923  5.17926286046 
 5.96362331659  5.96336647462 
 6.86648845004  6.86617695494 
 7.90604321091  7.90566534908 
 9.10298177992  9.10252329388 
 10.4811313415  10.4805748646 
 12.0679264064  12.0672509114 
 13.8949549437  13.8941343039 
 15.9985871961  15.9975899845 
 18.4206996933  18.4194872727 
 21.2095088792  21.2080343268 
 24.4205309455  24.4187352751 
 28.1176869797  28.1154997815 
 32.3745754282  32.3719079721 
 37.2759372031  37.2726803961 
 42.9193426013  42.9153610381 
 49.4171336132  49.4122585761 
 56.8986602902  56.8926806172 
 65.512855686  65.5055046345 
 75.4312006335  75.4221444434 
 86.8511373751  86.8399469085 
 100.0  99.9861260956 
1599858.71961 50 
 0.1  0.100000000069 
 0.115139539933  0.115139539702 
 0.132571136559  0.132571136482 
 0.152641796718  0.152641796338 
 0.175751062485  0.175751060241 
 0.202358964773  0.20235896303 
 0.232995181052  0.232995160394 
 0.268269579528  0.26826952953 
 0.308884359648  0.308884229818 
 0.355648030622  0.355647670519 
 0.409491506238  0.409490437097 
 0.471486636346  0.471483305282 
 0.542867543932  0.542856381879 
 0.625055192527  0.625014970618 
 0.719685673001  0.719529388593 
 0.828642772855  0.827986833293 
 0.95409547635  0.95113137528 
 1.09854114199  1.08454067611 
 1.26485521686  1.20405870587 
 1.4563484775  1.26674294613 
 1.67683293681  1.67681227574 
 1.93069772888  1.93067746769 
 2.22299648253  2.22297261517 
 2.5595479227  2.55951910763 
 2.94705170255  2.94701679889 
 3.3932217719  3.39317947338 
 3.90693993705  3.90688866981 
 4.49843266897  4.49837052366 
 5.17947467923  5.17939933698 
 5.96362331659  5.96353195987 
 6.86648845004  6.86637765371 
 7.90604321091  7.90590880883 
 9.10298177992  9.10281870139 
 10.4811313415  10.4809334102 
 12.0679264064  12.0676860908 
 13.8949549437  13.8946630513 
 15.9985871961  15.9982324937 
 18.4206996933  18.4202684359 
 21.2095088792  21.208984222 
 24.4205309455  24.4198922073 
 28.1176869797  28.1169087175 
 32.3745754282  32.3736262645 
 37.2759372031  37.2747783084 
 42.9193426013  42.9179257736 
 49.4171336132  49.4153987991 
 56.8986602902  56.8965336555 
 65.512855686  65.5102417439 
 75.4312006335  75.4279798742 
 86.8511373751  86.847156437 
 100.0  99.9950658575 
2682695.79528 50 
 0.1  0.0999999999107 
 0.115139539933  0.115139539554 
 0.132571136559  0.132571136282 
 0.152641796718  0.152641795931 
 0.175751062485  0.175751061637 
 0.202358964773  0.202358961683 
 0.232995181052  0.232995178725 
 0.268269579528  0.268269525624 
 0.308884359648  0.308884227579 
 0.355648030622  0.355647671597 
 0.409491506238  0.409490445642 
 0.471486636346  0.471483315023 
 0.542867543932  0.542856390016 
 0.625055192527  0.625014975551 
 0.719685673001  0.719529380065 
 0.828642772855  0.827986845339 
 0.95409547635  0.951131520512 
 1.09854114199  1.08454359894 
 1.26485521686  1.20407395626 
 1.4563484775  1.45632615814 
 1.67683293681  1.67682632752 
 1.93069772888  1.93069061723 
 2.22299648253  2.22298800784 
 2.5595479227  2.55953767575 
 2.94705170255  2.94703928787 
 3.3932217719  3.39320672609 
 3.90693993705  3.90692170048 
 4.49843266897  4.49841056267 
 5.17947467923  5.17944787829 
 5.96362331659  5.96359081869 
 6.86648845004  6.86644903676 
 7.90604321091  7.90599540028 
 9.10298177992  9.1029237683 
 10.4811313415  10.4810609316 
 12.0679264064  12.067840919 
 13.8949549437  13.894851109 
 15.9985871961  15.9984610186 
 18.4206996933  18.4205462846 
 21.2095088792  21.2093222487 
 24.4205309455  24.420303738 
 28.1176869797  28.117410387 
 32.3745754282  32.3742377911 
 37.2759372031  37.275524949 
 42.9193426013  42.9188385791 
 49.4171336132  49.4165164542 
 56.8986602902  56.8979032552 
 65.512855686  65.5119251511 
 75.4312006335  75.4300540603 
 86.8511373751  86.8497205433 
 100.0  99.9982453212 
4498432.66897 50 
 0.1  0.100000000013 
 0.115139539933  0.115139539838 
 0.132571136559  0.132571136526 
 0.152641796718  0.152641796582 
 0.175751062485  0.175751062353 
 0.202358964773  0.202358963025 
 0.232995181052  0.232995164449 
 0.268269579528  0.26826952858 
 0.308884359648  0.308884231344 
 0.355648030622  0.355647673499 
 0.409491506238  0.409490452331 
 0.471486636346  0.471483308047 
 0.542867543932  0.542856386266 
 0.625055192527  0.625014992019 
 0.719685673001  0.719529388924 
 0.828642772855  0.827986847008 
 0.95409547635  0.951131861085 
 1.09854114199  1.08454783822 
 1.26485521686  1.20404952073 
 1.4563484775  1.45634528198 
 1.67683293681  1.67683071644 
 1.93069772888  1.93069521923 
 2.22299648253  2.22299347276 
 2.5595479227  2.55954428401 
 2.94705170255  2.947047295 
 3.3932217719  3.39321643151 
 3.90693993705  3.90693346578 
 4.49843266897  4.49842480635 
 5.17947467923  5.17946514631 
 5.96362331659  5.96361175655 
 6.86648845004  6.86647442901 
 7.90604321091  7.90602620102 
 9.10298177992  9.10296114002 
 10.4811313415  10.48110629 
 12.0679264064  12.0678959898 
 13.8949549437  13.8949179986 
 15.9985871961  15.9985423009 
 18.4206996933  18.4206451089 
 21.2095088792  21.2094424743 
 24.4205309455  24.4204501025 
 28.1176869797  28.1175884777 
 32.3745754282  32.374455294 
 37.2759372031  37.2757905579 
 42.9193426013  42.9191632733 
 49.4171336132  49.4169140402 
 56.8986602902  56.8983910305 
 65.512855686  65.5125246252 
 75.4312006335  75.4307926913 
 86.8511373751  86.8506332519 
 100.0  99.9993749336 
7543120.06335 50 
 0.1  0.0999999999309 
 0.115139539933  0.115139539811 
 0.132571136559  0.132571135765 
 0.152641796718  0.152641794949 
 0.175751062485  0.175751058736 
 0.202358964773  0.202358955492 
 0.232995181052  0.232995161217 
 0.268269579528  0.268269565157 
 0.308884359648  0.308884227928 
 0.355648030622  0.355647671634 
 0.409491506238  0.409490450234 
 0.471486636346  0.471483304129 
 0.542867543932  0.542856384179 
 0.625055192527  0.625014982738 
 0.719685673001  0.719529376307 
 0.828642772855  0.82798686328 
 0.95409547635  0.951132233383 
 1.09854114199  1.08455328861 
 1.26485521686  1.2038053062 
 1.4563484775  1.45634764172 
 1.67683293681  1.67683217324 
 1.93069772888  1.93069684043 
 2.22299648253  2.22299541318 
 2.5595479227  2.55954662875 
 2.94705170255  2.94705013503 
 3.3932217719  3.3932198726 
 3.90693993705  3.90693763556 
 4.49843266897  4.49842987984 
 5.17947467923  5.17947128887 
 5.96362331659  5.96361921901 
 6.86648845004  6.86648348244 
 7.90604321091  7.90603716137 
 9.10298177992  9.10297443881 
 10.4811313415  10.4811224304 
 12.0679264064  12.0679155855 
 13.8949549437  13.8949417985 
 15.9985871961  15.9985712194 
 18.4206996933  18.4206802651 
 21.2095088792  21.2094852429 
 24.4205309455  24.420502169 
 28.1176869797  28.1176519164 
 32.3745754282  32.3745326636 
 37.2759372031  37.275884988 
 42.9193426013  42.9192787651 
 49.4171336132  49.4170554512 
 56.8986602902  56.8985644156 
 65.512855686  65.5127378385 
 75.4312006335  75.4310554228 
 86.8511373751  86.8509579366 
 100.0  99.9997775289 
12648552.1686 50 
 0.1  0.0999999999577 
 0.115139539933  0.115139539705 
 0.132571136559  0.132571136573 
 0.152641796718  0.152641795192 
 0.175751062485  0.175751058489 
 0.202358964773  0.202358956868 
 0.232995181052  0.232995161313 
 0.268269579528  0.268269526307 
 0.308884359648  0.308884336918 
 0.355648030622  0.355647667328 
 0.409491506238  0.409490454053 
 0.471486636346  0.471483307404 
 0.542867543932  0.54285639038 
 0.625055192527  0.625014968379 
 0.719685673001  0.719529381928 
 0.828642772855  0.827986893431 
 0.95409547635  0.951132942391 
 1.09854114199  1.08455864406 
 1.26485521686  1.26485311004 
 1.4563484775  1.45634821968 
 1.67683293681  1.67683267047 
 1.93069772888  1.93069741375 
 2.22299648253  2.22299610243 
 2.5595479227  2.55954746254 
 2.94705170255  2.94705114507 
 3.3932217719  3.39322109641 
 3.90693993705  3.90693911853 
 4.49843266897  4.49843167702 
 5.17947467923  5.17947347699 
 5.96362331659  5.9636218593 
 6.86648845004  6.86648668332 
 7.90604321091  7.9060410687 
 9.10298177992  9.10297917952 
 10.4811313415  10.48112819 
 12.0679264064  12.0679225825 
 13.8949549437  13.8949503024 
 15.9985871961  15.9985815607 
 18.4206996933  18.420692848 
 21.2095088792  21.2095004712 
 24.4205309455  24.4205207066 
 28.1176869797  28.1176745007 
 32.3745754282  32.3745602037 
 37.2759372031  37.2759186075 
 42.9193426013  42.9193198611 
 49.4171336132  49.4171057679 
 56.8986602902  56.8986261327 
 65.512855686  65.5128136984 
 75.4312006335  75.4311488958 
 86.8511373751  86.851073443 
 100.0  99.9999207391 
21209508.8792 50 
 0.1  0.0999999999275 
 0.115139539933  0.115139539677 
 0.132571136559  0.132571136213 
 0.152641796718  0.152641796239 
 0.175751062485  0.175751058529 
 0.202358964773  0.202358956109 
 0.232995181052  0.232995161641 
 0.268269579528  0.268269533308 
 0.308884359648  0.308884227893 
 0.355648030622  0.35564767694 
 0.409491506238  0.409490453549 
 0.471486636346  0.471483319739 
 0.542867543932  0.542856392609 
 0.625055192527  0.625014971201 
 0.719685673001  0.719529397063 
 0.828642772855  0.827986951886 
 0.95409547635  0.951133779089 
 1.09854114199  1.08455860239 
 1.26485521686  1.26485507306 
 1.4563484775  1.45634839294 
 1.67683293681  1.67683284316 
 1.93069772888  1.93069761695 
 2.22299648253  2.22299634739 
 2.5595479227  2.55954775905 
 2.94705170255  2.94705150428 
 3.3932217719  3.39322153166 
 3.90693993705  3.90693964595 
 4.49843266897  4.49843231619 
 5.17947467923  5.17947425166 
 5.96362331659  5.96362279831 
 6.86648845004  6.86648782171 
 7.90604321091  7.90604244904 
 9.10298177992  9.10298085594 
 10.4811313415  10.4811302207 
 12.0679264064  12.0679250464 
 13.8949549437  13.8949532931 
 15.9985871961  15.9985851918 
 18.4206996933  18.4206972588 
 21.2095088792  21.2095059206 
 24.4205309455  24.4205273478 
 28.1176869797  28.117682602 
 32.3745754282  32.3745700972 
 37.2759372031  37.2759307052 
 42.9193426013  42.9193345124 
 49.4171336132  49.4171237042 
 56.8986602902  56.8986481291 
 65.512855686  65.5128407289 
 75.4312006335  75.4311821913 
 86.8511373751  86.8511145689 
 100.0  99.9999717206 
35564803.0622 50 
 0.1  0.0999999998821 
 0.115139539933  0.115139539798 
 0.132571136559  0.132571136086 
 0.152641796718  0.152641796428 
 0.175751062485  0.175751058462 
 0.202358964773  0.202358956314 
 0.232995181052  0.232995159581 
 0.268269579528  0.268269528556 
 0.308884359648  0.308884224554 
 0.355648030622  0.355647671019 
 0.409491506238  0.409490452292 
 0.471486636346  0.471483318691 
 0.542867543932  0.542856393524 
 0.625055192527  0.625014983578 
 0.719685673001  0.719529390732 
 0.828642772855  0.827987047761 
 0.95409547635  0.951134927833 
 1.09854114199  1.08452719491 
 1.26485521686  1.26485518308 
 1.4563484775  1.45634844874 
 1.67683293681  1.67683290372 
 1.93069772888  1.93069768914 
 2.22299648253  2.22299643448 
 2.5595479227  2.5595478645 
 2.94705170255  2.94705163204 
 3.3932217719  3.39322168646 
 3.90693993705  3.90693983352 
 4.49843266897  4.4984325435 
 5.17947467923  5.17947452717 
 5.96362331659  5.96362313227 
 6.86648845004  6.86648822658 
 7.90604321091  7.90604293995 
 9.10298177992  9.10298145131 
 10.4811313415  10.4811309429 
 12.0679264064  12.0679259227 
 13.8949549437  13.8949543567 
 15.9985871961  15.9985864833 
 18.4206996933  18.4206988274 
 21.2095088792  21.209507827 
 24.4205309455  24.420529666 
 28.1176869797  28.1176854228 
 32.3745754282  32.3745735322 
 37.2759372031  37.2759348922 
 42.9193426013  42.9193397813 
 49.4171336132  49.4171301678 
 56.8986602902  56.8986559651 
 65.512855686  65.5128505177 
 75.4312006335  75.4311942845 
 86.8511373751  86.8511292641 
 100.0  99.9999899353 
59636233.1659 50 
 0.1  0.0999999999434 
 0.115139539933  0.115139539881 
 0.132571136559  0.132571135765 
 0.152641796718  0.152641795219 
 0.175751062485  0.175751058702 
 0.202358964773  0.202358954428 
 0.232995181052  0.232995161092 
 0.268269579528  0.268269534948 
 0.308884359648  0.308884321939 
 0.355648030622  0.355647678194 
 0.409491506238  0.409490453205 
 0.471486636346  0.471483316998 
 0.542867543932  0.542856390152 
 0.625055192527  0.625014975186 
 0.719685673001  0.719529397682 
 0.828642772855  0.827987180739 
 0.95409547635  0.951136189419 
 1.09854114199  1.09854095938 
 1.26485521686  1.26485520694 
 1.4563484775  1.45634846753 
 1.67683293681  1.67683292506 
 1.93069772888  1.93069771476 
 2.22299648253  2.22299646544 
 2.5595479227  2.559547902 
 2.94705170255  2.94705167747 
 3.3932217719  3.39322174151 
 3.90693993705  3.90693990023 
 4.49843266897  4.49843262435 
 5.17947467923  5.17947462515 
 5.96362331659  5.96362325104 
 6.86648845004  6.86648837057 
 7.90604321091  7.90604311454 
 9.10298177992  9.10298166305 
 10.4811313415  10.4811311998 
 12.0679264064  12.0679262344 
 13.8949549437  13.8949547349 
 15.9985871961  15.9985869426 
 18.4206996933  18.4206993853 
 21.2095088792  21.209508505 
 24.4205309455  24.4205304904 
 28.1176869797  28.117686426 
 32.3745754282  32.3745747539 
 37.2759372031  37.2759363812 
 42.9193426013  42.9193415984 
 49.4171336132  49.4171323879 
 56.8986602902  56.8986587908 
 65.512855686  65.5128538479 
 75.4312006335  75.4311983755 
 86.8511373751  86.8511345943 
 100.0  99.9999965652 
100000000.0 50 
 0.1  0.0999999999812 
 0.115139539933  0.115139539831 
 0.132571136559  0.132571136349 
 0.152641796718  0.152641795062 
 0.175751062485  0.175751058901 
 0.202358964773  0.202358955949 
 0.232995181052  0.232995161658 
 0.268269579528  0.268269536396 
 0.308884359648  0.308884228422 
 0.355648030622  0.355647680657 
 0.409491506238  0.409490459564 
 0.471486636346  0.471483322193 
 0.542867543932  0.542856386868 
 0.625055192527  0.625014982044 
 0.719685673001  0.719529419927 
 0.828642772855  0.827987380186 
 0.95409547635  0.951136669364 
 1.09854114199  1.0985411333 
 1.26485521686  1.26485521366 
 1.4563484775  1.45634847401 
 1.67683293681  1.67683293265 
 1.93069772888  1.93069772386 
 2.22299648253  2.22299647645 
 2.5595479227  2.55954791534 
 2.94705170255  2.94705169363 
 3.3932217719  3.39322176109 
 3.90693993705  3.90693992396 
 4.49843266897  4.4984326531 
 5.17947467923  5.17947466 
 5.96362331659  5.96362329328 
 6.86648845004  6.86648842178 
 7.90604321091  7.90604317664 
 9.10298177992  9.10298173835 
 10.4811313415  10.4811312911 
 12.0679264064  12.0679263452 
 13.8949549437  13.8949548695 
 15.9985871961  15.9985871059 
 18.4206996933  18.4206995838 
 21.2095088792  21.2095087461 
 24.4205309455  24.4205307836 
 28.1176869797  28.1176867828 
 32.3745754282  32.3745751884 
 37.2759372031  37.2759369108 
 42.9193426013  42.9193422446 
 49.4171336132  49.4171331774 
 56.8986602902  56.8986597569 
 65.512855686  65.5128550322 
 75.4312006335  75.4311998305 
 86.8511373751  86.8511363861 
 100.0  99.9999987784 
