0.001 50 
 0.1  0.1 
 0.115139539933  0.115139539933 
 0.132571136559  0.132571136559 
 0.152641796718  0.152641796718 
 0.175751062485  0.175751062485 
 0.202358964773  0.202358964773 
 0.232995181052  0.232995181052 
 0.268269579528  0.268269579528 
 0.308884359648  0.308884359648 
 0.355648030622  0.355648030622 
 0.409491506238  0.409491506238 
 0.471486636346  0.471486636346 
 0.542867543932  0.542867543932 
 0.625055192527  0.625055192527 
 0.719685673001  0.719685673001 
 0.828642772855  0.828642772854 
 0.95409547635  0.954095476336 
 1.09854114199  1.09854114179 
 1.26485521686  1.26485521451 
 1.4563484775  1.45634845345 
 1.67683293681  1.67683271527 
 1.93069772888  1.93069576694 
 2.22299648253  2.22297874912 
 2.5595479227  2.55937686037 
 2.94705170255  2.945239827 
 3.3932217719  3.37252735316 
 3.90693993705  3.72222617722 
 4.49843266897  3.8217083567 
 5.17947467923  3.83068545492 
 5.96362331659  3.83123333192 
 6.86648845004  3.8312720852 
 7.90604321091  3.83126587288 
 9.10298177992  3.83126485969 
 10.4811313415  3.83126902793 
 12.0679264064  3.83126520259 
 13.8949549437  3.83126463592 
 15.9985871961  3.83126459266 
 18.4206996933  3.83126573784 
 21.2095088792  3.83126622648 
 24.4205309455  3.83127055962 
 28.1176869797  3.83127240267 
 32.3745754282  3.83126446676 
 37.2759372031  3.8312669917 
 42.9193426013  3.83127350768 
 49.4171336132  3.83126631219 
 56.8986602902  3.83126222857 
 65.512855686  3.83126656504 
 75.4312006335  3.83126509287 
 86.8511373751  3.83126700675 
 100.0  3.83126185346 
0.00167683293681 50 
 0.1  0.1 
 0.115139539933  0.115139539933 
 0.132571136559  0.132571136559 
 0.152641796718  0.152641796718 
 0.175751062485  0.175751062485 
 0.202358964773  0.202358964773 
 0.232995181052  0.232995181052 
 0.268269579528  0.268269579528 
 0.308884359648  0.308884359648 
 0.355648030622  0.355648030622 
 0.409491506238  0.409491506238 
 0.471486636346  0.471486636346 
 0.542867543932  0.542867543932 
 0.625055192527  0.625055192527 
 0.719685673001  0.719685673001 
 0.828642772855  0.828642772853 
 0.95409547635  0.954095476327 
 1.09854114199  1.09854114166 
 1.26485521686  1.26485521292 
 1.4563484775  1.45634843713 
 1.67683293681  1.67683256491 
 1.93069772888  1.93069443481 
 2.22299648253  2.22296670325 
 2.5595479227  2.55926068683 
 2.94705170255  2.94401818906 
 3.3932217719  3.35964630224 
 3.90693993705  3.65354101362 
 4.49843266897  3.71839098234 
 5.17947467923  3.72368754869 
 5.96362331659  3.72400943065 
 6.86648845004  3.72403185182 
 7.90604321091  3.72402657454 
 9.10298177992  3.72402706449 
 10.4811313415  3.72402751921 
 12.0679264064  3.72403154421 
 13.8949549437  3.72402710473 
 15.9985871961  3.72402623478 
 18.4206996933  3.72402645429 
 21.2095088792  3.7240260285 
 24.4205309455  3.724025703 
 28.1176869797  3.72402708933 
 32.3745754282  3.72402758959 
 37.2759372031  3.72402561241 
 42.9193426013  3.72402831953 
 49.4171336132  3.7240257651 
 56.8986602902  3.72402735313 
 65.512855686  3.7240269473 
 75.4312006335  3.72402844805 
 86.8511373751  3.72402636474 
 100.0  3.72401819929 
0.00281176869797 50 
 0.1  0.1 
 0.115139539933  0.115139539933 
 0.132571136559  0.132571136559 
 0.152641796718  0.152641796718 
 0.175751062485  0.175751062485 
 0.202358964773  0.202358964773 
 0.232995181052  0.232995181052 
 0.268269579528  0.268269579528 
 0.308884359648  0.308884359648 
 0.355648030622  0.355648030622 
 0.409491506238  0.409491506238 
 0.471486636346  0.471486636346 
 0.542867543932  0.542867543932 
 0.625055192527  0.625055192527 
 0.719685673001  0.719685673001 
 0.828642772855  0.828642772852 
 0.95409547635  0.954095476311 
 1.09854114199  1.09854114144 
 1.26485521686  1.26485521024 
 1.4563484775  1.45634840969 
 1.67683293681  1.67683231203 
 1.93069772888  1.93069219337 
 2.22299648253  2.22294642588 
 2.5595479227  2.55906517384 
 2.94705170255  2.94197817552 
 3.3932217719  3.33974986182 
 3.90693993705  3.57421618926 
 4.49843266897  3.61492625798 
 5.17947467923  3.61802982289 
 5.96362331659  3.61821853731 
 6.86648845004  3.61823025833 
 7.90604321091  3.61822901171 
 9.10298177992  3.61822880636 
 10.4811313415  3.61822842261 
 12.0679264064  3.61822890857 
 13.8949549437  3.61822863654 
 15.9985871961  3.61822775964 
 18.4206996933  3.61822778521 
 21.2095088792  3.61822924432 
 24.4205309455  3.61822840251 
 28.1176869797  3.61822764352 
 32.3745754282  3.61822871633 
 37.2759372031  3.61822945427 
 42.9193426013  3.6182300096 
 49.4171336132  3.6182282626 
 56.8986602902  3.61822870851 
 65.512855686  3.61822895441 
 75.4312006335  3.61822162618 
 86.8511373751  3.61822306169 
 100.0  3.61822188799 
0.00471486636346 50 
 0.1  0.1 
 0.115139539933  0.115139539933 
 0.132571136559  0.132571136559 
 0.152641796718  0.152641796718 
 0.175751062485  0.175751062485 
 0.202358964773  0.202358964773 
 0.232995181052  0.232995181052 
 0.268269579528  0.268269579528 
 0.308884359648  0.308884359648 
 0.355648030622  0.355648030622 
 0.409491506238  0.409491506238 
 0.471486636346  0.471486636346 
 0.542867543932  0.542867543932 
 0.625055192527  0.625055192527 
 0.719685673001  0.719685673001 
 0.828642772855  0.82864277285 
 0.95409547635  0.954095476284 
 1.09854114199  1.09854114106 
 1.26485521686  1.26485520574 
 1.4563484775  1.45634836349 
 1.67683293681  1.67683188589 
 1.93069772888  1.93068841331 
 2.22299648253  2.22291220362 
 2.5595479227  2.55873534575 
 2.94705170255  2.93858106085 
 3.3932217719  3.31026294253 
 3.90693993705  3.48695637932 
 4.49843266897  3.51175955228 
 5.17947467923  3.51356468678 
 5.96362331659  3.51367396475 
 6.86648845004  3.5136809513 
 7.90604321091  3.51368012587 
 9.10298177992  3.51367915257 
 10.4811313415  3.5136789515 
 12.0679264064  3.5136791971 
 13.8949549437  3.51367952022 
 15.9985871961  3.51367964341 
 18.4206996933  3.51367967329 
 21.2095088792  3.51367897211 
 24.4205309455  3.51368176596 
 28.1176869797  3.51368030882 
 32.3745754282  3.51367964785 
 37.2759372031  3.51367962837 
 42.9193426013  3.51367994172 
 49.4171336132  3.51367912758 
 56.8986602902  3.51367505642 
 65.512855686  3.51367811474 
 75.4312006335  3.51367482177 
 86.8511373751  3.51367764042 
 100.0  3.51367480328 
0.00790604321091 50 
 0.1  0.1 
 0.115139539933  0.115139539933 
 0.132571136559  0.132571136559 
 0.152641796718  0.152641796718 
 0.175751062485  0.175751062485 
 0.202358964773  0.202358964773 
 0.232995181052  0.232995181052 
 0.268269579528  0.268269579528 
 0.308884359648  0.308884359648 
 0.355648030622  0.355648030622 
 0.409491506238  0.409491506238 
 0.471486636346  0.471486636346 
 0.542867543932  0.542867543932 
 0.625055192527  0.625055192527 
 0.719685673001  0.719685673001 
 0.828642772855  0.828642772847 
 0.95409547635  0.954095476239 
 1.09854114199  1.09854114043 
 1.26485521686  1.26485519815 
 1.4563484775  1.45634828546 
 1.67683293681  1.67683116541 
 1.93069772888  1.93068201419 
 2.22299648253  2.22285419913 
 2.5595479227  2.55817673989 
 2.94705170255  2.93295037227 
 3.3932217719  3.26882405297 
 3.90693993705  3.39424319283 
 4.49843266897  3.40898991402 
 5.17947467923  3.41002953408 
 5.96362331659  3.41009155973 
 6.86648845004  3.41009639675 
 7.90604321091  3.41009641593 
 9.10298177992  3.4100958813 
 10.4811313415  3.41009514627 
 12.0679264064  3.41009514281 
 13.8949549437  3.41009535809 
 15.9985871961  3.41009609433 
 18.4206996933  3.4100950681 
 21.2095088792  3.41009520955 
 24.4205309455  3.4100950866 
 28.1176869797  3.41009509584 
 32.3745754282  3.41009602134 
 37.2759372031  3.41009546028 
 42.9193426013  3.41009517375 
 49.4171336132  3.41009525456 
 56.8986602902  3.41009545928 
 65.512855686  3.41009253896 
 75.4312006335  3.41009262318 
 86.8511373751  3.41009255189 
 100.0  3.41009258461 
0.0132571136559 50 
 0.1  0.1 
 0.115139539933  0.115139539933 
 0.132571136559  0.132571136559 
 0.152641796718  0.152641796718 
 0.175751062485  0.175751062485 
 0.202358964773  0.202358964773 
 0.232995181052  0.232995181052 
 0.268269579528  0.268269579528 
 0.308884359648  0.308884359648 
 0.355648030622  0.355648030622 
 0.409491506238  0.409491506238 
 0.471486636346  0.471486636346 
 0.542867543932  0.542867543932 
 0.625055192527  0.625055192527 
 0.719685673001  0.719685673 
 0.828642772855  0.828642772842 
 0.95409547635  0.954095476164 
 1.09854114199  1.09854113937 
 1.26485521686  1.26485518528 
 1.4563484775  1.45634815305 
 1.67683293681  1.67682994063 
 1.93069772888  1.93067111359 
 2.22299648253  2.22275519594 
 2.5595479227  2.55722468172 
 2.94705170255  2.92368967864 
 3.3932217719  3.21403361664 
 3.90693993705  3.29784561909 
 4.49843266897  3.30641784865 
 5.17947467923  3.3070091874 
 5.96362331659  3.30704326304 
 6.86648845004  3.30704521444 
 7.90604321091  3.30704521459 
 9.10298177992  3.30704590223 
 10.4811313415  3.30704569244 
 12.0679264064  3.30704524254 
 13.8949549437  3.30704542546 
 15.9985871961  3.30704578044 
 18.4206996933  3.30704568913 
 21.2095088792  3.30704524256 
 24.4205309455  3.30704555843 
 28.1176869797  3.30704573667 
 32.3745754282  3.30704362101 
 37.2759372031  3.30704527307 
 42.9193426013  3.30704388651 
 49.4171336132  3.30704529268 
 56.8986602902  3.30704350124 
 65.512855686  3.30704524826 
 75.4312006335  3.30704425502 
 86.8511373751  3.30704500963 
 100.0  3.30704365449 
0.0222299648253 50 
 0.1  0.1 
 0.115139539933  0.115139539933 
 0.132571136559  0.132571136559 
 0.152641796718  0.152641796718 
 0.175751062485  0.175751062485 
 0.202358964773  0.202358964773 
 0.232995181052  0.232995181052 
 0.268269579528  0.268269579528 
 0.308884359648  0.308884359648 
 0.355648030622  0.355648030622 
 0.409491506238  0.409491506238 
 0.471486636346  0.471486636346 
 0.542867543932  0.542867543932 
 0.625055192527  0.625055192527 
 0.719685673001  0.719685673 
 0.828642772855  0.828642772834 
 0.95409547635  0.954095476035 
 1.09854114199  1.09854113755 
 1.26485521686  1.26485516333 
 1.4563484775  1.45634792664 
 1.67683293681  1.67682784008 
 1.93069772888  1.9306523563 
 2.22299648253  2.22258430517 
 2.5595479227  2.55558599923 
 2.94705170255  2.90865253111 
 3.3932217719  3.1458958977 
 3.90693993705  3.19869177533 
 4.49843266897  3.20355350856 
 5.17947467923  3.20388236295 
 5.96362331659  3.20390121348 
 6.86648845004  3.20390228419 
 7.90604321091  3.20390246294 
 9.10298177992  3.20390234765 
 10.4811313415  3.20390231067 
 12.0679264064  3.20390295848 
 13.8949549437  3.20390234861 
 15.9985871961  3.2039026145 
 18.4206996933  3.20390262535 
 21.2095088792  3.20390147652 
 24.4205309455  3.20390154993 
 28.1176869797  3.20390255401 
 32.3745754282  3.20390255943 
 37.2759372031  3.20390151809 
 42.9193426013  3.20390148817 
 49.4171336132  3.20390150295 
 56.8986602902  3.20390157221 
 65.512855686  3.20390139247 
 75.4312006335  3.20390247498 
 86.8511373751  3.20390142901 
 100.0  3.2039004929 
0.0372759372031 50 
 0.1  0.1 
 0.115139539933  0.115139539933 
 0.132571136559  0.132571136559 
 0.152641796718  0.152641796718 
 0.175751062485  0.175751062485 
 0.202358964773  0.202358964773 
 0.232995181052  0.232995181052 
 0.268269579528  0.268269579528 
 0.308884359648  0.308884359648 
 0.355648030622  0.355648030622 
 0.409491506238  0.409491506238 
 0.471486636346  0.471486636346 
 0.542867543932  0.542867543932 
 0.625055192527  0.625055192527 
 0.719685673001  0.719685672999 
 0.828642772855  0.828642772819 
 0.95409547635  0.954095475814 
 1.09854114199  1.09854113443 
 1.26485521686  1.26485512548 
 1.4563484775  1.45634753462 
 1.67683293681  1.67682418623 
 1.93069772888  1.93061955785 
 2.22299648253  2.22228408859 
 2.5595479227  2.55272407051 
 2.94705170255  2.88473837837 
 3.3932217719  3.0655525449 
 3.90693993705  3.09693314253 
 4.49843266897  3.09960672408 
 5.17947467923  3.09978432085 
 5.96362331659  3.09979422912 
 6.86648845004  3.09979494249 
 7.90604321091  3.09979491651 
 9.10298177992  3.09979488786 
 10.4811313415  3.09979485719 
 12.0679264064  3.0997949212 
 13.8949549437  3.09979455298 
 15.9985871961  3.09979423586 
 18.4206996933  3.09979448412 
 21.2095088792  3.09979449904 
 24.4205309455  3.09979456829 
 28.1176869797  3.09979452878 
 32.3745754282  3.09979453689 
 37.2759372031  3.09979466044 
 42.9193426013  3.09979417583 
 49.4171336132  3.09979457158 
 56.8986602902  3.09979389472 
 65.512855686  3.0997937306 
 75.4312006335  3.09979361379 
 86.8511373751  3.09979376356 
 100.0  3.09979405023 
0.0625055192527 50 
 0.1  0.1 
 0.115139539933  0.115139539933 
 0.132571136559  0.132571136559 
 0.152641796718  0.152641796718 
 0.175751062485  0.175751062485 
 0.202358964773  0.202358964773 
 0.232995181052  0.232995181052 
 0.268269579528  0.268269579528 
 0.308884359648  0.308884359648 
 0.355648030622  0.355648030622 
 0.409491506238  0.409491506238 
 0.471486636346  0.471486636346 
 0.542867543932  0.542867543932 
 0.625055192527  0.625055192527 
 0.719685673001  0.719685672997 
 0.828642772855  0.828642772794 
 0.95409547635  0.95409547543 
 1.09854114199  1.09854112898 
 1.26485521686  1.26485505908 
 1.4563484775  1.45634684254 
 1.67683293681  1.67681768937 
 1.93069772888  1.93056078021 
 2.22299648253  2.22174254628 
 2.5595479227  2.54762621574 
 2.94705170255  2.84793226072 
 3.3932217719  2.97452614467 
 3.90693993705  2.99209611913 
 4.49843266897  2.99350881074 
 5.17947467923  2.99360064618 
 5.96362331659  2.99360561929 
 6.86648845004  2.99360609542 
 7.90604321091  2.9936059592 
 9.10298177992  2.99360603117 
 10.4811313415  2.99360599213 
 12.0679264064  2.99360595033 
 13.8949549437  2.99360577595 
 15.9985871961  2.99360581559 
 18.4206996933  2.99360589401 
 21.2095088792  2.99360561662 
 24.4205309455  2.99360597065 
 28.1176869797  2.99360583773 
 32.3745754282  2.99360597356 
 37.2759372031  2.99360556517 
 42.9193426013  2.9936056087 
 49.4171336132  2.99360556608 
 56.8986602902  2.99360550358 
 65.512855686  2.9936054053 
 75.4312006335  2.99360532302 
 86.8511373751  2.9936053428 
 100.0  2.99360548261 
0.104811313415 50 
 0.1  0.1 
 0.115139539933  0.115139539933 
 0.132571136559  0.132571136559 
 0.152641796718  0.152641796718 
 0.175751062485  0.175751062485 
 0.202358964773  0.202358964773 
 0.232995181052  0.232995181052 
 0.268269579528  0.268269579528 
 0.308884359648  0.308884359648 
 0.355648030622  0.355648030622 
 0.409491506238  0.409491506238 
 0.471486636346  0.471486636346 
 0.542867543932  0.542867543932 
 0.625055192527  0.625055192527 
 0.719685673001  0.719685672994 
 0.828642772855  0.828642772749 
 0.95409547635  0.954095474748 
 1.09854114199  1.09854111925 
 1.26485521686  1.26485493945 
 1.4563484775  1.45634558438 
 1.67683293681  1.67680575524 
 1.93069772888  1.93045160854 
 2.22299648253  2.22072870072 
 2.5595479227  2.53834125713 
 2.94705170255  2.79397875143 
 3.3932217719  2.87409498014 
 3.90693993705  2.88331893941 
 4.49843266897  2.88402778278 
 5.17947467923  2.88407298746 
 5.96362331659  2.88407541206 
 6.86648845004  2.88407552793 
 7.90604321091  2.88407547262 
 9.10298177992  2.88407552733 
 10.4811313415  2.88407547254 
 12.0679264064  2.8840755717 
 13.8949549437  2.8840755714 
 15.9985871961  2.88407559745 
 18.4206996933  2.88407552533 
 21.2095088792  2.88407557903 
 24.4205309455  2.88407564165 
 28.1176869797  2.88407551423 
 32.3745754282  2.88407555881 
 37.2759372031  2.88407528794 
 42.9193426013  2.88407542308 
 49.4171336132  2.88407541944 
 56.8986602902  2.88407541004 
 65.512855686  2.88407521013 
 75.4312006335  2.88407524944 
 86.8511373751  2.88407520291 
 100.0  2.8840754098 
0.175751062485 50 
 0.1  0.1 
 0.115139539933  0.115139539933 
 0.132571136559  0.132571136559 
 0.152641796718  0.152641796718 
 0.175751062485  0.175751062485 
 0.202358964773  0.202358964773 
 0.232995181052  0.232995181052 
 0.268269579528  0.268269579528 
 0.308884359648  0.308884359648 
 0.355648030622  0.355648030622 
 0.409491506238  0.409491506238 
 0.471486636346  0.471486636346 
 0.542867543932  0.542867543932 
 0.625055192527  0.625055192526 
 0.719685673001  0.719685672989 
 0.828642772855  0.828642772667 
 0.95409547635  0.954095473498 
 1.09854114199  1.09854110123 
 1.26485521686  1.26485471561 
 1.4563484775  1.45634320006 
 1.67683293681  1.67678282066 
 1.93069772888  1.93023880122 
 2.22299648253  2.2187388344 
 2.5595479227  2.5211702619 
 2.94705170255  2.7199394567 
 3.3932217719  2.76518483702 
 3.90693993705  2.76970029816 
 4.49843266897  2.77003558109 
 5.17947467923  2.77005648991 
 5.96362331659  2.77005772319 
 6.86648845004  2.77005763921 
 7.90604321091  2.77005767135 
 9.10298177992  2.77005786721 
 10.4811313415  2.77005765011 
 12.0679264064  2.77005768439 
 13.8949549437  2.77005775209 
 15.9985871961  2.77005766185 
 18.4206996933  2.77005759135 
 21.2095088792  2.7700576848 
 24.4205309455  2.77005770937 
 28.1176869797  2.77005766427 
 32.3745754282  2.77005760136 
 37.2759372031  2.77005765213 
 42.9193426013  2.77005764637 
 49.4171336132  2.77005758383 
 56.8986602902  2.77005759893 
 65.512855686  2.77005750615 
 75.4312006335  2.77005758551 
 86.8511373751  2.7700575943 
 100.0  2.77005759496 
0.294705170255 50 
 0.1  0.1 
 0.115139539933  0.115139539933 
 0.132571136559  0.132571136559 
 0.152641796718  0.152641796718 
 0.175751062485  0.175751062485 
 0.202358964773  0.202358964773 
 0.232995181052  0.232995181052 
 0.268269579528  0.268269579528 
 0.308884359648  0.308884359648 
 0.355648030622  0.355648030622 
 0.409491506238  0.409491506238 
 0.471486636346  0.471486636346 
 0.542867543932  0.542867543932 
 0.625055192527  0.625055192526 
 0.719685673001  0.719685672994 
 0.828642772855  0.828642772511 
 0.95409547635  0.9540954711 
 1.09854114199  1.09854106625 
 1.26485521686  1.26485427489 
 1.4563484775  1.45633842996 
 1.67683293681  1.6767361508 
 1.93069772888  1.92979883692 
 2.22299648253  2.21462856579 
 2.5595479227  2.48979214534 
 2.94705170255  2.62596287578 
 3.3932217719  2.6486937355 
 3.90693993705  2.65074993638 
 4.49843266897  2.65089861668 
 5.17947467923  2.6509079022 
 5.96362331659  2.6509083256 
 6.86648845004  2.65090839781 
 7.90604321091  2.65090840152 
 9.10298177992  2.65090836812 
 10.4811313415  2.65090825946 
 12.0679264064  2.65090840122 
 13.8949549437  2.65090832592 
 15.9985871961  2.65090826268 
 18.4206996933  2.65090838253 
 21.2095088792  2.65090839688 
 24.4205309455  2.65090832638 
 28.1176869797  2.65090838811 
 32.3745754282  2.6509082827 
 37.2759372031  2.65090829905 
 42.9193426013  2.65090827805 
 49.4171336132  2.65090827854 
 56.8986602902  2.65090838383 
 65.512855686  2.65090837995 
 75.4312006335  2.65090832196 
 86.8511373751  2.65090832277 
 100.0  2.65090837319 
0.494171336132 50 
 0.1  0.1 
 0.115139539933  0.115139539933 
 0.132571136559  0.132571136559 
 0.152641796718  0.152641796718 
 0.175751062485  0.175751062485 
 0.202358964773  0.202358964773 
 0.232995181052  0.232995181052 
 0.268269579528  0.268269579528 
 0.308884359648  0.308884359648 
 0.355648030622  0.355648030622 
 0.409491506238  0.409491506238 
 0.471486636346  0.471486636346 
 0.542867543932  0.542867543932 
 0.625055192527  0.625055192528 
 0.719685673001  0.719685672954 
 0.828642772855  0.828642772198 
 0.95409547635  0.954095466231 
 1.09854114199  1.09854099422 
 1.26485521686  1.26485335207 
 1.4563484775  1.45632826121 
 1.67683293681  1.67663484028 
 1.93069772888  1.92883039664 
 2.22299648253  2.20578986435 
 2.5595479227  2.43608132587 
 2.94705170255  2.5156403441 
 3.3932217719  2.52590146843 
 3.90693993705  2.5267751592 
 4.49843266897  2.52683721887 
 5.17947467923  2.5268411039 
 5.96362331659  2.52684120827 
 6.86648845004  2.5268412176 
 7.90604321091  2.52684122795 
 9.10298177992  2.52684120308 
 10.4811313415  2.52684120285 
 12.0679264064  2.52684114004 
 13.8949549437  2.52684123685 
 15.9985871961  2.52684120259 
 18.4206996933  2.52684112537 
 21.2095088792  2.52684115747 
 24.4205309455  2.52684115237 
 28.1176869797  2.52684119498 
 32.3745754282  2.52684119277 
 37.2759372031  2.5268411931 
 42.9193426013  2.52684120862 
 49.4171336132  2.52684123874 
 56.8986602902  2.5268411959 
 65.512855686  2.5268412049 
 75.4312006335  2.52684116487 
 86.8511373751  2.52684118066 
 100.0  2.52684120814 
0.828642772855 50 
 0.1  0.1 
 0.115139539933  0.115139539933 
 0.132571136559  0.132571136559 
 0.152641796718  0.152641796718 
 0.175751062485  0.175751062485 
 0.202358964773  0.202358964773 
 0.232995181052  0.232995181052 
 0.268269579528  0.268269579528 
 0.308884359648  0.308884359648 
 0.355648030622  0.355648030622 
 0.409491506238  0.409491506238 
 0.471486636346  0.471486636346 
 0.542867543932  0.542867543932 
 0.625055192527  0.625055192529 
 0.719685673001  0.719685672907 
 0.828642772855  0.82864277153 
 0.95409547635  0.954095455685 
 1.09854114199  1.09854083575 
 1.26485521686  1.26485128793 
 1.4563484775  1.45630511201 
 1.67683293681  1.67640037959 
 1.93069772888  1.92657662825 
 2.22299648253  2.18671028365 
 2.5595479227  2.35513978745 
 2.94705170255  2.39440535892 
 3.3932217719  2.39864973295 
 3.90693993705  2.39899913629 
 4.49843266897  2.39902364268 
 5.17947467923  2.39902511865 
 5.96362331659  2.39902520006 
 6.86648845004  2.39902520963 
 7.90604321091  2.39902521944 
 9.10298177992  2.39902518743 
 10.4811313415  2.39902519938 
 12.0679264064  2.39902519513 
 13.8949549437  2.39902518615 
 15.9985871961  2.39902518355 
 18.4206996933  2.39902520989 
 21.2095088792  2.39902520893 
 24.4205309455  2.39902516493 
 28.1176869797  2.39902513565 
 32.3745754282  2.39902518243 
 37.2759372031  2.39902514983 
 42.9193426013  2.39902515867 
 49.4171336132  2.39902512119 
 56.8986602902  2.39902511897 
 65.512855686  2.39902510013 
 75.4312006335  2.39902513436 
 86.8511373751  2.3990251206 
 100.0  2.3990251984 
1.38949549437 50 
 0.1  0.1 
 0.115139539933  0.115139539933 
 0.132571136559  0.132571136559 
 0.152641796718  0.152641796718 
 0.175751062485  0.175751062485 
 0.202358964773  0.202358964773 
 0.232995181052  0.232995181052 
 0.268269579528  0.268269579528 
 0.308884359648  0.308884359648 
 0.355648030622  0.355648030622 
 0.409491506238  0.409491506238 
 0.471486636346  0.471486636345 
 0.542867543932  0.542867543932 
 0.625055192527  0.625055192509 
 0.719685673001  0.719685672801 
 0.828642772855  0.828642770003 
 0.95409547635  0.954095431256 
 1.09854114199  1.09854046443 
 1.26485521686  1.26484637449 
 1.4563484775  1.45624917265 
 1.67683293681  1.67582723895 
 1.93069772888  1.92114643785 
 2.22299648253  2.14818304816 
 2.5595479227  2.25075703096 
 2.94705170255  2.26755489689 
 3.3932217719  2.26919935607 
 3.90693993705  2.26933238937 
 4.49843266897  2.26934166274 
 5.17947467923  2.26934221802 
 5.96362331659  2.26934222148 
 6.86648845004  2.2693422417 
 7.90604321091  2.26934223397 
 9.10298177992  2.2693422366 
 10.4811313415  2.26934220301 
 12.0679264064  2.26934218271 
 13.8949549437  2.26934217657 
 15.9985871961  2.26934217994 
 18.4206996933  2.26934224449 
 21.2095088792  2.26934216072 
 24.4205309455  2.26934224133 
 28.1176869797  2.26934221153 
 32.3745754282  2.26934218792 
 37.2759372031  2.26934218767 
 42.9193426013  2.26934222447 
 49.4171336132  2.26934218603 
 56.8986602902  2.26934216592 
 65.512855686  2.26934218337 
 75.4312006335  2.26934223066 
 86.8511373751  2.26934224303 
 100.0  2.2693422195 
2.32995181052 50 
 0.1  0.1 
 0.115139539933  0.115139539933 
 0.132571136559  0.132571136559 
 0.152641796718  0.152641796718 
 0.175751062485  0.175751062485 
 0.202358964773  0.202358964773 
 0.232995181052  0.232995181052 
 0.268269579528  0.268269579528 
 0.308884359648  0.308884359648 
 0.355648030622  0.355648030622 
 0.409491506238  0.409491506238 
 0.471486636346  0.471486636347 
 0.542867543932  0.54286754393 
 0.625055192527  0.625055192487 
 0.719685673001  0.719685672545 
 0.828642772855  0.828642766268 
 0.95409547635  0.954095371613 
 1.09854114199  1.09853954455 
 1.26485521686  1.26483405725 
 1.4563484775  1.45610740225 
 1.67683293681  1.67437113064 
 1.93069772888  1.9081397983 
 2.22299648253  2.08171718689 
 2.5595479227  2.13278421706 
 2.94705170255  2.13930236365 
 3.3932217719  2.13991117281 
 3.90693993705  2.13996000881 
 4.49843266897  2.13996343575 
 5.17947467923  2.13996365164 
 5.96362331659  2.13996365959 
 6.86648845004  2.13996363342 
 7.90604321091  2.13996366381 
 9.10298177992  2.13996364644 
 10.4811313415  2.13996358698 
 12.0679264064  2.13996360158 
 13.8949549437  2.13996361465 
 15.9985871961  2.13996359304 
 18.4206996933  2.13996358873 
 21.2095088792  2.13996361334 
 24.4205309455  2.13996359346 
 28.1176869797  2.13996358086 
 32.3745754282  2.1399636052 
 37.2759372031  2.13996360909 
 42.9193426013  2.13996359991 
 49.4171336132  2.13996358832 
 56.8986602902  2.13996359761 
 65.512855686  2.13996359512 
 75.4312006335  2.13996358995 
 86.8511373751  2.13996358674 
 100.0  2.13996358965 
3.90693993705 50 
 0.1  0.1 
 0.115139539933  0.115139539933 
 0.132571136559  0.132571136559 
 0.152641796718  0.152641796718 
 0.175751062485  0.175751062485 
 0.202358964773  0.202358964773 
 0.232995181052  0.232995181052 
 0.268269579528  0.268269579528 
 0.308884359648  0.308884359648 
 0.355648030622  0.355648030623 
 0.409491506238  0.409491506238 
 0.471486636346  0.471486636349 
 0.542867543932  0.542867543925 
 0.625055192527  0.62505519243 
 0.719685673001  0.719685671878 
 0.828642772855  0.828642756887 
 0.95409547635  0.954095218714 
 1.09854114199  1.09853716836 
 1.26485521686  1.2648019744 
 1.4563484775  1.45573606713 
 1.67683293681  1.67061483263 
 1.93069772888  1.87927960167 
 2.22299648253  1.98889673089 
 2.5595479227  2.01036697276 
 2.94705170255  2.01275769472 
 3.3932217719  2.01297694022 
 3.90693993705  2.01299451045 
 4.49843266897  2.01299575884 
 5.17947467923  2.0129958047 
 5.96362331659  2.01299581446 
 6.86648845004  2.01299579901 
 7.90604321091  2.01299578717 
 9.10298177992  2.01299578158 
 10.4811313415  2.01299579501 
 12.0679264064  2.01299578166 
 13.8949549437  2.01299578171 
 15.9985871961  2.01299579023 
 18.4206996933  2.01299579746 
 21.2095088792  2.01299578257 
 24.4205309455  2.0129957905 
 28.1176869797  2.0129957998 
 32.3745754282  2.01299579372 
 37.2759372031  2.01299579688 
 42.9193426013  2.01299579962 
 49.4171336132  2.01299578018 
 56.8986602902  2.01299581581 
 65.512855686  2.0129957809 
 75.4312006335  2.01299577088 
 86.8511373751  2.01299579196 
 100.0  2.01299581468 
6.5512855686 50 
 0.1  0.1 
 0.115139539933  0.115139539933 
 0.132571136559  0.132571136559 
 0.152641796718  0.152641796718 
 0.175751062485  0.175751062485 
 0.202358964773  0.202358964773 
 0.232995181052  0.232995181052 
 0.268269579528  0.268269579528 
 0.308884359648  0.308884359648 
 0.355648030622  0.355648030623 
 0.409491506238  0.409491506238 
 0.471486636346  0.47148663635 
 0.542867543932  0.542867543942 
 0.625055192527  0.625055192281 
 0.719685673001  0.719685670205 
 0.828642772855  0.828642732131 
 0.95409547635  0.954094814561 
 1.09854114199  1.09853085463 
 1.26485521686  1.26471633005 
 1.4563484775  1.45474713729 
 1.67683293681  1.66113685267 
 1.93069772888  1.82543972087 
 2.22299648253  1.88126344722 
 2.5595479227  1.88940516883 
 2.94705170255  1.89026087984 
 3.3932217719  1.89033923665 
 3.90693993705  1.89034558218 
 4.49843266897  1.89034602031 
 5.17947467923  1.89034604929 
 5.96362331659  1.89034605264 
 6.86648845004  1.89034604639 
 7.90604321091  1.89034601793 
 9.10298177992  1.89034602226 
 10.4811313415  1.89034605633 
 12.0679264064  1.89034602958 
 13.8949549437  1.89034601734 
 15.9985871961  1.89034601122 
 18.4206996933  1.89034604733 
 21.2095088792  1.89034601122 
 24.4205309455  1.89034603638 
 28.1176869797  1.89034600218 
 32.3745754282  1.89034605506 
 37.2759372031  1.89034604653 
 42.9193426013  1.89034605306 
 49.4171336132  1.89034605159 
 56.8986602902  1.89034602951 
 65.512855686  1.89034602754 
 75.4312006335  1.89034605293 
 86.8511373751  1.89034602911 
 100.0  1.89034602791 
10.9854114199 50 
 0.1  0.1 
 0.115139539933  0.115139539933 
 0.132571136559  0.132571136559 
 0.152641796718  0.152641796718 
 0.175751062485  0.175751062486 
 0.202358964773  0.202358964773 
 0.232995181052  0.232995181052 
 0.268269579528  0.268269579528 
 0.308884359648  0.308884359649 
 0.355648030622  0.355648030623 
 0.409491506238  0.409491506244 
 0.471486636346  0.471486636346 
 0.542867543932  0.542867543853 
 0.625055192527  0.625055191878 
 0.719685673001  0.719685665673 
 0.828642772855  0.828642665681 
 0.95409547635  0.954093727361 
 1.09854114199  1.09851382661 
 1.26485521686  1.26448536843 
 1.4563484775  1.45212779153 
 1.67683293681  1.63925644388 
 1.93069772888  1.7466737421 
 2.22299648253  1.7705175198 
 2.5595479227  1.77349053443 
 2.94705170255  1.77379960752 
 3.3932217719  1.77382836507 
 3.90693993705  1.7738307537 
 4.49843266897  1.77383093778 
 5.17947467923  1.77383094445 
 5.96362331659  1.77383094331 
 6.86648845004  1.77383094878 
 7.90604321091  1.77383092754 
 9.10298177992  1.77383092126 
 10.4811313415  1.77383093593 
 12.0679264064  1.77383092716 
 13.8949549437  1.77383092308 
 15.9985871961  1.77383093596 
 18.4206996933  1.77383091051 
 21.2095088792  1.7738309457 
 24.4205309455  1.77383091394 
 28.1176869797  1.77383094164 
 32.3745754282  1.77383092953 
 37.2759372031  1.77383091053 
 42.9193426013  1.77383091352 
 49.4171336132  1.77383091374 
 56.8986602902  1.77383092346 
 65.512855686  1.7738309136 
 75.4312006335  1.77383092309 
 86.8511373751  1.77383092279 
 100.0  1.77383091591 
18.4206996933 50 
 0.1  0.1 
 0.115139539933  0.115139539933 
 0.132571136559  0.132571136559 
 0.152641796718  0.152641796718 
 0.175751062485  0.175751062486 
 0.202358964773  0.202358964773 
 0.232995181052  0.232995181052 
 0.268269579528  0.268269579528 
 0.308884359648  0.30888435965 
 0.355648030622  0.355648030623 
 0.409491506238  0.409491506254 
 0.471486636346  0.471486636333 
 0.542867543932  0.542867543721 
 0.625055192527  0.625055190812 
 0.719685673001  0.719685653435 
 0.828642772855  0.828642486223 
 0.95409547635  0.954090795622 
 1.09854114199  1.0984679855 
 1.26485521686  1.26386871456 
 1.4563484775  1.44549888679 
 1.67683293681  1.5974609008 
 1.93069772888  1.65486759452 
 2.22299648253  1.66425508262 
 2.5595479227  1.66536991542 
 2.94705170255  1.66548873145 
 3.3932217719  1.66550025773 
 3.90693993705  1.66550126361 
 4.49843266897  1.66550133568 
 5.17947467923  1.66550134036 
 5.96362331659  1.66550134197 
 6.86648845004  1.6655013202 
 7.90604321091  1.66550131631 
 9.10298177992  1.66550133628 
 10.4811313415  1.66550134504 
 12.0679264064  1.66550134832 
 13.8949549437  1.6655013269 
 15.9985871961  1.66550134466 
 18.4206996933  1.66550132655 
 21.2095088792  1.66550132633 
 24.4205309455  1.66550132686 
 28.1176869797  1.66550132783 
 32.3745754282  1.66550132228 
 37.2759372031  1.66550132131 
 42.9193426013  1.6655013279 
 49.4171336132  1.66550132797 
 56.8986602902  1.66550134465 
 65.512855686  1.66550134667 
 75.4312006335  1.66550132746 
 86.8511373751  1.66550132708 
 100.0  1.66550130941 
30.8884359648 50 
 0.1  0.1 
 0.115139539933  0.115139539933 
 0.132571136559  0.132571136559 
 0.152641796718  0.152641796718 
 0.175751062485  0.175751062486 
 0.202358964773  0.202358964773 
 0.232995181052  0.232995181051 
 0.268269579528  0.268269579529 
 0.308884359648  0.308884359651 
 0.355648030622  0.35564803062 
 0.409491506238  0.409491506215 
 0.471486636346  0.471486636249 
 0.542867543932  0.542867543378 
 0.625055192527  0.625055187965 
 0.719685673001  0.719685621153 
 0.828642772855  0.82864201232 
 0.95409547635  0.954083073093 
 1.09854114199  1.09834831016 
 1.26485521686  1.26229991361 
 1.4563484775  1.43066703536 
 1.67683293681  1.53681438805 
 1.93069772888  1.56372882672 
 2.22299648253  1.56754977502 
 2.5595479227  1.56801453037 
 2.94705170255  1.56806707968 
 3.3932217719  1.56807252778 
 3.90693993705  1.56807304463 
 4.49843266897  1.56807309047 
 5.17947467923  1.56807306946 
 5.96362331659  1.56807309578 
 6.86648845004  1.56807309674 
 7.90604321091  1.56807310138 
 9.10298177992  1.56807309549 
 10.4811313415  1.56807308064 
 12.0679264064  1.56807307927 
 13.8949549437  1.56807309564 
 15.9985871961  1.56807309356 
 18.4206996933  1.56807309684 
 21.2095088792  1.56807307031 
 24.4205309455  1.5680730862 
 28.1176869797  1.56807308099 
 32.3745754282  1.56807307302 
 37.2759372031  1.56807308055 
 42.9193426013  1.5680730779 
 49.4171336132  1.56807307022 
 56.8986602902  1.56807308016 
 65.512855686  1.56807308209 
 75.4312006335  1.56807307807 
 86.8511373751  1.56807307883 
 100.0  1.56807306886 
51.7947467923 50 
 0.1  0.1 
 0.115139539933  0.115139539933 
 0.132571136559  0.13257113656 
 0.152641796718  0.152641796718 
 0.175751062485  0.175751062486 
 0.202358964773  0.202358964772 
 0.232995181052  0.232995181051 
 0.268269579528  0.268269579532 
 0.308884359648  0.308884359641 
 0.355648030622  0.355648030617 
 0.409491506238  0.409491506191 
 0.471486636346  0.471486636098 
 0.542867543932  0.542867542509 
 0.625055192527  0.62505518093 
 0.719685673001  0.71968553966 
 0.828642772855  0.828640836037 
 0.95409547635  0.954064169977 
 1.09854114199  1.09806206389 
 1.26485521686  1.25876739503 
 1.4563484775  1.40450363443 
 1.67683293681  1.47012100452 
 1.93069772888  1.48288619955 
 2.22299648253  1.48466963122 
 2.5595479227  1.48490042097 
 2.94705170255  1.48492847506 
 3.3932217719  1.48493159842 
 3.90693993705  1.48493191857 
 4.49843266897  1.48493194711 
 5.17947467923  1.48493193766 
 5.96362331659  1.48493194793 
 6.86648845004  1.48493192095 
 7.90604321091  1.4849319311 
 9.10298177992  1.48493193812 
 10.4811313415  1.48493192898 
 12.0679264064  1.48493193751 
 13.8949549437  1.48493195335 
 15.9985871961  1.48493195329 
 18.4206996933  1.48493195346 
 21.2095088792  1.48493192899 
 24.4205309455  1.48493195347 
 28.1176869797  1.48493193868 
 32.3745754282  1.48493195347 
 37.2759372031  1.48493195349 
 42.9193426013  1.48493193409 
 49.4171336132  1.48493194908 
 56.8986602902  1.48493195248 
 65.512855686  1.48493194793 
 75.4312006335  1.48493194848 
 86.8511373751  1.48493194385 
 100.0  1.48493192126 
86.8511373751 50 
 0.1  0.100000000001 
 0.115139539933  0.115139539934 
 0.132571136559  0.13257113656 
 0.152641796718  0.152641796718 
 0.175751062485  0.175751062485 
 0.202358964773  0.202358964771 
 0.232995181052  0.232995181046 
 0.268269579528  0.268269579521 
 0.308884359648  0.308884359626 
 0.355648030622  0.355648030587 
 0.409491506238  0.409491506122 
 0.471486636346  0.471486636085 
 0.542867543932  0.54286754104 
 0.625055192527  0.625055165966 
 0.719685673001  0.719685367525 
 0.828642772855  0.828638316351 
 0.95409547635  0.954024641019 
 1.09854114199  1.09748776121 
 1.26485521686  1.25240547633 
 1.4563484775  1.37090695015 
 1.67683293681  1.41067989854 
 1.93069772888  1.417544543 
 2.22299648253  1.4185346338 
 2.5595479227  1.41867025563 
 2.94705170255  1.41868763231 
 3.3932217719  1.41868966417 
 3.90693993705  1.41868987804 
 4.49843266897  1.41868988566 
 5.17947467923  1.41868989983 
 5.96362331659  1.41868988939 
 6.86648845004  1.41868990134 
 7.90604321091  1.4186898919 
 9.10298177992  1.41868989745 
 10.4811313415  1.4186899024 
 12.0679264064  1.41868990175 
 13.8949549437  1.41868989695 
 15.9985871961  1.4186898893 
 18.4206996933  1.41868988815 
 21.2095088792  1.41868990113 
 24.4205309455  1.41868990061 
 28.1176869797  1.41868989558 
 32.3745754282  1.41868989083 
 37.2759372031  1.41868989442 
 42.9193426013  1.41868989828 
 49.4171336132  1.41868990049 
 56.8986602902  1.41868989906 
 65.512855686  1.41868990995 
 75.4312006335  1.41868989533 
 86.8511373751  1.41868990422 
 100.0  1.41868990377 
145.63484775 50 
 0.1  0.100000000002 
 0.115139539933  0.115139539935 
 0.132571136559  0.13257113656 
 0.152641796718  0.152641796716 
 0.175751062485  0.175751062479 
 0.202358964773  0.202358964768 
 0.232995181052  0.232995181045 
 0.268269579528  0.268269579513 
 0.308884359648  0.308884359611 
 0.355648030622  0.355648030613 
 0.409491506238  0.409491505984 
 0.471486636346  0.47148663562 
 0.542867543932  0.542867538051 
 0.625055192527  0.625055138372 
 0.719685673001  0.719685057696 
 0.828642772855  0.828634016436 
 0.95409547635  0.953959180645 
 1.09854114199  1.09658614942 
 1.26485521686  1.24373186765 
 1.4563484775  1.33816687513 
 1.67683293681  1.36395102993 
 1.93069772888  1.36820270018 
 2.22299648253  1.36883231795 
 2.5595479227  1.36892138286 
 2.94705170255  1.3689330864 
 3.3932217719  1.36893447876 
 3.90693993705  1.36893463404 
 4.49843266897  1.36893464909 
 5.17947467923  1.36893465231 
 5.96362331659  1.36893467348 
 6.86648845004  1.36893465536 
 7.90604321091  1.36893465743 
 9.10298177992  1.36893465219 
 10.4811313415  1.36893465238 
 12.0679264064  1.36893465333 
 13.8949549437  1.36893465193 
 15.9985871961  1.36893465029 
 18.4206996933  1.3689346747 
 21.2095088792  1.36893464806 
 24.4205309455  1.36893464872 
 28.1176869797  1.36893464993 
 32.3745754282  1.36893467322 
 37.2759372031  1.36893465014 
 42.9193426013  1.36893466407 
 49.4171336132  1.36893467133 
 56.8986602902  1.36893465235 
 65.512855686  1.36893466416 
 75.4312006335  1.36893465835 
 86.8511373751  1.36893464982 
 100.0  1.36893466746 
244.205309455 50 
 0.1  0.0999999999994 
 0.115139539933  0.11513953993 
 0.132571136559  0.132571136555 
 0.152641796718  0.152641796714 
 0.175751062485  0.175751062484 
 0.202358964773  0.202358964777 
 0.232995181052  0.232995181065 
 0.268269579528  0.268269579514 
 0.308884359648  0.308884359635 
 0.355648030622  0.3556480305 
 0.409491506238  0.409491505772 
 0.471486636346  0.471486634348 
 0.542867543932  0.542867533501 
 0.625055192527  0.625055100974 
 0.719685673001  0.719684635864 
 0.828642772855  0.828628201572 
 0.95409547635  0.95387315249 
 1.09854114199  1.0954563258 
 1.26485521686  1.2342943434 
 1.4563484775  1.31070781491 
 1.67683293681  1.32889361649 
 1.93069772888  1.3318224035 
 2.22299648253  1.33226120201 
 2.5595479227  1.33232410284 
 2.94705170255  1.33233248537 
 3.3932217719  1.33233349352 
 3.90693993705  1.33233360125 
 4.49843266897  1.33233360932 
 5.17947467923  1.33233361251 
 5.96362331659  1.33233359999 
 6.86648845004  1.33233361306 
 7.90604321091  1.33233361313 
 9.10298177992  1.3323336117 
 10.4811313415  1.33233359941 
 12.0679264064  1.33233359551 
 13.8949549437  1.33233360052 
 15.9985871961  1.3323336122 
 18.4206996933  1.33233359713 
 21.2095088792  1.33233361138 
 24.4205309455  1.33233360987 
 28.1176869797  1.33233361908 
 32.3745754282  1.33233360579 
 37.2759372031  1.33233361054 
 42.9193426013  1.33233360802 
 49.4171336132  1.3323335959 
 56.8986602902  1.33233360033 
 65.512855686  1.33233361277 
 75.4312006335  1.33233358516 
 86.8511373751  1.3323335999 
 100.0  1.33233357934 
409.491506238 50 
 0.1  0.0999999999944 
 0.115139539933  0.115139539929 
 0.132571136559  0.132571136557 
 0.152641796718  0.152641796717 
 0.175751062485  0.17575106249 
 0.202358964773  0.202358964792 
 0.232995181052  0.232995181035 
 0.268269579528  0.268269579518 
 0.308884359648  0.308884359718 
 0.355648030622  0.355648030473 
 0.409491506238  0.409491505574 
 0.471486636346  0.471486633545 
 0.542867543932  0.542867527214 
 0.625055192527  0.625055053214 
 0.719685673001  0.719684140581 
 0.828642772855  0.828621515045 
 0.95409547635  0.953776158022 
 1.09854114199  1.09422570737 
 1.26485521686  1.22520577633 
 1.4563484775  1.28867079143 
 1.67683293681  1.30240145642 
 1.93069772888  1.30457514457 
 2.22299648253  1.30490188745 
 2.5595479227  1.30494894083 
 2.94705170255  1.30495523755 
 3.3932217719  1.30495601284 
 3.90693993705  1.30495608032 
 4.49843266897  1.30495610279 
 5.17947467923  1.30495608928 
 5.96362331659  1.30495608828 
 6.86648845004  1.30495608842 
 7.90604321091  1.30495610419 
 9.10298177992  1.30495608928 
 10.4811313415  1.30495608824 
 12.0679264064  1.30495607826 
 13.8949549437  1.30495608829 
 15.9985871961  1.30495608703 
 18.4206996933  1.30495610231 
 21.2095088792  1.30495610216 
 24.4205309455  1.30495609096 
 28.1176869797  1.30495610023 
 32.3745754282  1.30495609719 
 37.2759372031  1.30495608557 
 42.9193426013  1.30495610507 
 49.4171336132  1.30495609644 
 56.8986602902  1.30495608507 
 65.512855686  1.3049561073 
 75.4312006335  1.30495606178 
 86.8511373751  1.30495611738 
 100.0  1.30495610195 
686.648845004 50 
 0.1  0.0999999999983 
 0.115139539933  0.115139539932 
 0.132571136559  0.132571136561 
 0.152641796718  0.152641796724 
 0.175751062485  0.17575106251 
 0.202358964773  0.202358964753 
 0.232995181052  0.232995181014 
 0.268269579528  0.26826957954 
 0.308884359648  0.308884359503 
 0.355648030622  0.355648030575 
 0.409491506238  0.409491505272 
 0.471486636346  0.471486632339 
 0.542867543932  0.54286752113 
 0.625055192527  0.625055005629 
 0.719685673001  0.719683620511 
 0.828642772855  0.828614478171 
 0.95409547635  0.953674608027 
 1.09854114199  1.09297016281 
 1.26485521686  1.21685498091 
 1.4563484775  1.27086901586 
 1.67683293681  1.28176726078 
 1.93069772888  1.28346931073 
 2.22299648253  1.28372518452 
 2.5595479227  1.28376209839 
 2.94705170255  1.28376705469 
 3.3932217719  1.28376763908 
 3.90693993705  1.2837677064 
 4.49843266897  1.28376772313 
 5.17947467923  1.28376770499 
 5.96362331659  1.28376771102 
 6.86648845004  1.28376771538 
 7.90604321091  1.28376772845 
 9.10298177992  1.28376770149 
 10.4811313415  1.28376770239 
 12.0679264064  1.28376772358 
 13.8949549437  1.28376772984 
 15.9985871961  1.28376772725 
 18.4206996933  1.28376772775 
 21.2095088792  1.28376772692 
 24.4205309455  1.28376772683 
 28.1176869797  1.28376771598 
 32.3745754282  1.28376771004 
 37.2759372031  1.28376773673 
 42.9193426013  1.28376771571 
 49.4171336132  1.28376769688 
 56.8986602902  1.28376771816 
 65.512855686  1.28376773658 
 75.4312006335  1.28376776691 
 86.8511373751  14.3828015782 
 100.0  51.4646412181 
1151.39539933 50 
 0.1  0.100000000002 
 0.115139539933  0.115139539937 
 0.132571136559  0.132571136571 
 0.152641796718  0.152641796733 
 0.175751062485  0.175751062474 
 0.202358964773  0.202358964764 
 0.232995181052  0.232995181053 
 0.268269579528  0.26826957961 
 0.308884359648  0.308884359708 
 0.355648030622  0.355648030639 
 0.409491506238  0.409491506172 
 0.471486636346  0.471486631282 
 0.542867543932  0.542867515969 
 0.625055192527  0.625054960066 
 0.719685673001  0.719683086121 
 0.828642772855  0.828607311496 
 0.95409547635  0.953571488266 
 1.09854114199  1.09172160282 
 1.26485521686  1.20927167486 
 1.4563484775  1.25617168798 
 1.67683293681  1.26514436238 
 1.93069772888  1.2665307833 
 2.22299648253  1.26673897091 
 2.5595479227  1.26676904338 
 2.94705170255  1.26677308447 
 3.3932217719  1.26677356883 
 3.90693993705  1.26677360822 
 4.49843266897  1.26677362713 
 5.17947467923  1.26677362623 
 5.96362331659  1.26677362654 
 6.86648845004  1.26677361024 
 7.90604321091  1.26677362793 
 9.10298177992  1.26677365659 
 10.4811313415  1.26677364093 
 12.0679264064  1.26677362561 
 13.8949549437  1.2667736364 
 15.9985871961  1.26677364271 
 18.4206996933  1.26677362713 
 21.2095088792  1.26677362632 
 24.4205309455  1.26677362504 
 28.1176869797  1.266773641 
 32.3745754282  1.26677363807 
 37.2759372031  1.26677361039 
 42.9193426013  1.26677362927 
 49.4171336132  1.26677366376 
 56.8986602902  1.26677368309 
 65.512855686  1.26677366264 
 75.4312006335  36.2744927491 
 86.8511373751  56.2331103503 
 100.0  74.9054719847 
1930.69772888 50 
 0.1  0.100000000016 
 0.115139539933  0.115139539977 
 0.132571136559  0.132571136537 
 0.152641796718  0.152641796716 
 0.175751062485  0.17575106248 
 0.202358964773  0.202358964773 
 0.232995181052  0.232995181077 
 0.268269579528  0.268269579446 
 0.308884359648  0.308884359581 
 0.355648030622  0.355648031059 
 0.409491506238  0.409491506292 
 0.471486636346  0.471486629864 
 0.542867543932  0.542867509842 
 0.625055192527  0.625054908158 
 0.719685673001  0.719682545483 
 0.828642772855  0.828600062663 
 0.95409547635  0.953467929189 
 1.09854114199  1.09049169595 
 1.26485521686  1.20237696992 
 1.4563484775  1.24375600448 
 1.67683293681  1.25134844549 
 1.93069772888  1.25251175916 
 2.22299648253  1.25268630484 
 2.5595479227  1.25271147546 
 2.94705170255  1.25271485045 
 3.3932217719  1.25271527448 
 3.90693993705  1.25271530921 
 4.49843266897  1.25271530339 
 5.17947467923  1.25271531524 
 5.96362331659  1.25271532897 
 6.86648845004  1.25271530091 
 7.90604321091  1.25271532638 
 9.10298177992  1.25271532701 
 10.4811313415  1.2527153129 
 12.0679264064  1.25271530104 
 13.8949549437  1.25271532796 
 15.9985871961  1.25271531857 
 18.4206996933  1.25271530641 
 21.2095088792  1.25271531845 
 24.4205309455  1.25271532249 
 28.1176869797  1.25271532839 
 32.3745754282  1.25271533469 
 37.2759372031  1.25271533636 
 42.9193426013  1.25271537999 
 49.4171336132  1.25271535157 
 56.8986602902  25.1555324654 
 65.512855686  41.0435980493 
 75.4312006335  55.4911381801 
 86.8511373751  70.2040524862 
 100.0  85.9114949395 
3237.45754282 50 
 0.1  0.0999999999881 
 0.115139539933  0.115139539923 
 0.132571136559  0.132571136553 
 0.152641796718  0.152641796715 
 0.175751062485  0.175751062487 
 0.202358964773  0.202358964787 
 0.232995181052  0.232995180887 
 0.268269579528  0.268269579517 
 0.308884359648  0.308884359684 
 0.355648030622  0.355648030382 
 0.409491506238  0.409491506604 
 0.471486636346  0.471486629045 
 0.542867543932  0.542867503714 
 0.625055192527  0.625054861188 
 0.719685673001  0.719682007491 
 0.828642772855  0.82859282073 
 0.95409547635  0.953364365218 
 1.09854114199  1.08928381723 
 1.26485521686  1.19607586361 
 1.4563484775  1.23305572465 
 1.67683293681  1.2396166836 
 1.93069772888  1.24061524229 
 2.22299648253  1.2407649079 
 2.5595479227  1.24078651905 
 2.94705170255  1.24078942118 
 3.3932217719  1.24078976969 
 3.90693993705  1.24078982273 
 4.49843266897  1.24078981945 
 5.17947467923  1.24078981089 
 5.96362331659  1.24078980898 
 6.86648845004  1.24078983654 
 7.90604321091  1.24078980508 
 9.10298177992  1.24078980087 
 10.4811313415  1.24078980811 
 12.0679264064  1.2407898054 
 13.8949549437  1.24078982665 
 15.9985871961  1.24078980586 
 18.4206996933  1.24078980225 
 21.2095088792  1.24078983362 
 24.4205309455  1.2407898206 
 28.1176869797  1.24078983314 
 32.3745754282  1.24078981122 
 37.2759372031  1.24078991628 
 42.9193426013  17.0351830294 
 49.4171336132  29.8184339606 
 56.8986602902  41.0279166208 
 65.512855686  52.3090689114 
 75.4312006335  64.2830071629 
 86.8511373751  77.3517209974 
 100.0  91.8554468636 
5428.67543932 50 
 0.1  0.0999999999961 
 0.115139539933  0.11513953993 
 0.132571136559  0.132571136558 
 0.152641796718  0.15264179672 
 0.175751062485  0.175751062499 
 0.202358964773  0.202358964565 
 0.232995181052  0.232995181219 
 0.268269579528  0.268269579528 
 0.308884359648  0.308884359813 
 0.355648030622  0.355648030534 
 0.409491506238  0.409491503372 
 0.471486636346  0.471486627548 
 0.542867543932  0.542867496268 
 0.625055192527  0.625054805636 
 0.719685673001  0.71968146844 
 0.828642772855  0.828585577349 
 0.95409547635  0.953260931189 
 1.09854114199  1.08809864123 
 1.26485521686  1.19028324079 
 1.4563484775  1.22367972044 
 1.67683293681  1.22944368908 
 1.93069772888  1.23031628073 
 2.22299648253  1.230446978 
 2.5595479227  1.23046585559 
 2.94705170255  1.23046835387 
 3.3932217719  1.23046866578 
 3.90693993705  1.23046870421 
 4.49843266897  1.23046868866 
 5.17947467923  1.23046870125 
 5.96362331659  1.23046870208 
 6.86648845004  1.23046869835 
 7.90604321091  1.23046867724 
 9.10298177992  1.23046869251 
 10.4811313415  1.2304686792 
 12.0679264064  1.23046869301 
 13.8949549437  1.23046871343 
 15.9985871961  1.23046869331 
 18.4206996933  1.23046868745 
 21.2095088792  1.2304687142 
 24.4205309455  1.23046868798 
 28.1176869797  1.23046875891 
 32.3745754282  11.0985495856 
 37.2759372031  21.5442691621 
 42.9193426013  30.2696100316 
 49.4171336132  38.9312894404 
 56.8986602902  48.0658664651 
 65.512855686  57.9992678032 
 75.4312006335  68.998224183 
 86.8511373751  81.3183557684 
 100.0  95.2257187278 
9102.98177992 50 
 0.1  0.1 
 0.115139539933  0.115139539934 
 0.132571136559  0.132571136564 
 0.152641796718  0.152641796738 
 0.175751062485  0.175751062416 
 0.202358964773  0.202358964824 
 0.232995181052  0.232995181047 
 0.268269579528  0.268269579563 
 0.308884359648  0.308884359564 
 0.355648030622  0.355648030619 
 0.409491506238  0.409491505491 
 0.471486636346  0.471486625818 
 0.542867543932  0.542867489836 
 0.625055192527  0.625054757245 
 0.719685673001  0.719680944802 
 0.828642772855  0.828578307663 
 0.95409547635  0.95315769307 
 1.09854114199  1.0869357997 
 1.26485521686  1.18492803374 
 1.4563484775  1.21535171926 
 1.67683293681  1.22048309881 
 1.93069772888  1.22125653492 
 2.22299648253  1.22137230086 
 2.5595479227  1.22138898217 
 2.94705170255  1.22139127733 
 3.3932217719  1.22139151812 
 3.90693993705  1.22139154682 
 4.49843266897  1.22139155205 
 5.17947467923  1.22139155184 
 5.96362331659  1.22139157513 
 6.86648845004  1.22139153286 
 7.90604321091  1.22139157441 
 9.10298177992  1.22139156178 
 10.4811313415  1.22139152906 
 12.0679264064  1.22139158209 
 13.8949549437  1.22139153365 
 15.9985871961  1.22139154865 
 18.4206996933  1.22139156086 
 21.2095088792  1.22139161018 
 24.4205309455  6.70633092245 
 28.1176869797  15.4613349384 
 32.3745754282  22.279499265 
 37.2759372031  28.9401763153 
 42.9193426013  35.9142305662 
 49.4171336132  43.4680716337 
 56.8986602902  51.8117205036 
 65.512855686  61.1425199949 
 75.4312006335  71.6637645018 
 86.8511373751  83.5952175648 
 100.0  97.1806696289 
15264.1796718 50 
 0.1  0.100000000006 
 0.115139539933  0.115139539947 
 0.132571136559  0.1325711367 
 0.152641796718  0.152641796699 
 0.175751062485  0.175751062475 
 0.202358964773  0.202358964769 
 0.232995181052  0.232995181062 
 0.268269579528  0.268269578335 
 0.308884359648  0.308884359495 
 0.355648030622  0.35564803073 
 0.409491506238  0.40949150636 
 0.471486636346  0.471486624533 
 0.542867543932  0.542867484777 
 0.625055192527  0.625054706392 
 0.719685673001  0.719680411079 
 0.828642772855  0.828571066786 
 0.95409547635  0.953054647685 
 1.09854114199  1.08579453316 
 1.26485521686  1.17995206709 
 1.4563484775  1.20787125227 
 1.67683293681  1.21248931982 
 1.93069772888  1.21318288495 
 2.22299648253  1.21328660903 
 2.5595479227  1.21330159824 
 2.94705170255  1.21330363421 
 3.3932217719  1.21330386973 
 3.90693993705  1.21330386109 
 4.49843266897  1.213303875 
 5.17947467923  1.21330387932 
 5.96362331659  1.21330387624 
 6.86648845004  1.21330389825 
 7.90604321091  1.21330390312 
 9.10298177992  1.21330390297 
 10.4811313415  1.21330390137 
 12.0679264064  1.21330391587 
 13.8949549437  1.21330395182 
 15.9985871961  1.21330394054 
 18.4206996933  3.25403634704 
 21.2095088792  11.0013250035 
 24.4205309455  16.3546419709 
 28.1176869797  21.485562742 
 32.3745754282  26.8147804836 
 37.2759372031  32.5620071426 
 42.9193426013  38.8934036807 
 49.4171336132  45.9617085601 
 56.8986602902  53.9224726613 
 65.512855686  62.9428313431 
 75.4312006335  73.2075801842 
 86.8511373751  84.9242944066 
 100.0  98.3282609319 
25595.479227 50 
 0.1  0.0999999998979 
 0.115139539933  0.115139539916 
 0.132571136559  0.132571136548 
 0.152641796718  0.152641796712 
 0.175751062485  0.175751062484 
 0.202358964773  0.202358964779 
 0.232995181052  0.232995181152 
 0.268269579528  0.26826957962 
 0.308884359648  0.308884359645 
 0.355648030622  0.355648029811 
 0.409491506238  0.409491506491 
 0.471486636346  0.471486622349 
 0.542867543932  0.542867475641 
 0.625055192527  0.625054660156 
 0.719685673001  0.719679842854 
 0.828642772855  0.828563807747 
 0.95409547635  0.952951822723 
 1.09854114199  1.08467432534 
 1.26485521686  1.17530757868 
 1.4563484775  1.20108910227 
 1.67683293681  1.20528287537 
 1.93069772888  1.20591084468 
 2.22299648253  1.20600472331 
 2.5595479227  1.2060182897 
 2.94705170255  1.20602009281 
 3.3932217719  1.20602031537 
 3.90693993705  1.20602033196 
 4.49843266897  1.20602032581 
 5.17947467923  1.20602031684 
 5.96362331659  1.20602034102 
 6.86648845004  1.20602035147 
 7.90604321091  1.20602036564 
 9.10298177992  1.20602037036 
 10.4811313415  1.20602037281 
 12.0679264064  1.20602042201 
 13.8949549437  1.20602049942 
 15.9985871961  7.74000730319 
 18.4206996933  11.9684259726 
 21.2095088792  15.9288875781 
 24.4205309455  20.0051825417 
 28.1176869797  24.3803032424 
 32.3745754282  29.186403667 
 37.2759372031  34.5420282835 
 42.9193426013  40.5663717613 
 49.4171336132  47.3866483454 
 56.8986602902  55.1430011699 
 65.512855686  63.9925259473 
 75.4312006335  74.1130768108 
 86.8511373751  85.7071984433 
 100.0  99.0063907207 
42919.3426013 50 
 0.1  0.0999999999926 
 0.115139539933  0.115139539928 
 0.132571136559  0.132571136556 
 0.152641796718  0.152641796718 
 0.175751062485  0.175751062491 
 0.202358964773  0.202358964822 
 0.232995181052  0.232995181031 
 0.268269579528  0.268269579481 
 0.308884359648  0.308884359751 
 0.355648030622  0.355648031659 
 0.409491506238  0.409491506562 
 0.471486636346  0.471486622293 
 0.542867543932  0.542867467739 
 0.625055192527  0.625054603214 
 0.719685673001  0.719679303202 
 0.828642772855  0.828556551534 
 0.95409547635  0.952849195616 
 1.09854114199  1.08357442421 
 1.26485521686  1.17095504529 
 1.4563484775  1.19489139209 
 1.67683293681  1.19872905804 
 1.93069772888  1.1993022317 
 2.22299648253  1.19938788915 
 2.5595479227  1.19940024322 
 2.94705170255  1.19940189544 
 3.3932217719  1.19940209192 
 3.90693993705  1.1994021226 
 4.49843266897  1.19940213934 
 5.17947467923  1.19940214833 
 5.96362331659  1.19940215975 
 6.86648845004  1.19940216871 
 7.90604321091  1.19940215127 
 9.10298177992  1.19940223493 
 10.4811313415  1.19940229431 
 12.0679264064  5.36110686785 
 13.8949549437  8.72695436597 
 15.9985871961  11.7910784719 
 18.4206996933  14.9124142759 
 21.2095088792  18.2450382084 
 24.4205309455  21.8946694588 
 28.1176869797  25.9535953658 
 32.3745754282  30.513299184 
 37.2759372031  35.670692649 
 42.9193426013  41.5321085698 
 49.4171336132  48.2164740628 
 56.8986602902  55.8582550754 
 65.512855686  64.6104633242 
 75.4312006335  74.6478978164 
 86.8511373751  86.1707432121 
 100.0  99.4086284232 
71968.5673001 50 
 0.1  0.0999999999985 
 0.115139539933  0.115139539932 
 0.132571136559  0.132571136561 
 0.152641796718  0.152641796725 
 0.175751062485  0.175751062544 
 0.202358964773  0.202358964752 
 0.232995181052  0.232995181041 
 0.268269579528  0.268269579543 
 0.308884359648  0.308884359185 
 0.355648030622  0.355648030585 
 0.409491506238  0.409491502796 
 0.471486636346  0.471486619878 
 0.542867543932  0.542867462538 
 0.625055192527  0.6250545489 
 0.719685673001  0.719678757996 
 0.828642772855  0.828549315944 
 0.95409547635  0.952746769466 
 1.09854114199  1.08249406407 
 1.26485521686  1.16686146469 
 1.4563484775  1.18918962379 
 1.67683293681  1.19272443965 
 1.93069772888  1.19325114442 
 2.22299648253  1.19332988621 
 2.5595479227  1.19334120626 
 2.94705170255  1.19334275831 
 3.3932217719  1.19334295227 
 3.90693993705  1.19334294672 
 4.49843266897  1.19334296385 
 5.17947467923  1.19334300236 
 5.96362331659  1.19334299188 
 6.86648845004  1.19334307084 
 7.90604321091  1.19334315491 
 9.10298177992  3.62884779362 
 10.4811313415  6.33601972452 
 12.0679264064  8.71308750981 
 13.8949549437  11.1060885898 
 15.9985871961  13.6463152488 
 18.4206996933  16.4188817766 
 21.2095088792  19.495877387 
 24.4205309455  22.9476405947 
 28.1176869797  26.8480688081 
 32.3745754282  31.2778831827 
 37.2759372031  36.3271431563 
 42.9193426013  42.0975304802 
 49.4171336132  48.704651496 
 56.8986602902  56.2805032558 
 65.512855686  64.9762003584 
 75.4312006335  74.9650446454 
 86.8511373751  86.4460134372 
 100.0  99.6477451081 
120679.264064 50 
 0.1  0.100000000003 
 0.115139539933  0.115139539938 
 0.132571136559  0.132571136575 
 0.152641796718  0.152641796455 
 0.175751062485  0.175751062478 
 0.202358964773  0.202358964764 
 0.232995181052  0.232995181054 
 0.268269579528  0.268269579644 
 0.308884359648  0.308884359384 
 0.355648030622  0.355648030642 
 0.409491506238  0.409491502323 
 0.471486636346  0.471486617962 
 0.542867543932  0.542867458591 
 0.625055192527  0.62505450199 
 0.719685673001  0.719678222475 
 0.828642772855  0.82854206601 
 0.95409547635  0.952644563889 
 1.09854114199  1.08143259456 
 1.26485521686  1.16299903448 
 1.4563484775  1.18391360155 
 1.67683293681  1.18718783264 
 1.93069772888  1.18767482999 
 2.22299648253  1.18774754106 
 2.5595479227  1.18775803676 
 2.94705170255  1.18775945777 
 3.3932217719  1.18775962974 
 3.90693993705  1.18775966537 
 4.49843266897  1.18775964203 
 5.17947467923  1.18775971024 
 5.96362331659  1.18775972357 
 6.86648845004  2.36729177101 
 7.90604321091  4.57619792053 
 9.10298177992  6.42607358193 
 10.4811313415  8.26317158771 
 12.0679264064  10.2008213505 
 13.8949549437  12.3080244009 
 15.9985871961  14.6413014348 
 18.4206996933  17.254838752 
 21.2095088792  20.205042731 
 24.4205309455  23.5532264496 
 28.1176869797  27.3676111105 
 32.3745754282  31.7251019162 
 37.2759372031  36.7130547374 
 42.9193426013  42.4311534285 
 49.4171336132  48.9934773425 
 56.8986602902  56.5308235186 
 65.512855686  65.1933425291 
 75.4312006335  75.153547669 
 86.8511373751  86.6097623097 
 100.0  99.7900761273 
202358.964773 50 
 0.1  0.100000000021 
 0.115139539933  0.115139538883 
 0.132571136559  0.132571136541 
 0.152641796718  0.152641796707 
 0.175751062485  0.175751062481 
 0.202358964773  0.202358964774 
 0.232995181052  0.232995181082 
 0.268269579528  0.268269579465 
 0.308884359648  0.308884359588 
 0.355648030622  0.355648031404 
 0.409491506238  0.409491506344 
 0.471486636346  0.471486616313 
 0.542867543932  0.54286745187 
 0.625055192527  0.625054453708 
 0.719685673001  0.719677683024 
 0.828642772855  0.828534816071 
 0.95409547635  0.952542566745 
 1.09854114199  1.08038943373 
 1.26485521686  1.15934419213 
 1.4563484775  1.17900682243 
 1.67683293681  1.18205463906 
 1.93069772888  1.18250718242 
 2.22299648253  1.18257478172 
 2.5595479227  1.18258452572 
 2.94705170255  1.18258585534 
 3.3932217719  1.18258599656 
 3.90693993705  1.18258609873 
 4.49843266897  1.18258609706 
 5.17947467923  1.35827959709 
 5.96362331659  3.28420426808 
 6.86648845004  4.72893695407 
 7.90604321091  6.14135948728 
 9.10298177992  7.62053777757 
 10.4811313415  9.22281077003 
 12.0679264064  10.992668028 
 13.8949549437  12.9719406352 
 15.9985871961  15.2037319769 
 18.4206996933  17.7346420157 
 21.2095088792  20.6163669963 
 24.4205309455  23.9070847459 
 28.1176869797  27.6728124542 
 32.3745754282  31.9888372262 
 37.2759372031  36.9412845036 
 42.9193426013  42.6288753304 
 49.4171336132  49.1649183047 
 56.8986602902  56.6795819361 
 65.512855686  65.3224968018 
 75.4312006335  75.2657410341 
 86.8511373751  86.7072703649 
 100.0  99.8748617119 
339322.17719 50 
 0.1  0.0999999999859 
 0.115139539933  0.115139539924 
 0.132571136559  0.132571136554 
 0.152641796718  0.152641796715 
 0.175751062485  0.175751062487 
 0.202358964773  0.20235896479 
 0.232995181052  0.232995180934 
 0.268269579528  0.26826957943 
 0.308884359648  0.308884359692 
 0.355648030622  0.35564803044 
 0.409491506238  0.409491506396 
 0.471486636346  0.471486615987 
 0.542867543932  0.542867445788 
 0.625055192527  0.625054401001 
 0.719685673001  0.719677139176 
 0.828642772855  0.828527581119 
 0.95409547635  0.952440763622 
 1.09854114199  1.07936400156 
 1.26485521686  1.15587666649 
 1.4563484775  1.17442313745 
 1.67683293681  1.17727250599 
 1.93069772888  1.17769495081 
 2.22299648253  1.17775803719 
 2.5595479227  1.1777671228 
 2.94705170255  1.17776840566 
 3.3932217719  1.17776861787 
 3.90693993705  1.17776873495 
 4.49843266897  2.33915854472 
 5.17947467923  3.47146805299 
 5.96362331659  4.55903079591 
 6.86648845004  5.68914674468 
 7.90604321091  6.90808931316 
 9.10298177992  8.25100991052 
 10.4811313415  9.75027036915 
 12.0679264064  11.4388470689 
 13.8949549437  13.3521804317 
 15.9985871961  15.5294587785 
 18.4206996933  18.0147024993 
 21.2095088792  20.8578091442 
 24.4205309455  24.1156447221 
 28.1176869797  27.8532341563 
 32.3745754282  32.1450914753 
 37.2759372031  37.0767253906 
 42.9193426013  42.7463555329 
 49.4171336132  49.2668765699 
 56.8986602902  56.7681113698 
 65.512855686  65.3993990189 
 75.4312006335  75.3325701078 
 86.8511373751  86.7653689058 
 100.0  99.9253908476 
568986.602902 50 
 0.1  0.0999999999966 
 0.115139539933  0.115139539931 
 0.132571136559  0.132571136559 
 0.152641796718  0.152641796721 
 0.175751062485  0.175751062502 
 0.202358964773  0.202358964656 
 0.232995181052  0.232995180336 
 0.268269579528  0.26826957953 
 0.308884359648  0.308884359901 
 0.355648030622  0.355648030547 
 0.409491506238  0.409491501963 
 0.471486636346  0.471486614375 
 0.542867543932  0.542867436792 
 0.625055192527  0.625054350564 
 0.719685673001  0.719676600291 
 0.828642772855  0.828520329305 
 0.95409547635  0.952339166226 
 1.09854114199  1.07835577669 
 1.26485521686  1.15257903081 
 1.4563484775  1.17012436082 
 1.67683293681  1.17279849176 
 1.93069772888  1.17319445676 
 2.22299648253  1.17325355634 
 2.5595479227  1.17326207579 
 2.94705170255  1.17326337691 
 3.3932217719  1.64402180905 
 3.90693993705  2.54182469142 
 4.49843266897  3.38020137439 
 5.17947467923  4.24427028235 
 5.96362331659  5.17204445054 
 6.86648845004  6.19135157181 
 7.90604321091  7.32726868082 
 9.10298177992  8.60505075695 
 10.4811313415  10.0516677922 
 12.0679264064  11.6968374815 
 13.8949549437  13.5738753124 
 15.9985871961  15.7205003506 
 18.4206996933  18.1796684715 
 21.2095088792  21.0004764434 
 24.4205309455  24.239169142 
 28.1176869797  27.9602777399 
 32.3745754282  32.2379159867 
 37.2759372031  37.1572629414 
 42.9193426013  42.8162634282 
 49.4171336132  49.3275807987 
 56.8986602902  56.8208417191 
 65.512855686  65.4452179038 
 75.4312006335  75.3723964978 
 86.8511373751  86.799998378 
 100.0  99.9555125269 
954095.47635 50 
 0.1  0.100000000001 
 0.115139539933  0.115139539935 
 0.132571136559  0.132571136565 
 0.152641796718  0.152641796743 
 0.175751062485  0.175751062438 
 0.202358964773  0.202358964954 
 0.232995181052  0.232995181048 
 0.268269579528  0.268269579571 
 0.308884359648  0.308884359608 
 0.355648030622  0.355648030629 
 0.409491506238  0.409491505714 
 0.471486636346  0.471486612255 
 0.542867543932  0.542867429685 
 0.625055192527  0.625054304411 
 0.719685673001  0.719676059241 
 0.828642772855  0.828513068465 
 0.95409547635  0.952237780735 
 1.09854114199  1.07736411416 
 1.26485521686  1.14943600558 
 1.4563484775  1.16607864927 
 1.67683293681  1.16859693774 
 1.93069772888  1.16896938748 
 2.22299648253  1.16902499931 
 2.5595479227  1.16903321756 
 2.94705170255  1.85560355371 
 3.3932217719  2.50330142001 
 3.90693993705  3.16414034623 
 4.49843266897  3.87054190408 
 5.17947467923  4.64444243308 
 5.96362331659  5.50525906328 
 6.86648845004  6.47233819625 
 7.90604321091  7.56621132 
 9.10298177992  8.80942067972 
 10.4811313415  10.2271850338 
 12.0679264064  11.8480210794 
 13.8949549437  13.704379942 
 15.9985871961  15.8333340401 
 18.4206996933  18.2773399338 
 21.2095088792  21.085098913 
 24.4205309455  24.3125361757 
 28.1176869797  28.0239202516 
 32.3745754282  32.2931463202 
 37.2759372031  37.2052097663 
 42.9193426013  42.8578997908 
 49.4171336132  49.3637471487 
 56.8986602902  56.8522649702 
 65.512855686  65.472527408 
 75.4312006335  75.396137532 
 86.8511373751  86.8206435897 
 100.0  99.9734716981 
1599858.71961 50 
 0.1  0.100000000007 
 0.115139539933  0.115139539951 
 0.132571136559  0.132571135998 
 0.152641796718  0.152641796704 
 0.175751062485  0.175751062476 
 0.202358964773  0.20235896477 
 0.232995181052  0.232995181065 
 0.268269579528  0.268269579123 
 0.308884359648  0.308884359528 
 0.355648030622  0.355648030773 
 0.409491506238  0.409491506376 
 0.471486636346  0.471486614073 
 0.542867543932  0.542867425841 
 0.625055192527  0.625054250584 
 0.719685673001  0.719675520658 
 0.828642772855  0.828505851475 
 0.95409547635  0.952136593665 
 1.09854114199  1.07638839523 
 1.26485521686  1.14643441944 
 1.4563484775  1.1622591436 
 1.67683293681  1.16463799116 
 1.93069772888  1.16498945604 
 2.22299648253  1.16504209171 
 2.5595479227  1.85116290953 
 2.94705170255  2.35760987653 
 3.3932217719  2.89538001515 
 3.90693993705  3.48301036341 
 4.49843266897  4.13544916928 
 5.17947467923  4.8674763766 
 5.96362331659  5.69471055023 
 6.86648845004  6.63424927846 
 7.90604321091  7.70518339828 
 9.10298177992  8.92907407982 
 10.4811313415  10.3304382875 
 12.0679264064  11.9372704373 
 13.8949549437  13.7816201495 
 15.9985871961  15.9002429795 
 18.4206996933  18.3353401034 
 21.2095088792  21.1354034942 
 24.4205309455  24.356184477 
 28.1176869797  28.0618056712 
 32.3745754282  32.326038803 
 37.2759372031  37.2337741449 
 42.9193426013  42.8827109791 
 49.4171336132  49.3853028499 
 56.8986602902  56.8709963972 
 65.512855686  65.4888083877 
 75.4312006335  75.4102922653 
 86.8511373751  86.832953305 
 100.0  99.984180356 
2682695.79528 50 
 0.1  0.099999999951 
 0.115139539933  0.115139539921 
 0.132571136559  0.132571136551 
 0.152641796718  0.152641796713 
 0.175751062485  0.175751062484 
 0.202358964773  0.202358964781 
 0.232995181052  0.232995181206 
 0.268269579528  0.268269579775 
 0.308884359648  0.30888435965 
 0.355648030622  0.355648029993 
 0.409491506238  0.409491506573 
 0.471486636346  0.471486609379 
 0.542867543932  0.542867417637 
 0.625055192527  0.625054200933 
 0.719685673001  0.719674976089 
 0.828642772855  0.828498590232 
 0.95409547635  0.952035597246 
 1.09854114199  1.07542836831 
 1.26485521686  1.14356267146 
 1.4563484775  1.15864292499 
 1.67683293681  1.16089630329 
 1.93069772888  1.16122913873 
 2.22299648253  1.75369249562 
 2.5595479227  2.16537651634 
 2.94705170255  2.61144222044 
 3.3932217719  3.10589358761 
 3.90693993705  3.66002081169 
 4.49843266897  4.2856581738 
 5.17947467923  4.99575368445 
 5.96362331659  5.80475223792 
 6.86648845004  6.72895393146 
 7.90604321091  7.78688125534 
 9.10298177992  8.99967404018 
 10.4811313415  10.3915265519 
 12.0679264064  11.990179362 
 13.8949549437  13.8274780662 
 15.9985871961  15.9400113748 
 18.4206996933  18.3698421396 
 21.2095088792  21.1653464073 
 24.4205309455  24.3821775419 
 28.1176869797  28.0843748288 
 32.3745754282  32.3456387578 
 37.2759372031  37.2507984698 
 42.9193426013  42.8975006323 
 49.4171336132  49.3981534017 
 56.8986602902  56.8821641963 
 65.512855686  65.498515838 
 75.4312006335  75.4187323617 
 86.8511373751  86.8402935339 
 100.0  99.9905660575 
4498432.66897 50 
 0.1  0.0999999999941 
 0.115139539933  0.115139539932 
 0.132571136559  0.132571136561 
 0.152641796718  0.152641796719 
 0.175751062485  0.175751062494 
 0.202358964773  0.202358964846 
 0.232995181052  0.232995181046 
 0.268269579528  0.268269579523 
 0.308884359648  0.308884359698 
 0.355648030622  0.355648031723 
 0.409491506238  0.409491506886 
 0.471486636346  0.471486612335 
 0.542867543932  0.542867413623 
 0.625055192527  0.625054149039 
 0.719685673001  0.71967443615 
 0.828642772855  0.828491342248 
 0.95409547635  0.951934719776 
 1.09854114199  1.0744835696 
 1.26485521686  1.14081041053 
 1.4563484775  1.15521036585 
 1.67683293681  1.15735042094 
 1.93069772888  1.61252699839 
 2.22299648253  1.95763618153 
 2.5595479227  2.33243803097 
 2.94705170255  2.75179662681 
 3.3932217719  3.22493771229 
 3.90693993705  3.76163250823 
 4.49843266897  4.37278614554 
 5.17947467923  5.07071075068 
 5.96362331659  5.86939578165 
 6.86648845004  6.78480339526 
 7.90604321091  7.8351975134 
 9.10298177992  9.04151492876 
 10.4811313415  10.4277870392 
 12.0679264064  12.0216214788 
 13.8949549437  13.8547538017 
 15.9985871961  15.9636806301 
 18.4206996933  18.3903870744 
 21.2095088792  21.1831831117 
 24.4205309455  24.3976656655 
 28.1176869797  28.0978256119 
 32.3745754282  32.3573217946 
 37.2759372031  37.2609474444 
 42.9193426013  42.9063182068 
 49.4171336132  49.4058154036 
 56.8986602902  56.8888232136 
 65.512855686  65.5043043159 
 75.4312006335  75.4237652718 
 86.8511373751  86.8446706779 
 100.0  99.9943740577 
7543120.06335 50 
 0.1  0.100000000002 
 0.115139539933  0.115139539941 
 0.132571136559  0.132571136569 
 0.152641796718  0.152641796725 
 0.175751062485  0.175751062589 
 0.202358964773  0.202358964773 
 0.232995181052  0.232995181056 
 0.268269579528  0.268269579563 
 0.308884359648  0.308884359341 
 0.355648030622  0.355648030634 
 0.409491506238  0.409491503615 
 0.471486636346  0.47148660692 
 0.542867543932  0.542867398652 
 0.625055192527  0.62505408611 
 0.719685673001  0.719673891748 
 0.828642772855  0.828484108184 
 0.95409547635  0.951834226152 
 1.09854114199  1.07355333048 
 1.26485521686  1.13816851037 
 1.4563484775  1.15194451011 
 1.67683293681  1.44322934529 
 1.93069772888  1.75059596279 
 2.22299648253  2.06890735897 
 2.5595479227  2.4266414136 
 2.94705170255  2.83221715716 
 3.3932217719  3.29389377886 
 3.90693993705  3.8209474467 
 4.49843266897  4.42393064507 
 5.17947467923  5.11489003877 
 5.96362331659  5.90761031752 
 6.86648845004  6.81789227789 
 7.90604321091  7.86387028158 
 9.10298177992  9.0663753941 
 10.4811313415  10.4493515678 
 12.0679264064  12.0403333113 
 13.8949549437  13.8709945097 
 15.9985871961  15.9777794056 
 18.4206996933  18.4026283925 
 21.2095088792  21.1938131138 
 24.4205309455  24.406897528 
 28.1176869797  28.1058440941 
 32.3745754282  32.3642871156 
 37.2759372031  37.2669985992 
 42.9193426013  42.911575817 
 49.4171336132  49.4103841699 
 56.8986602902  56.8927940317 
 65.512855686  65.5077561043 
 75.4312006335  75.4267665513 
 86.8511373751  86.8472809378 
 100.0  99.9966449375 
12648552.1686 50 
 0.1  0.100000000013 
 0.115139539933  0.11513953995 
 0.132571136559  0.132571136579 
 0.152641796718  0.152641796643 
 0.175751062485  0.175751062503 
 0.202358964773  0.202358964797 
 0.232995181052  0.232995181095 
 0.268269579528  0.26826957974 
 0.308884359648  0.308884358994 
 0.355648030622  0.355648030498 
 0.409491506238  0.409491500699 
 0.471486636346  0.471486605582 
 0.542867543932  0.542867397698 
 0.625055192527  0.625054046522 
 0.719685673001  0.719673353889 
 0.828642772855  0.828476876617 
 0.95409547635  0.951733834748 
 1.09854114199  1.07263735411 
 1.26485521686  1.13562891205 
 1.4563484775  1.14883050967 
 1.67683293681  1.55122621429 
 1.93069772888  1.82582789813 
 2.22299648253  2.13244819413 
 2.5595479227  2.48113565939 
 2.94705170255  2.87911601978 
 3.3932217719  3.33434091316 
 3.90693993705  3.85588748694 
 4.49843266897  4.45415221555 
 5.17947467923  5.1410563812 
 5.96362331659  5.93028290051 
 6.86648845004  6.83754906732 
 7.90604321091  7.88092001212 
 9.10298177992  9.08116886094 
 10.4811313415  10.4621906934 
 12.0679264064  12.0514785229 
 13.8949549437  13.8806708178 
 15.9985871961  15.9861814705 
 18.4206996933  18.409924783 
 21.2095088792  21.2001499127 
 24.4205309455  24.4124014037 
 28.1176869797  28.1106249281 
 32.3745754282  32.3684402587 
 37.2759372031  37.2706068137 
 42.9193426013  42.9147109523 
 49.4171336132  49.4131086099 
 56.8986602902  56.895161947 
 65.512855686  65.509814535 
 75.4312006335  75.428556345 
 86.8511373751  86.8488375616 
 100.0  99.9979991805 
21209508.8792 50 
 0.1  0.100000000047 
 0.115139539933  0.115139539839 
 0.132571136559  0.13257113655 
 0.152641796718  0.152641796732 
 0.175751062485  0.175751062513 
 0.202358964773  0.202358964834 
 0.232995181052  0.232995181155 
 0.268269579528  0.268269579593 
 0.308884359648  0.308884359486 
 0.355648030622  0.355648031871 
 0.409491506238  0.409491505125 
 0.471486636346  0.47148660352 
 0.542867543932  0.542867397285 
 0.625055192527  0.625053999585 
 0.719685673001  0.719672810951 
 0.828642772855  0.828469647333 
 0.95409547635  0.951633656621 
 1.09854114199  1.07173516764 
 1.26485521686  1.1331842083 
 1.4563484775  1.34913884471 
 1.67683293681  1.60461264388 
 1.93069772888  1.86895516084 
 2.22299648253  2.16945130261 
 2.5595479227  2.51307727679 
 2.94705170255  2.90672718442 
 3.3932217719  3.35823117922 
 3.90693993705  3.87657489606 
 4.49843266897  4.47207816164 
 5.17947467923  5.15659786679 
 5.96362331659  5.94376284005 
 6.86648845004  6.84924479989 
 7.90604321091  7.8910703029 
 9.10298177992  9.08997967334 
 10.4811313415  10.4698399741 
 12.0679264064  12.0581202068 
 13.8949549437  13.8864381962 
 15.9985871961  15.9911900459 
 18.4206996933  18.4142747007 
 21.2095088792  21.2039280407 
 24.4205309455  24.4156831183 
 28.1176869797  28.1134756513 
 32.3745754282  32.3709167838 
 37.2759372031  37.2727584511 
 42.9193426013  42.9165805202 
 49.4171336132  49.4147332921 
 56.8986602902  56.8965740358 
 65.512855686  65.511042075 
 75.4312006335  75.4296236905 
 86.8511373751  86.8497658602 
 100.0  99.9988067914 
35564803.0622 50 
 0.1  0.100000000008 
 0.115139539933  0.115139539935 
 0.132571136559  0.132571136571 
 0.152641796718  0.152641796746 
 0.175751062485  0.175751062537 
 0.202358964773  0.202358964793 
 0.232995181052  0.232995181072 
 0.268269579528  0.268269579486 
 0.308884359648  0.308884359529 
 0.355648030622  0.355648030081 
 0.409491506238  0.409491506759 
 0.471486636346  0.471486602824 
 0.542867543932  0.542867386609 
 0.625055192527  0.625053952282 
 0.719685673001  0.719672272594 
 0.828642772855  0.828462391972 
 0.95409547635  0.951533671938 
 1.09854114199  1.07084635344 
 1.26485521686  1.1308279679 
 1.4563484775  1.40259792436 
 1.67683293681  1.63452038272 
 1.93069772888  1.89414363402 
 2.22299648253  2.19122117395 
 2.5595479227  2.53193619658 
 2.94705170255  2.92307016989 
 3.3932217719  3.37239821484 
 3.90693993705  3.88885983547 
 4.49843266897  4.48273445261 
 5.17947467923  5.16584399061 
 5.96362331659  5.95178724686 
 6.86648845004  6.85621020311 
 7.90604321091  7.89711734742 
 9.10298177992  9.0952300492 
 10.4811313415  10.4743990595 
 12.0679264064  12.0620793173 
 13.8949549437  13.8898765044 
 15.9985871961  15.9941762258 
 18.4206996933  18.4168683392 
 21.2095088792  21.2061808539 
 24.4205309455  24.4176399996 
 28.1176869797  28.1151755779 
 32.3745754282  32.3723936001 
 37.2759372031  37.2740415477 
 42.9193426013  42.9176954215 
 49.4171336132  49.4157021661 
 56.8986602902  56.8974161358 
 65.512855686  65.5117741227 
 75.4312006335  75.4302602081 
 86.8511373751  86.8503194579 
 100.0  99.999288417 
59636233.1659 50 
 0.1  0.100000000049 
 0.115139539933  0.115139539952 
 0.132571136559  0.132571136584 
 0.152641796718  0.152641796796 
 0.175751062485  0.175751062619 
 0.202358964773  0.202358964724 
 0.232995181052  0.232995181121 
 0.268269579528  0.268269579487 
 0.308884359648  0.308884360239 
 0.355648030622  0.355648030072 
 0.409491506238  0.409491496622 
 0.471486636346  0.471486602065 
 0.542867543932  0.542867378622 
 0.625055192527  0.625053879674 
 0.719685673001  0.719671717833 
 0.828642772855  0.828455165984 
 0.95409547635  0.951433863268 
 1.09854114199  1.06997077168 
 1.26485521686  1.1285544154 
 1.4563484775  1.42624777865 
 1.67683293681  1.65183918672 
 1.93069772888  1.90899002187 
 2.22299648253  2.20410180604 
 2.5595479227  2.5431170483 
 2.94705170255  2.9327734603 
 3.3932217719  3.38081876025 
 3.90693993705  3.89616771855 
 4.49843266897  4.48907744104 
 5.17947467923  5.17135016969 
 5.96362331659  5.95656755892 
 6.86648845004  6.86036074298 
 7.90604321091  7.90072137515 
 9.10298177992  9.09835973417 
 10.4811313415  10.4771169825 
 12.0679264064  12.0644397636 
 13.8949549437  13.8919265771 
 15.9985871961  15.9959568058 
 18.4206996933  18.4184149139 
 21.2095088792  21.2075242331 
 24.4205309455  24.4188069354 
 28.1176869797  28.1161893012 
 32.3745754282  32.3732742858 
 37.2759372031  37.2748067172 
 42.9193426013  42.9183602929 
 49.4171336132  49.4162799571 
 56.8986602902  56.8979183266 
 65.512855686  65.5122106845 
 75.4312006335  75.4306398006 
 86.8511373751  86.850649601 
 100.0  99.9995756393 
100000000.0 50 
 0.1  0.100000000006 
 0.115139539933  0.11513953996 
 0.132571136559  0.132571136594 
 0.152641796718  0.15264179676 
 0.175751062485  0.175751062477 
 0.202358964773  0.202358964489 
 0.232995181052  0.232995181102 
 0.268269579528  0.268269579586 
 0.308884359648  0.308884359407 
 0.355648030622  0.355648029811 
 0.409491506238  0.409491504278 
 0.471486636346  0.471486600056 
 0.542867543932  0.542867370543 
 0.625055192527  0.625053850889 
 0.719685673001  0.719671188407 
 0.828642772855  0.828447931072 
 0.95409547635  0.951334261066 
 1.09854114199  1.0691078076 
 1.26485521686  1.23037393915 
 1.4563484775  1.43893896456 
 1.67683293681  1.66200775954 
 1.93069772888  1.91778409611 
 2.22299648253  2.21174775152 
 2.5595479227  2.5497617839 
 2.94705170255  2.93854498996 
 3.3932217719  3.38583052897 
 3.90693993705  3.90051936354 
 4.49843266897  4.49285590429 
 5.17947467923  5.17463106143 
 5.96362331659  5.95941653315 
 6.86648845004  6.86283477447 
 7.90604321091  7.90286989962 
 9.10298177992  9.10022564831 
 10.4811313415  10.478737514 
 12.0679264064  12.0658472251 
 13.8949549437  13.8931490193 
 15.9985871961  15.9970185824 
 18.4206996933  18.419337171 
 21.2095088792  21.2083253333 
 24.4205309455  24.4195028254 
 28.1176869797  28.1167938303 
 32.3745754282  32.3737994821 
 37.2759372031  37.275263028 
 42.9193426013  42.9187567923 
 49.4171336132  49.4166245266 
 56.8986602902  56.8982178122 
 65.512855686  65.5124710321 
 75.4312006335  75.4308661744 
 86.8511373751  86.8508464853 
 100.0  99.9997469275 
