0.001 50 
 0.1  0.1 
 0.115139539933  0.115139539933 
 0.132571136559  0.132571136559 
 0.152641796718  0.152641796718 
 0.175751062485  0.175751062485 
 0.202358964773  0.202358964773 
 0.232995181052  0.232995181052 
 0.268269579528  0.268269579528 
 0.308884359648  0.308884359648 
 0.355648030622  0.355648030622 
 0.409491506238  0.409491506238 
 0.471486636346  0.471486636346 
 0.542867543932  0.542867543932 
 0.625055192527  0.625055192527 
 0.719685673001  0.719685673001 
 0.828642772855  0.828642772855 
 0.95409547635  0.95409547635 
 1.09854114199  1.09854114199 
 1.26485521686  1.26485521685 
 1.4563484775  1.4563484775 
 1.67683293681  1.67683293677 
 1.93069772888  1.9306977286 
 2.22299648253  2.22299647996 
 2.5595479227  2.55954789666 
 2.94705170255  2.9470513998 
 3.3932217719  3.39321770996 
 3.90693993705  3.90687648343 
 4.49843266897  4.49727018441 
 5.17947467923  5.15535877803 
 5.96362331659  5.87111957397 
 6.86648845004  6.7544765248 
 7.90604321091  7.77558718614 
 9.10298177992  8.95126202175 
 10.4811313415  10.3046898042 
 12.0679264064  11.8627352378 
 13.8949549437  13.6563298646 
 15.9985871961  15.7210807343 
 18.4206996933  18.0979768515 
 21.2095088792  20.8342025433 
 24.4205309455  23.9840737386 
 28.1176869797  27.6101157239 
 32.3745754282  31.7843037528 
 37.2759372031  36.5894911111 
 42.9193426013  42.1210529579 
 49.4171336132  48.4887785452 
 56.8986602902  55.8190493231 
 65.512855686  64.2573461566 
 75.4312006335  73.9711353124 
 86.8511373751  85.15319049 
 100.0  98.0254167352 
0.00167683293681 50 
 0.1  0.1 
 0.115139539933  0.115139539933 
 0.132571136559  0.132571136559 
 0.152641796718  0.152641796718 
 0.175751062485  0.175751062485 
 0.202358964773  0.202358964773 
 0.232995181052  0.232995181052 
 0.268269579528  0.268269579528 
 0.308884359648  0.308884359648 
 0.355648030622  0.355648030622 
 0.409491506238  0.409491506238 
 0.471486636346  0.471486636346 
 0.542867543932  0.542867543932 
 0.625055192527  0.625055192527 
 0.719685673001  0.719685673001 
 0.828642772855  0.828642772855 
 0.95409547635  0.95409547635 
 1.09854114199  1.09854114199 
 1.26485521686  1.26485521685 
 1.4563484775  1.45634847749 
 1.67683293681  1.67683293671 
 1.93069772888  1.93069772808 
 2.22299648253  2.22299647532 
 2.5595479227  2.55954784947 
 2.94705170255  2.94705085127 
 3.3932217719  3.39321035089 
 3.90693993705  3.90676157277 
 4.49843266897  4.49518015135 
 5.17947467923  5.11723513543 
 5.96362331659  5.80710164467 
 6.86648845004  6.67967935578 
 7.90604321091  7.68859684614 
 9.10298177992  8.85011179836 
 10.4811313415  10.1870758589 
 12.0679264064  11.7259782117 
 13.8949549437  13.497314387 
 15.9985871961  15.5361845034 
 18.4206996933  17.8829881595 
 21.2095088792  20.5842243848 
 24.4205309455  23.6934123201 
 28.1176869797  27.2721508395 
 32.3745754282  31.3913380739 
 37.2759372031  36.1325749629 
 42.9193426013  41.5897805966 
 49.4171336132  47.8710512973 
 56.8986602902  55.1008002104 
 65.512855686  63.4222197182 
 75.4312006335  73.0001153713 
 86.8511373751  84.0241673757 
 100.0  96.7126841242 
0.00281176869797 50 
 0.1  0.1 
 0.115139539933  0.115139539933 
 0.132571136559  0.132571136559 
 0.152641796718  0.152641796718 
 0.175751062485  0.175751062485 
 0.202358964773  0.202358964773 
 0.232995181052  0.232995181052 
 0.268269579528  0.268269579528 
 0.308884359648  0.308884359648 
 0.355648030622  0.355648030622 
 0.409491506238  0.409491506238 
 0.471486636346  0.471486636346 
 0.542867543932  0.542867543932 
 0.625055192527  0.625055192527 
 0.719685673001  0.719685673001 
 0.828642772855  0.828642772855 
 0.95409547635  0.95409547635 
 1.09854114199  1.09854114199 
 1.26485521686  1.26485521685 
 1.4563484775  1.45634847746 
 1.67683293681  1.67683293653 
 1.93069772888  1.93069772662 
 2.22299648253  2.22299646225 
 2.5595479227  2.55954771679 
 2.94705170255  2.94704930896 
 3.3932217719  3.39318966051 
 3.90693993705  3.90643883349 
 4.49843266897  4.48941171736 
 5.17947467923  5.03740127608 
 5.96362331659  5.70154198348 
 6.86648845004  6.55624467869 
 7.90604321091  7.5450604527 
 9.10298177992  8.68323805191 
 10.4811313415  9.99307275483 
 12.0679264064  11.5004361938 
 13.8949549437  13.2351072921 
 15.9985871961  15.2313531785 
 18.4206996933  17.5286051368 
 21.2095088792  20.1722365773 
 24.4205309455  23.2144581697 
 28.1176869797  26.7153477687 
 32.3745754282  30.744035422 
 37.2759372031  35.3800668005 
 42.9193426013  40.714971907 
 49.4171336132  46.8540699538 
 56.8986602902  53.9185459515 
 65.512855686  62.0478398935 
 75.4312006335  71.4023955737 
 86.8511373751  82.1668231447 
 100.0  94.5535376664 
0.00471486636346 50 
 0.1  0.1 
 0.115139539933  0.115139539933 
 0.132571136559  0.132571136559 
 0.152641796718  0.152641796718 
 0.175751062485  0.175751062485 
 0.202358964773  0.202358964773 
 0.232995181052  0.232995181052 
 0.268269579528  0.268269579528 
 0.308884359648  0.308884359648 
 0.355648030622  0.355648030622 
 0.409491506238  0.409491506238 
 0.471486636346  0.471486636346 
 0.542867543932  0.542867543932 
 0.625055192527  0.625055192527 
 0.719685673001  0.719685673001 
 0.828642772855  0.828642772855 
 0.95409547635  0.954095476351 
 1.09854114199  1.09854114198 
 1.26485521686  1.26485521684 
 1.4563484775  1.45634847739 
 1.67683293681  1.67683293601 
 1.93069772888  1.93069772251 
 2.22299648253  2.22299642552 
 2.5595479227  2.55954734373 
 2.94705170255  2.9470449724 
 3.3932217719  3.39313149676 
 3.90693993705  3.90553422125 
 4.49843266897  4.4739880547 
 5.17947467923  4.90873513726 
 5.96362331659  5.52953702532 
 6.86648845004  6.35474019478 
 7.90604321091  7.31077869022 
 9.10298177992  8.41093788242 
 10.4811313415  9.67659041476 
 12.0679264064  11.1326055322 
 13.8949549437  12.8076001621 
 15.9985871961  14.7344912097 
 18.4206996933  16.9511409189 
 21.2095088792  19.501099396 
 24.4205309455  22.4344585563 
 28.1176869797  25.8088341975 
 32.3745754282  29.6904954057 
 37.2759372031  34.1556633869 
 42.9193426013  39.2920051172 
 49.4171336132  45.2003510165 
 56.8986602902  51.9966702186 
 65.512855686  59.8143420439 
 75.4312006335  68.8067680564 
 86.8511373751  79.1503757376 
 100.0  91.0480724469 
0.00790604321091 50 
 0.1  0.1 
 0.115139539933  0.115139539933 
 0.132571136559  0.132571136559 
 0.152641796718  0.152641796718 
 0.175751062485  0.175751062485 
 0.202358964773  0.202358964773 
 0.232995181052  0.232995181052 
 0.268269579528  0.268269579528 
 0.308884359648  0.308884359648 
 0.355648030622  0.355648030622 
 0.409491506238  0.409491506238 
 0.471486636346  0.471486636346 
 0.542867543932  0.542867543932 
 0.625055192527  0.625055192527 
 0.719685673001  0.719685673001 
 0.828642772855  0.828642772855 
 0.95409547635  0.954095476352 
 1.09854114199  1.09854114198 
 1.26485521686  1.26485521681 
 1.4563484775  1.45634847718 
 1.67683293681  1.67683293455 
 1.93069772888  1.93069771097 
 2.22299648253  2.22299632225 
 2.5595479227  2.55954629478 
 2.94705170255  2.94703277964 
 3.3932217719  3.39296805514 
 3.90693993705  3.90301295767 
 4.49843266897  4.43583776408 
 5.17947467923  4.72017798058 
 5.96362331659  5.25525814505 
 6.86648845004  6.03169102221 
 7.90604321091  6.93524657653 
 9.10298177992  7.97465803359 
 10.4811313415  9.16975331147 
 12.0679264064  10.5438073699 
 13.8949549437  12.1235950262 
 15.9985871961  13.9398934536 
 18.4206996933  16.0280804687 
 21.2095088792  18.4288205338 
 24.4205309455  21.1888540438 
 28.1176869797  24.3619045569 
 32.3745754282  28.0097217554 
 37.2759372031  32.2032770272 
 42.9193426013  37.0241420539 
 49.4171336132  42.5660681564 
 56.8986602902  48.9368039859 
 65.512855686  56.2601828934 
 75.4312006335  64.6785217538 
 86.8511373751  74.3553752208 
 100.0  85.4787049363 
0.0132571136559 50 
 0.1  0.1 
 0.115139539933  0.115139539933 
 0.132571136559  0.132571136559 
 0.152641796718  0.152641796718 
 0.175751062485  0.175751062485 
 0.202358964773  0.202358964773 
 0.232995181052  0.232995181052 
 0.268269579528  0.268269579528 
 0.308884359648  0.308884359648 
 0.355648030622  0.355648030622 
 0.409491506238  0.409491506238 
 0.471486636346  0.471486636346 
 0.542867543932  0.542867543932 
 0.625055192527  0.625055192527 
 0.719685673001  0.719685673001 
 0.828642772855  0.828642772858 
 0.95409547635  0.954095476351 
 1.09854114199  1.09854114196 
 1.26485521686  1.26485521671 
 1.4563484775  1.45634847661 
 1.67683293681  1.67683293046 
 1.93069772888  1.9306976785 
 2.22299648253  2.22299603186 
 2.5595479227  2.55954334542 
 2.94705170255  2.94699850124 
 3.3932217719  3.3925092928 
 3.90693993705  3.89609395198 
 4.49843266897  4.3553883642 
 5.17947467923  4.50045271017 
 5.96362331659  4.8382218301 
 6.86648845004  5.52947768378 
 7.90604321091  6.35117645006 
 9.10298177992  7.29658225452 
 10.4811313415  8.38261149289 
 12.0679264064  9.63007609544 
 13.8949549437  11.0629360886 
 15.9985871961  12.7087048498 
 18.4206996933  14.5989726074 
 21.2095088792  16.7700094372 
 24.4205309455  19.2634573724 
 28.1176869797  22.1271246874 
 32.3745754282  25.4158974076 
 37.2759372031  29.1927853128 
 42.9193426013  33.5301222394 
 49.4171336132  38.5109434006 
 56.8986602902  44.2305657795 
 65.512855686  50.7984014801 
 75.4312006335  58.3400383132 
 86.8511373751  66.9996269301 
 100.0  76.9426195947 
0.0222299648253 50 
 0.1  0.1 
 0.115139539933  0.115139539933 
 0.132571136559  0.132571136559 
 0.152641796718  0.152641796718 
 0.175751062485  0.175751062485 
 0.202358964773  0.202358964773 
 0.232995181052  0.232995181052 
 0.268269579528  0.268269579528 
 0.308884359648  0.308884359648 
 0.355648030622  0.355648030622 
 0.409491506238  0.409491506238 
 0.471486636346  0.471486636346 
 0.542867543932  0.542867543932 
 0.625055192527  0.625055192527 
 0.719685673001  0.719685673001 
 0.828642772855  0.828642772861 
 0.95409547635  0.954095476372 
 1.09854114199  1.09854114192 
 1.26485521686  1.26485521646 
 1.4563484775  1.45634847498 
 1.67683293681  1.67683291896 
 1.93069772888  1.93069758722 
 2.22299648253  2.22299521537 
 2.5595479227  2.55953505279 
 2.94705170255  2.9469021562 
 3.3932217719  3.3912256226 
 3.90693993705  3.877864042 
 4.49843266897  4.22190681402 
 5.17947467923  4.28554191044 
 5.96362331659  4.32153905031 
 6.86648845004  4.79392435345 
 7.90604321091  5.48731996166 
 9.10298177992  6.29437492647 
 10.4811313415  7.22062728291 
 12.0679264064  8.28291760229 
 13.8949549437  9.50114409839 
 15.9985871961  10.8981404705 
 18.4206996933  12.5000766415 
 21.2095088792  14.3369435004 
 24.4205309455  16.443109162 
 28.1176869797  18.8579560049 
 32.3745754282  21.6266101391 
 37.2759372031  24.8007766738 
 42.9193426013  28.439696079 
 49.4171336132  32.6112391494 
 56.8986602902  37.3931605958 
 65.512855686  42.8745341886 
 75.4312006335  49.157395678 
 86.8511373751  56.3586235147 
 100.0  64.6120917336 
0.0372759372031 50 
 0.1  0.1 
 0.115139539933  0.115139539933 
 0.132571136559  0.132571136559 
 0.152641796718  0.152641796718 
 0.175751062485  0.175751062485 
 0.202358964773  0.202358964773 
 0.232995181052  0.232995181052 
 0.268269579528  0.268269579528 
 0.308884359648  0.308884359648 
 0.355648030622  0.355648030622 
 0.409491506238  0.409491506238 
 0.471486636346  0.471486636346 
 0.542867543932  0.542867543932 
 0.625055192527  0.625055192528 
 0.719685673001  0.719685673003 
 0.828642772855  0.828642772863 
 0.95409547635  0.95409547646 
 1.09854114199  1.0985411418 
 1.26485521686  1.26485521575 
 1.4563484775  1.45634847042 
 1.67683293681  1.67683288662 
 1.93069772888  1.93069733057 
 2.22299648253  2.2229929196 
 2.5595479227  2.55951173785 
 2.94705170255  2.94663155975 
 3.3932217719  3.38766480558 
 3.90693993705  3.83424795117 
 4.49843266897  4.04792151332 
 5.17947467923  4.07242231109 
 5.96362331659  4.07373634006 
 6.86648845004  4.07379189707 
 7.90604321091  4.34031531184 
 9.10298177992  4.93219335542 
 10.4811313415  5.64214935794 
 12.0679264064  6.45651088479 
 13.8949549437  7.38812142799 
 15.9985871961  8.45365568114 
 18.4206996933  9.6722802653 
 21.2095088792  11.0658995967 
 24.4205309455  12.6595385478 
 28.1176869797  14.4817845899 
 32.3745754282  16.5652925302 
 37.2759372031  18.9473604143 
 42.9193426013  21.6705865763 
 49.4171336132  24.7836192236 
 56.8986602902  28.3420115475 
 65.512855686  32.4091971765 
 75.4312006335  37.0576028864 
 86.8511373751  42.3699178809 
 100.0  48.4405417194 
0.0625055192527 50 
 0.1  0.1 
 0.115139539933  0.115139539933 
 0.132571136559  0.132571136559 
 0.152641796718  0.152641796718 
 0.175751062485  0.175751062485 
 0.202358964773  0.202358964773 
 0.232995181052  0.232995181052 
 0.268269579528  0.268269579528 
 0.308884359648  0.308884359648 
 0.355648030622  0.355648030622 
 0.409491506238  0.409491506238 
 0.471486636346  0.471486636346 
 0.542867543932  0.542867543933 
 0.625055192527  0.625055192528 
 0.719685673001  0.719685673015 
 0.828642772855  0.828642772855 
 0.95409547635  0.954095476553 
 1.09854114199  1.09854114145 
 1.26485521686  1.26485521374 
 1.4563484775  1.4563484576 
 1.67683293681  1.6768327957 
 1.93069772888  1.93069660891 
 2.22299648253  2.22298646465 
 2.5595479227  2.55944620097 
 2.94705170255  2.94587307868 
 3.3932217719  3.37801660921 
 3.90693993705  3.74745887699 
 4.49843266897  3.85524305144 
 5.17947467923  3.86407014773 
 5.96362331659  3.86452528243 
 6.86648845004  3.86454441114 
 7.90604321091  3.8645448328 
 9.10298177992  3.86454521487 
 10.4811313415  3.90131699638 
 12.0679264064  4.30606908105 
 13.8949549437  4.8947195347 
 15.9985871961  5.57773270235 
 18.4206996933  6.35650544006 
 21.2095088792  7.24338074762 
 24.4205309455  8.25319825652 
 28.1176869797  9.40287784476 
 32.3745754282  10.7116535508 
 37.2759372031  12.2013846152 
 42.9193426013  13.8969108395 
 49.4171336132  15.8264558828 
 56.8986602902  18.0220848147 
 65.512855686  20.5202232452 
 75.4312006335  23.3622463826 
 86.8511373751  26.5951475661 
 100.0  30.2722965951 
0.104811313415 50 
 0.1  0.1 
 0.115139539933  0.115139539933 
 0.132571136559  0.132571136559 
 0.152641796718  0.152641796718 
 0.175751062485  0.175751062485 
 0.202358964773  0.202358964773 
 0.232995181052  0.232995181052 
 0.268269579528  0.268269579528 
 0.308884359648  0.308884359648 
 0.355648030622  0.355648030622 
 0.409491506238  0.409491506238 
 0.471486636346  0.471486636346 
 0.542867543932  0.542867543934 
 0.625055192527  0.625055192527 
 0.719685673001  0.719685673026 
 0.828642772855  0.828642772833 
 0.95409547635  0.954095476559 
 1.09854114199  1.09854114047 
 1.26485521686  1.26485520808 
 1.4563484775  1.45634842155 
 1.67683293681  1.67683254003 
 1.93069772888  1.93069457981 
 2.22299648253  2.22296831642 
 2.5595479227  2.5592620832 
 2.94705170255  2.94375894861 
 3.3932217719  3.3533888795 
 3.90693993705  3.61304092394 
 4.49843266897  3.65843305519 
 5.17947467923  3.66152533986 
 5.96362331659  3.66168252201 
 6.86648845004  3.66168909982 
 7.90604321091  3.66168956345 
 9.10298177992  3.66168952834 
 10.4811313415  3.66168912669 
 12.0679264064  3.66168912661 
 13.8949549437  3.66168911533 
 15.9985871961  3.66168921313 
 18.4206996933  3.66168907922 
 21.2095088792  3.74519525022 
 24.4205309455  4.15174681942 
 28.1176869797  4.69090224274 
 32.3745754282  5.30921707182 
 37.2759372031  6.00899880533 
 42.9193426013  6.80005433178 
 49.4171336132  7.69408571586 
 56.8986602902  8.70433362394 
 65.512855686  9.84572533463 
 75.4312006335  11.1350845746 
 86.8511373751  12.5913697978 
 100.0  14.2359467455 
0.175751062485 50 
 0.1  0.1 
 0.115139539933  0.115139539933 
 0.132571136559  0.132571136559 
 0.152641796718  0.152641796718 
 0.175751062485  0.175751062485 
 0.202358964773  0.202358964773 
 0.232995181052  0.232995181052 
 0.268269579528  0.268269579528 
 0.308884359648  0.308884359648 
 0.355648030622  0.355648030622 
 0.409491506238  0.409491506238 
 0.471486636346  0.471486636348 
 0.542867543932  0.542867543935 
 0.625055192527  0.625055192556 
 0.719685673001  0.719685673023 
 0.828642772855  0.828642773012 
 0.95409547635  0.954095475537 
 1.09854114199  1.09854113771 
 1.26485521686  1.26485519219 
 1.4563484775  1.45634832018 
 1.67683293681  1.67683182116 
 1.93069772888  1.93068887461 
 2.22299648253  2.2229173005 
 2.5595479227  2.55874557956 
 2.94705170255  2.93795610899 
 3.3932217719  3.29825493174 
 3.90693993705  3.44698085518 
 4.49843266897  3.46404584778 
 5.17947467923  3.46511730714 
 5.96362331659  3.46517134421 
 6.86648845004  3.46517368839 
 7.90604321091  3.46517404836 
 9.10298177992  3.46517375493 
 10.4811313415  3.46517380642 
 12.0679264064  3.46517381532 
 13.8949549437  3.46517386445 
 15.9985871961  3.46517376479 
 18.4206996933  3.4651736862 
 21.2095088792  3.46517371014 
 24.4205309455  3.46517369482 
 28.1176869797  3.4651736909 
 32.3745754282  3.4651737934 
 37.2759372031  3.46517373847 
 42.9193426013  3.46517373355 
 49.4171336132  3.46517367474 
 56.8986602902  3.46517380548 
 65.512855686  3.46517377605 
 75.4312006335  3.5623669326 
 86.8511373751  3.91590157255 
 100.0  4.3740105464 
0.294705170255 50 
 0.1  0.1 
 0.115139539933  0.115139539933 
 0.132571136559  0.132571136559 
 0.152641796718  0.152641796718 
 0.175751062485  0.175751062485 
 0.202358964773  0.202358964773 
 0.232995181052  0.232995181052 
 0.268269579528  0.268269579528 
 0.308884359648  0.308884359648 
 0.355648030622  0.355648030623 
 0.409491506238  0.409491506238 
 0.471486636346  0.47148663635 
 0.542867543932  0.542867543932 
 0.625055192527  0.62505519259 
 0.719685673001  0.71968567298 
 0.828642772855  0.828642773388 
 0.95409547635  0.954095474064 
 1.09854114199  1.09854112997 
 1.26485521686  1.2648551475 
 1.4563484775  1.45634803515 
 1.67683293681  1.6768297999 
 1.93069772888  1.9306728341 
 2.22299648253  2.22277395593 
 2.5595479227  2.55730267009 
 2.94705170255  2.92265973545 
 3.3932217719  3.19923495065 
 3.90693993705  3.26847813428 
 4.49843266897  3.27455473686 
 5.17947467923  3.27492425035 
 5.96362331659  3.2749428761 
 6.86648845004  3.27494358808 
 7.90604321091  3.27494375498 
 9.10298177992  3.27494378118 
 10.4811313415  3.27494375832 
 12.0679264064  3.27494373354 
 13.8949549437  3.27494380493 
 15.9985871961  3.27494361105 
 18.4206996933  3.27494380042 
 21.2095088792  3.27494360984 
 24.4205309455  3.27494370779 
 28.1176869797  3.27494361085 
 32.3745754282  3.27494367111 
 37.2759372031  3.27494371452 
 42.9193426013  3.27494364778 
 49.4171336132  3.27494365593 
 56.8986602902  3.27494371932 
 65.512855686  3.27494368603 
 75.4312006335  3.27494362238 
 86.8511373751  3.27494362308 
 100.0  3.27494361992 
0.494171336132 50 
 0.1  0.1 
 0.115139539933  0.115139539933 
 0.132571136559  0.132571136559 
 0.152641796718  0.152641796718 
 0.175751062485  0.175751062485 
 0.202358964773  0.202358964772 
 0.232995181052  0.232995181051 
 0.268269579528  0.268269579528 
 0.308884359648  0.308884359648 
 0.355648030622  0.355648030622 
 0.409491506238  0.409491506242 
 0.471486636346  0.47148663635 
 0.542867543932  0.542867543923 
 0.625055192527  0.625055192607 
 0.719685673001  0.719685672699 
 0.828642772855  0.828642771518 
 0.95409547635  0.954095469922 
 1.09854114199  1.09854110821 
 1.26485521686  1.26485502185 
 1.4563484775  1.45634723372 
 1.67683293681  1.67682411675 
 1.93069772888  1.93062774303 
 2.22299648253  2.22237169457 
 2.5595479227  2.553317808 
 2.94705170255  2.88602595974 
 3.3932217719  3.06113765558 
 3.90693993705  3.08869342805 
 4.49843266897  3.09080942637 
 5.17947467923  3.09093655366 
 5.96362331659  3.09094306961 
 6.86648845004  3.09094335621 
 7.90604321091  3.09094329541 
 9.10298177992  3.09094329526 
 10.4811313415  3.09094337153 
 12.0679264064  3.0909432666 
 13.8949549437  3.09094328075 
 15.9985871961  3.09094339653 
 18.4206996933  3.09094325439 
 21.2095088792  3.09094327659 
 24.4205309455  3.09094337075 
 28.1176869797  3.09094326539 
 32.3745754282  3.0909433446 
 37.2759372031  3.09094332773 
 42.9193426013  3.09094327363 
 49.4171336132  3.09094330726 
 56.8986602902  3.09094322515 
 65.512855686  3.09094328977 
 75.4312006335  3.09094323444 
 86.8511373751  3.09094326048 
 100.0  3.09094327613 
0.828642772855 50 
 0.1  0.1 
 0.115139539933  0.115139539933 
 0.132571136559  0.132571136559 
 0.152641796718  0.152641796717 
 0.175751062485  0.175751062485 
 0.202358964773  0.202358964772 
 0.232995181052  0.232995181051 
 0.268269579528  0.268269579528 
 0.308884359648  0.308884359647 
 0.355648030622  0.355648030621 
 0.409491506238  0.409491506243 
 0.471486636346  0.471486636338 
 0.542867543932  0.542867543945 
 0.625055192527  0.625055192498 
 0.719685673001  0.719685672045 
 0.828642772855  0.828642769097 
 0.95409547635  0.954095458276 
 1.09854114199  1.098541047 
 1.26485521686  1.26485466856 
 1.4563484775  1.4563449803 
 1.67683293681  1.67680813858 
 1.93069772888  1.93050104426 
 2.22299648253  2.22124682982 
 2.5595479227  2.54264592886 
 2.94705170255  2.81303083138 
 3.3932217719  2.90228471757 
 3.90693993705  2.91233981794 
 4.49843266897  2.91307015499 
 5.17947467923  2.91311393556 
 5.96362331659  2.91311619617 
 6.86648845004  2.91311623433 
 7.90604321091  2.91311624529 
 9.10298177992  2.91311624417 
 10.4811313415  2.91311621828 
 12.0679264064  2.91311623201 
 13.8949549437  2.91311622553 
 15.9985871961  2.91311627645 
 18.4206996933  2.91311623193 
 21.2095088792  2.91311623346 
 24.4205309455  2.91311620751 
 28.1176869797  2.91311625576 
 32.3745754282  2.91311626965 
 37.2759372031  2.91311623802 
 42.9193426013  2.91311623696 
 49.4171336132  2.91311624153 
 56.8986602902  2.91311620589 
 65.512855686  2.91311625955 
 75.4312006335  2.91311625135 
 86.8511373751  2.91311615099 
 100.0  2.91311619749 
1.38949549437 50 
 0.1  0.0999999999999 
 0.115139539933  0.115139539933 
 0.132571136559  0.132571136559 
 0.152641796718  0.152641796717 
 0.175751062485  0.175751062485 
 0.202358964773  0.202358964772 
 0.232995181052  0.23299518105 
 0.268269579528  0.268269579525 
 0.308884359648  0.308884359643 
 0.355648030622  0.355648030608 
 0.409491506238  0.4094915062 
 0.471486636346  0.471486636285 
 0.542867543932  0.542867543463 
 0.625055192527  0.625055191166 
 0.719685673001  0.719685670985 
 0.828642772855  0.82864275894 
 0.95409547635  0.954095423557 
 1.09854114199  1.09854087492 
 1.26485521686  1.26485367518 
 1.4563484775  1.45633864447 
 1.67683293681  1.67676322358 
 1.93069772888  1.93014546974 
 2.22299648253  2.21813193459 
 2.5595479227  2.51615254719 
 2.94705170255  2.69989625497 
 3.3932217719  2.73760747342 
 3.90693993705  2.74113864233 
 4.49843266897  2.74138973427 
 5.17947467923  2.74140483529 
 5.96362331659  2.74140558501 
 6.86648845004  2.74140565781 
 7.90604321091  2.74140558736 
 9.10298177992  2.7414056096 
 10.4811313415  2.74140560198 
 12.0679264064  2.74140558885 
 13.8949549437  2.74140555619 
 15.9985871961  2.74140563682 
 18.4206996933  2.74140555878 
 21.2095088792  2.74140556038 
 24.4205309455  2.74140557793 
 28.1176869797  2.74140560612 
 32.3745754282  2.74140560284 
 37.2759372031  2.7414056362 
 42.9193426013  2.74140560996 
 49.4171336132  2.74140557178 
 56.8986602902  2.74140553903 
 65.512855686  2.74140561641 
 75.4312006335  2.74140564086 
 86.8511373751  2.74140562887 
 100.0  2.74140559017 
2.32995181052 50 
 0.1  0.0999999999996 
 0.115139539933  0.115139539932 
 0.132571136559  0.132571136558 
 0.152641796718  0.152641796716 
 0.175751062485  0.175751062483 
 0.202358964773  0.20235896477 
 0.232995181052  0.232995181042 
 0.268269579528  0.268269579515 
 0.308884359648  0.308884359626 
 0.355648030622  0.355648030548 
 0.409491506238  0.409491505796 
 0.471486636346  0.471486635471 
 0.542867543932  0.542867541682 
 0.625055192527  0.625055186822 
 0.719685673001  0.719685654987 
 0.828642772855  0.82864271901 
 0.95409547635  0.954095281062 
 1.09854114199  1.09854028488 
 1.26485521686  1.26485085905 
 1.4563484775  1.45632083186 
 1.67683293681  1.67663702707 
 1.93069772888  1.92915096944 
 2.22299648253  2.20973075416 
 2.5595479227  2.45993228464 
 2.94705170255  2.56027843431 
 3.3932217719  2.57444155702 
 3.90693993705  2.57566273055 
 4.49843266897  2.57574892691 
 5.17947467923  2.57575406598 
 5.96362331659  2.57575435286 
 6.86648845004  2.57575435771 
 7.90604321091  2.57575436037 
 9.10298177992  2.57575437577 
 10.4811313415  2.57575439001 
 12.0679264064  2.57575439171 
 13.8949549437  2.57575439312 
 15.9985871961  2.57575432261 
 18.4206996933  2.575754377 
 21.2095088792  2.57575431428 
 24.4205309455  2.57575431199 
 28.1176869797  2.57575438498 
 32.3745754282  2.57575435938 
 37.2759372031  2.5757544001 
 42.9193426013  2.5757544005 
 49.4171336132  2.57575435083 
 56.8986602902  2.57575438998 
 65.512855686  2.57575435017 
 75.4312006335  2.57575432399 
 86.8511373751  2.57575429148 
 100.0  2.57575431348 
3.90693993705 50 
 0.1  0.0999999999985 
 0.115139539933  0.115139539931 
 0.132571136559  0.132571136554 
 0.152641796718  0.15264179671 
 0.175751062485  0.175751062478 
 0.202358964773  0.202358964751 
 0.232995181052  0.232995180999 
 0.268269579528  0.26826957935 
 0.308884359648  0.308884359287 
 0.355648030622  0.355648029874 
 0.409491506238  0.409491504506 
 0.471486636346  0.471486632297 
 0.542867543932  0.542867533305 
 0.625055192527  0.625055165995 
 0.719685673001  0.719685591072 
 0.828642772855  0.828642511302 
 0.95409547635  0.954094548745 
 1.09854114199  1.09853752531 
 1.26485521686  1.26483937904 
 1.4563484775  1.45626554219 
 1.67683293681  1.67628293354 
 1.93069772888  1.92639563782 
 2.22299648253  2.18852390094 
 2.5595479227  2.3660300962 
 2.94705170255  2.41062780967 
 3.3932217719  2.41565556659 
 3.90693993705  2.41607532394 
 4.49843266897  2.41610485543 
 5.17947467923  2.41610666177 
 5.96362331659  2.4161067378 
 6.86648845004  2.4161067618 
 7.90604321091  2.41610672401 
 9.10298177992  2.41610675433 
 10.4811313415  2.41610674701 
 12.0679264064  2.41610674148 
 13.8949549437  2.41610675269 
 15.9985871961  2.41610672506 
 18.4206996933  2.41610673077 
 21.2095088792  2.41610675055 
 24.4205309455  2.41610672232 
 28.1176869797  2.41610675674 
 32.3745754282  2.41610674671 
 37.2759372031  2.41610671209 
 42.9193426013  2.41610669121 
 49.4171336132  2.41610671813 
 56.8986602902  2.41610674677 
 65.512855686  2.41610670153 
 75.4312006335  2.41610672128 
 86.8511373751  2.41610670869 
 100.0  2.41610671185 
6.5512855686 50 
 0.1  0.0999999999815 
 0.115139539933  0.115139539879 
 0.132571136559  0.132571136457 
 0.152641796718  0.152641796598 
 0.175751062485  0.175751062342 
 0.202358964773  0.202358964558 
 0.232995181052  0.232995180617 
 0.268269579528  0.268269578684 
 0.308884359648  0.308884357898 
 0.355648030622  0.355648027181 
 0.409491506238  0.40949149833 
 0.471486636346  0.471486618004 
 0.542867543932  0.542867496531 
 0.625055192527  0.625055062989 
 0.719685673001  0.719685285463 
 0.828642772855  0.828641527572 
 0.95409547635  0.95409113082 
 1.09854114199  1.09852449984 
 1.26485521686  1.26478483549 
 1.4563484775  1.45601412192 
 1.67683293681  1.67499922023 
 1.93069772888  1.91873339485 
 2.22299648253  2.14208860828 
 2.5595479227  2.24330984284 
 2.94705170255  2.26051231258 
 3.3932217719  2.26225642827 
 3.90693993705  2.26240037377 
 4.49843266897  2.26241052524 
 5.17947467923  2.26241110879 
 5.96362331659  2.26241115479 
 6.86648845004  2.26241114348 
 7.90604321091  2.26241116247 
 9.10298177992  2.26241116206 
 10.4811313415  2.26241115258 
 12.0679264064  2.26241116601 
 13.8949549437  2.26241114943 
 15.9985871961  2.26241113588 
 18.4206996933  2.26241115611 
 21.2095088792  2.26241116785 
 24.4205309455  2.26241115051 
 28.1176869797  2.26241113525 
 32.3745754282  2.26241111873 
 37.2759372031  2.26241115401 
 42.9193426013  2.26241109554 
 49.4171336132  2.26241111241 
 56.8986602902  2.26241115634 
 65.512855686  2.26241112599 
 75.4312006335  2.26241113349 
 86.8511373751  2.26241115249 
 100.0  2.26241112526 
10.9854114199 50 
 0.1  0.0999999999767 
 0.115139539933  0.115139539907 
 0.132571136559  0.132571136469 
 0.152641796718  0.15264179661 
 0.175751062485  0.17575106215 
 0.202358964773  0.202358963947 
 0.232995181052  0.232995179789 
 0.268269579528  0.268269576558 
 0.308884359648  0.308884353251 
 0.355648030622  0.355648016215 
 0.409491506238  0.40949147235 
 0.471486636346  0.471486553084 
 0.542867543932  0.54286732835 
 0.625055192527  0.625054593675 
 0.719685673001  0.719683879411 
 0.828642772855  0.828636991403 
 0.95409547635  0.954075202446 
 1.09854114199  1.09846361721 
 1.26485521686  1.26452983021 
 1.4563484775  1.45483988902 
 1.67683293681  1.66912367821 
 1.93069772888  1.88968489455 
 2.22299648253  2.04730046555 
 2.5595479227  2.10033950495 
 2.94705170255  2.10878855392 
 3.3932217719  2.10959531315 
 3.90693993705  2.10966157635 
 4.49843266897  2.10966615175 
 5.17947467923  2.10966652193 
 5.96362331659  2.10966656085 
 6.86648845004  2.10966657883 
 7.90604321091  2.10966658335 
 9.10298177992  2.10966658432 
 10.4811313415  2.10966650004 
 12.0679264064  2.10966646681 
 13.8949549437  2.10966653668 
 15.9985871961  2.10966650613 
 18.4206996933  2.10966651431 
 21.2095088792  2.10966647493 
 24.4205309455  2.10966651271 
 28.1176869797  2.10966652166 
 32.3745754282  2.10966651125 
 37.2759372031  2.10966645325 
 42.9193426013  2.10966651401 
 49.4171336132  2.10966651117 
 56.8986602902  2.10966647503 
 65.512855686  2.10966650689 
 75.4312006335  2.10966652539 
 86.8511373751  2.10966656882 
 100.0  2.10966656169 
18.4206996933 50 
 0.1  0.0999999999679 
 0.115139539933  0.115139539922 
 0.132571136559  0.132571136534 
 0.152641796718  0.152641796442 
 0.175751062485  0.175751061697 
 0.202358964773  0.202358963232 
 0.232995181052  0.232995178077 
 0.268269579528  0.268269572701 
 0.308884359648  0.308884342712 
 0.355648030622  0.355647988766 
 0.409491506238  0.409491399507 
 0.471486636346  0.471486349762 
 0.542867543932  0.54286674093 
 0.625055192527  0.625052822186 
 0.719685673001  0.719678248426 
 0.828642772855  0.828617963335 
 0.95409547635  0.954006281716 
 1.09854114199  1.09819396774 
 1.26485521686  1.26338495137 
 1.4563484775  1.44960126049 
 1.67683293681  1.6448277242 
 1.93069772888  1.80024682269 
 2.22299648253  1.86712738989 
 2.5595479227  1.88215282937 
 2.94705170255  1.88452041965 
 3.3932217719  1.88482824826 
 3.90693993705  1.88485647047 
 4.49843266897  1.88485858586 
 5.17947467923  1.88485862144 
 5.96362331659  1.88485871678 
 6.86648845004  1.88485860851 
 7.90604321091  1.88485868815 
 9.10298177992  1.88485867425 
 10.4811313415  1.88485864007 
 12.0679264064  1.88485857541 
 13.8949549437  1.88485864505 
 15.9985871961  1.88485863855 
 18.4206996933  1.8848586844 
 21.2095088792  1.88485861123 
 24.4205309455  1.88485860918 
 28.1176869797  1.88485861714 
 32.3745754282  1.88485913604 
 37.2759372031  1.88485869223 
 42.9193426013  1.88485867155 
 49.4171336132  1.88485864202 
 56.8986602902  1.88485864087 
 65.512855686  1.88485859799 
 75.4312006335  1.88485868367 
 86.8511373751  1.88485868917 
 100.0  1.88485867614 
30.8884359648 50 
 0.1  0.0999999999974 
 0.115139539933  0.115139539929 
 0.132571136559  0.132571136423 
 0.152641796718  0.152641796496 
 0.175751062485  0.175751062351 
 0.202358964773  0.202358962678 
 0.232995181052  0.232995176219 
 0.268269579528  0.268269568473 
 0.308884359648  0.308884332356 
 0.355648030622  0.355647958932 
 0.409491506238  0.409491305074 
 0.471486636346  0.471486049196 
 0.542867543932  0.542865733297 
 0.625055192527  0.625049295645 
 0.719685673001  0.719665280394 
 0.828642772855  0.828567809285 
 0.95409547635  0.95380166416 
 1.09854114199  1.09731011065 
 1.26485521686  1.25936459537 
 1.4563484775  1.43126665193 
 1.67683293681  1.57578957697 
 1.93069772888  1.64616139585 
 2.22299648253  1.66423068017 
 2.5595479227  1.66739778911 
 2.94705170255  1.66785839226 
 3.3932217719  1.66791690582 
 3.90693993705  1.66792332553 
 4.49843266897  1.66792412617 
 5.17947467923  1.66792390985 
 5.96362331659  1.6679239504 
 6.86648845004  1.66792396143 
 7.90604321091  1.66792410749 
 9.10298177992  1.66792406342 
 10.4811313415  1.66792410828 
 12.0679264064  1.66792403209 
 13.8949549437  1.66792396289 
 15.9985871961  1.66792392203 
 18.4206996933  1.66792412481 
 21.2095088792  1.66792401601 
 24.4205309455  1.66792391991 
 28.1176869797  1.6679239043 
 32.3745754282  1.66792388814 
 37.2759372031  1.66792413512 
 42.9193426013  1.6679240011 
 49.4171336132  1.66792390977 
 56.8986602902  1.66792398088 
 65.512855686  1.6679239647 
 75.4312006335  1.66792395984 
 86.8511373751  1.6679239051 
 100.0  1.66792406719 
51.7947467923 50 
 0.1  0.0999999999992 
 0.115139539933  0.115139539877 
 0.132571136559  0.132571136469 
 0.152641796718  0.152641796718 
 0.175751062485  0.175751061836 
 0.202358964773  0.202358962187 
 0.232995181052  0.232995180525 
 0.268269579528  0.268269565913 
 0.308884359648  0.3088843246 
 0.355648030622  0.355647937623 
 0.409491506238  0.409491241401 
 0.471486636346  0.471485823236 
 0.542867543932  0.542864912043 
 0.625055192527  0.625046064724 
 0.719685673001  0.719652021801 
 0.828642772855  0.828509615453 
 0.95409547635  0.953529256063 
 1.09854114199  1.09595786873 
 1.26485521686  1.25249206041 
 1.4563484775  1.40040931171 
 1.67683293681  1.4894728523 
 1.93069772888  1.51607064747 
 2.22299648253  1.52080616583 
 2.5595479227  1.52147619415 
 2.94705170255  1.52155985592 
 3.3932217719  1.52156926438 
 3.90693993705  1.52157026262 
 4.49843266897  1.52157031151 
 5.17947467923  1.52157038807 
 5.96362331659  1.521570312 
 6.86648845004  1.52157036857 
 7.90604321091  1.52157028781 
 9.10298177992  1.52157028205 
 10.4811313415  1.52157037889 
 12.0679264064  1.52157032752 
 13.8949549437  1.52157030135 
 15.9985871961  1.52157030086 
 18.4206996933  1.52157046909 
 21.2095088792  1.5215702821 
 24.4205309455  1.52157034943 
 28.1176869797  1.5215703741 
 32.3745754282  1.52157029099 
 37.2759372031  1.52157030233 
 42.9193426013  1.5215703048 
 49.4171336132  1.52157031723 
 56.8986602902  1.52157030259 
 65.512855686  1.52157032646 
 75.4312006335  1.5215702839 
 86.8511373751  1.52157037774 
 100.0  1.52157037408 
86.8511373751 50 
 0.1  0.0999999999809 
 0.115139539933  0.115139539906 
 0.132571136559  0.132571136588 
 0.152641796718  0.152641796714 
 0.175751062485  0.17575106209 
 0.202358964773  0.202358964486 
 0.232995181052  0.232995181013 
 0.268269579528  0.268269564239 
 0.308884359648  0.308884320681 
 0.355648030622  0.355647924216 
 0.409491506238  0.40949119965 
 0.471486636346  0.4714856705 
 0.542867543932  0.542864361987 
 0.625055192527  0.625043985315 
 0.719685673001  0.719643165445 
 0.828642772855  0.828469312609 
 0.95409547635  0.953330611569 
 1.09854114199  1.09491304807 
 1.26485521686  1.24699129441 
 1.4563484775  1.37785046689 
 1.67683293681  1.44111251837 
 1.93069772888  1.45587259296 
 2.22299648253  1.45809427504 
 2.5595479227  1.45836945212 
 2.94705170255  1.45839935824 
 3.3932217719  1.45840224175 
 3.90693993705  1.45840250203 
 4.49843266897  1.45840251956 
 5.17947467923  1.45840252425 
 5.96362331659  1.45840251896 
 6.86648845004  1.45840250771 
 7.90604321091  1.45840252075 
 9.10298177992  1.45840249963 
 10.4811313415  1.45840250247 
 12.0679264064  1.45840252343 
 13.8949549437  1.45840251805 
 15.9985871961  1.45840251938 
 18.4206996933  1.4584025258 
 21.2095088792  1.45840252468 
 24.4205309455  1.45840251371 
 28.1176869797  1.45840251698 
 32.3745754282  1.45840251345 
 37.2759372031  1.45840250331 
 42.9193426013  1.45840250749 
 49.4171336132  1.4584025072 
 56.8986602902  1.45840251652 
 65.512855686  1.45840251073 
 75.4312006335  1.45840250872 
 86.8511373751  1.45840248047 
 100.0  1.45840248582 
145.63484775 50 
 0.1  0.10000000002 
 0.115139539933  0.115139539986 
 0.132571136559  0.132571136577 
 0.152641796718  0.152641796628 
 0.175751062485  0.17575106244 
 0.202358964773  0.202358964723 
 0.232995181052  0.232995178793 
 0.268269579528  0.268269562504 
 0.308884359648  0.308884318079 
 0.355648030622  0.35564791621 
 0.409491506238  0.409491171635 
 0.471486636346  0.471485584534 
 0.542867543932  0.542864040716 
 0.625055192527  0.625042709596 
 0.719685673001  0.719637831837 
 0.828642772855  0.828444717818 
 0.95409547635  0.953208615936 
 1.09854114199  1.0942681173 
 1.26485521686  1.24365888722 
 1.4563484775  1.36553970632 
 1.67683293681  1.41861922136 
 1.93069772888  1.42993896809 
 2.22299648253  1.43157031516 
 2.5595479227  1.43176650704 
 2.94705170255  1.43178710967 
 3.3932217719  1.43178903791 
 3.90693993705  1.43178920168 
 4.49843266897  1.43178920856 
 5.17947467923  1.43178915298 
 5.96362331659  1.43178919894 
 6.86648845004  1.43178918118 
 7.90604321091  1.43178917134 
 9.10298177992  1.43178919912 
 10.4811313415  1.43178916043 
 12.0679264064  1.43178915215 
 13.8949549437  1.43178905774 
 15.9985871961  1.43178915922 
 18.4206996933  1.43178917117 
 21.2095088792  1.43178915516 
 24.4205309455  1.43178919785 
 28.1176869797  1.43178915612 
 32.3745754282  1.43178915139 
 37.2759372031  1.43178917798 
 42.9193426013  1.43178914786 
 49.4171336132  1.43178918936 
 56.8986602902  1.43178927263 
 65.512855686  1.43178916679 
 75.4312006335  1.43178923189 
 86.8511373751  1.43178915115 
 100.0  1.43178915847 
244.205309455 50 
 0.1  0.100000000081 
 0.115139539933  0.115139539976 
 0.132571136559  0.132571136543 
 0.152641796718  0.15264179668 
 0.175751062485  0.175751061957 
 0.202358964773  0.202358964546 
 0.232995181052  0.232995178498 
 0.268269579528  0.268269562224 
 0.308884359648  0.308884316519 
 0.355648030622  0.355647910863 
 0.409491506238  0.409491157298 
 0.471486636346  0.471485528245 
 0.542867543932  0.542863843283 
 0.625055192527  0.625041944498 
 0.719685673001  0.71963462748 
 0.828642772855  0.8284300018 
 0.95409547635  0.953135658806 
 1.09854114199  1.09388355328 
 1.26485521686  1.24171009872 
 1.4563484775  1.35880041907 
 1.67683293681  1.40721126336 
 1.93069772888  1.41715717783 
 2.22299648253  1.41857251742 
 2.5595479227  1.41874184276 
 2.94705170255  1.41875959048 
 3.3932217719  1.41876130287 
 3.90693993705  1.41876140562 
 4.49843266897  1.41876131078 
 5.17947467923  1.41876123511 
 5.96362331659  1.41876131907 
 6.86648845004  1.41876135385 
 7.90604321091  1.41876134045 
 9.10298177992  1.41876134886 
 10.4811313415  1.41876128185 
 12.0679264064  1.41876135275 
 13.8949549437  1.41876135568 
 15.9985871961  1.41876133338 
 18.4206996933  1.4187613559 
 21.2095088792  1.41876133837 
 24.4205309455  1.41876134313 
 28.1176869797  1.41876132944 
 32.3745754282  1.41876133415 
 37.2759372031  1.41876134028 
 42.9193426013  1.41876132943 
 49.4171336132  1.41876138191 
 56.8986602902  1.41876133701 
 65.512855686  1.41876136298 
 75.4312006335  1.41876128965 
 86.8511373751  1.41876134437 
 100.0  1.41876135084 
409.491506238 50 
 0.1  0.100000000074 
 0.115139539933  0.115139539959 
 0.132571136559  0.132571136548 
 0.152641796718  0.152641796751 
 0.175751062485  0.175751062958 
 0.202358964773  0.202358964646 
 0.232995181052  0.232995180728 
 0.268269579528  0.268269560281 
 0.308884359648  0.308884330517 
 0.355648030622  0.35564790806 
 0.409491506238  0.409491146225 
 0.471486636346  0.471485498636 
 0.542867543932  0.542863733501 
 0.625055192527  0.62504148289 
 0.719685673001  0.71963271331 
 0.828642772855  0.828421225383 
 0.95409547635  0.953092162146 
 1.09854114199  1.09365481327 
 1.26485521686  1.24056548756 
 1.4563484775  1.35498754226 
 1.67683293681  1.40099513515 
 1.93069772888  1.41027700094 
 2.22299648253  1.41159122392 
 2.5595479227  1.4117482212 
 2.94705170255  1.41176467691 
 3.3932217719  1.41176620291 
 3.90693993705  1.41176639894 
 4.49843266897  1.4117662949 
 5.17947467923  1.41176630798 
 5.96362331659  1.41176633751 
 6.86648845004  1.41176637444 
 7.90604321091  1.41176631467 
 9.10298177992  1.41176628568 
 10.4811313415  1.41176627299 
 12.0679264064  1.41176632292 
 13.8949549437  1.41176631342 
 15.9985871961  1.41176631423 
 18.4206996933  1.41176629766 
 21.2095088792  1.41176628498 
 24.4205309455  1.41176627882 
 28.1176869797  1.41176630297 
 32.3745754282  1.41176627923 
 37.2759372031  1.41176627988 
 42.9193426013  1.41176632865 
 49.4171336132  1.41176632111 
 56.8986602902  1.41176629237 
 65.512855686  1.41176628229 
 75.4312006335  1.41176629946 
 86.8511373751  1.41176615907 
 100.0  1.41176628101 
686.648845004 50 
 0.1  0.09999999999 
 0.115139539933  0.115139539933 
 0.132571136559  0.132571136431 
 0.152641796718  0.152641796836 
 0.175751062485  0.175751061937 
 0.202358964773  0.202358962042 
 0.232995181052  0.232995180249 
 0.268269579528  0.268269561521 
 0.308884359648  0.308884310585 
 0.355648030622  0.355647907105 
 0.409491506238  0.409491141455 
 0.471486636346  0.471485481524 
 0.542867543932  0.54286365875 
 0.625055192527  0.62504122335 
 0.719685673001  0.71963153987 
 0.828642772855  0.828415997437 
 0.95409547635  0.953066162579 
 1.09854114199  1.09351867172 
 1.26485521686  1.23988927491 
 1.4563484775  1.35278254548 
 1.67683293681  1.39747097242 
 1.93069772888  1.40639946834 
 2.22299648253  1.40766057121 
 2.5595479227  1.4078111719 
 2.94705170255  1.4078269168 
 3.3932217719  1.40782840771 
 3.90693993705  1.40782849615 
 4.49843266897  1.40782845977 
 5.17947467923  1.40782848373 
 5.96362331659  1.40782845983 
 6.86648845004  1.40782845619 
 7.90604321091  1.40782846208 
 9.10298177992  1.40782847521 
 10.4811313415  1.40782846442 
 12.0679264064  1.40782845943 
 13.8949549437  1.4078284548 
 15.9985871961  1.40782848855 
 18.4206996933  1.4078285131 
 21.2095088792  1.40782852472 
 24.4205309455  1.40782851382 
 28.1176869797  1.40782849708 
 32.3745754282  1.40782851307 
 37.2759372031  1.40782847683 
 42.9193426013  1.40782832196 
 49.4171336132  1.40782847243 
 56.8986602902  1.40782848754 
 65.512855686  1.40782820907 
 75.4312006335  1.40782845188 
 86.8511373751  1.40782848138 
 100.0  1.40782857905 
1151.39539933 50 
 0.1  0.0999999998571 
 0.115139539933  0.11513954 
 0.132571136559  0.13257113652 
 0.152641796718  0.152641796676 
 0.175751062485  0.175751062237 
 0.202358964773  0.202358964337 
 0.232995181052  0.232995174011 
 0.268269579528  0.268269561402 
 0.308884359648  0.308884314911 
 0.355648030622  0.355647904031 
 0.409491506238  0.409491136378 
 0.471486636346  0.471485472847 
 0.542867543932  0.542863603322 
 0.625055192527  0.625041051433 
 0.719685673001  0.719630868497 
 0.828642772855  0.82841287019 
 0.95409547635  0.953050685865 
 1.09854114199  1.09343757534 
 1.26485521686  1.23948837521 
 1.4563484775  1.35149094591 
 1.67683293681  1.39542928592 
 1.93069772888  1.40416016675 
 2.22299648253  1.40539169642 
 2.5595479227  1.40553876787 
 2.94705170255  1.4055541676 
 3.3932217719  1.40555554975 
 3.90693993705  1.40555576614 
 4.49843266897  1.40555574456 
 5.17947467923  1.40555567982 
 5.96362331659  1.40555560471 
 6.86648845004  1.40555566375 
 7.90604321091  1.40555564243 
 9.10298177992  1.4055556483 
 10.4811313415  1.40555565099 
 12.0679264064  1.40555576565 
 13.8949549437  1.40555568806 
 15.9985871961  1.40555568664 
 18.4206996933  1.40555569466 
 21.2095088792  1.40555565301 
 24.4205309455  1.40555572507 
 28.1176869797  1.40555566474 
 32.3745754282  1.40555568805 
 37.2759372031  1.4055556863 
 42.9193426013  1.40555571035 
 49.4171336132  1.40555570073 
 56.8986602902  1.40555545995 
 65.512855686  1.4055557596 
 75.4312006335  1.40555571069 
 86.8511373751  1.40555562714 
 100.0  1.40555563726 
1930.69772888 50 
 0.1  0.100000000245 
 0.115139539933  0.115139539892 
 0.132571136559  0.132571136495 
 0.152641796718  0.152641796721 
 0.175751062485  0.175751061897 
 0.202358964773  0.202358964425 
 0.232995181052  0.232995173427 
 0.268269579528  0.268269559659 
 0.308884359648  0.308884314527 
 0.355648030622  0.355647902848 
 0.409491506238  0.409491136809 
 0.471486636346  0.471485460735 
 0.542867543932  0.542863579962 
 0.625055192527  0.625040949435 
 0.719685673001  0.719630447602 
 0.828642772855  0.82841100901 
 0.95409547635  0.953041448128 
 1.09854114199  1.09338927692 
 1.26485521686  1.23925006258 
 1.4563484775  1.35072883298 
 1.67683293681  1.3942319824 
 1.93069772888  1.4028493594 
 2.22299648253  1.40406382619 
 2.5595479227  1.40420904912 
 2.94705170255  1.40422414074 
 3.3932217719  1.40422556477 
 3.90693993705  1.40422546203 
 4.49843266897  1.40422566323 
 5.17947467923  1.40422567523 
 5.96362331659  1.40422573135 
 6.86648845004  1.40422574872 
 7.90604321091  1.40422574932 
 9.10298177992  1.40422566515 
 10.4811313415  1.40422573186 
 12.0679264064  1.40422562279 
 13.8949549437  1.40422572496 
 15.9985871961  1.4042256768 
 18.4206996933  1.40422565583 
 21.2095088792  1.4042257411 
 24.4205309455  1.40422573862 
 28.1176869797  1.40422565402 
 32.3745754282  1.40422576786 
 37.2759372031  1.40422564703 
 42.9193426013  1.40422563903 
 49.4171336132  1.40422565513 
 56.8986602902  1.40422568267 
 65.512855686  2.75816003736 
 75.4312006335  4.70053859886 
 86.8511373751  11.5709346436 
 100.0  42.5056386042 
3237.45754282 50 
 0.1  0.100000000188 
 0.115139539933  0.115139540003 
 0.132571136559  0.132571136548 
 0.152641796718  0.152641796246 
 0.175751062485  0.175751061916 
 0.202358964773  0.20235896401 
 0.232995181052  0.232995172836 
 0.268269579528  0.268269577694 
 0.308884359648  0.308884309543 
 0.355648030622  0.355647900383 
 0.409491506238  0.409491123502 
 0.471486636346  0.471485453885 
 0.542867543932  0.542863567471 
 0.625055192527  0.625040895164 
 0.719685673001  0.719630203409 
 0.828642772855  0.828409881853 
 0.95409547635  0.95303595223 
 1.09854114199  1.09336038847 
 1.26485521686  1.23910822229 
 1.4563484775  1.35027707152 
 1.67683293681  1.39352506982 
 1.93069772888  1.40207617816 
 2.22299648253  1.40328098432 
 2.5595479227  1.40342478308 
 2.94705170255  1.40343983309 
 3.3932217719  1.40344113714 
 3.90693993705  1.40344122109 
 4.49843266897  1.40344121753 
 5.17947467923  1.4034412577 
 5.96362331659  1.4034412464 
 6.86648845004  2.16003498424 
 7.90604321091  2.41646022826 
 9.10298177992  2.6573004631 
 10.4811313415  2.90962320822 
 12.0679264064  3.17892149213 
 13.8949549437  3.46695852265 
 15.9985871961  3.77462484562 
 18.4206996933  4.10256575012 
 21.2095088792  4.45131896412 
 24.4205309455  4.82133922987 
 28.1176869797  5.21299787293 
 32.3745754282  5.63345127782 
 37.2759372031  6.21084957297 
 42.9193426013  7.09751723777 
 49.4171336132  8.5431384549 
 56.8986602902  11.119371354 
 65.512855686  16.3975873858 
 75.4312006335  30.1309428739 
 86.8511373751  51.6930284046 
 100.0  71.1126102278 
5428.67543932 50 
 0.1  0.100000000034 
 0.115139539933  0.115139539941 
 0.132571136559  0.132571136254 
 0.152641796718  0.152641796534 
 0.175751062485  0.175751062375 
 0.202358964773  0.202358963938 
 0.232995181052  0.232995174091 
 0.268269579528  0.268269560828 
 0.308884359648  0.308884307445 
 0.355648030622  0.355647898964 
 0.409491506238  0.409491123149 
 0.471486636346  0.471485445203 
 0.542867543932  0.542863555538 
 0.625055192527  0.625040856613 
 0.719685673001  0.71963006016 
 0.828642772855  0.828409201548 
 0.95409547635  0.953032661327 
 1.09854114199  1.09334318871 
 1.26485521686  1.23902371268 
 1.4563484775  1.35000870866 
 1.67683293681  1.39310563447 
 1.93069772888  1.40161812146 
 2.22299648253  1.40281692047 
 2.5595479227  1.40296009526 
 2.94705170255  1.40297514077 
 3.3932217719  2.33546759414 
 3.90693993705  2.67001754757 
 4.49843266897  3.02215240091 
 5.17947467923  3.41439925483 
 5.96362331659  3.85383611667 
 6.86648845004  4.34596179354 
 7.90604321091  4.8964741186 
 9.10298177992  5.51153297281 
 10.4811313415  6.19781467979 
 12.0679264064  6.96253846813 
 13.8949549437  7.81348750404 
 15.9985871961  8.7590264861 
 18.4206996933  9.80811534466 
 21.2095088792  10.9703182346 
 24.4205309455  12.2558069358 
 28.1176869797  13.6753581077 
 32.3745754282  15.2403429495 
 37.2759372031  16.9627090975 
 42.9193426013  19.0302863099 
 49.4171336132  22.2527568406 
 56.8986602902  27.7158277091 
 65.512855686  38.054286894 
 75.4312006335  52.9327902827 
 86.8511373751  67.9467368841 
 100.0  83.8907249303 
9102.98177992 50 
 0.1  0.100000000052 
 0.115139539933  0.11513953983 
 0.132571136559  0.132571136837 
 0.152641796718  0.152641796584 
 0.175751062485  0.175751062192 
 0.202358964773  0.202358964335 
 0.232995181052  0.232995180419 
 0.268269579528  0.268269578297 
 0.308884359648  0.308884344839 
 0.355648030622  0.355647895027 
 0.409491506238  0.409491123668 
 0.471486636346  0.471485435789 
 0.542867543932  0.542863557216 
 0.625055192527  0.625040844814 
 0.719685673001  0.719629967599 
 0.828642772855  0.828408804876 
 0.95409547635  0.953030694064 
 1.09854114199  1.09333300243 
 1.26485521686  1.23897332867 
 1.4563484775  1.34984896818 
 1.67683293681  1.39285673094 
 1.93069772888  1.40134593617 
 2.22299648253  1.40254137421 
 2.5595479227  2.19962530429 
 2.94705170255  2.58732015916 
 3.3932217719  2.96657722338 
 3.90693993705  3.39347518073 
 4.49843266897  3.87972334715 
 5.17947467923  4.4340255474 
 5.96362331659  5.06567736341 
 6.86648845004  5.78511706834 
 7.90604321091  6.60411483483 
 9.10298177992  7.53593489085 
 10.4811313415  8.59550970803 
 12.0679264064  9.79963108329 
 13.8949549437  11.167159569 
 15.9985871961  12.7192533833 
 18.4206996933  14.47961785 
 21.2095088792  16.4747763099 
 24.4205309455  18.7343633155 
 28.1176869797  21.2914407656 
 32.3745754282  24.1828373312 
 37.2759372031  27.4495112977 
 42.9193426013  31.1369365605 
 49.4171336132  35.3030705144 
 56.8986602902  41.1217919482 
 65.512855686  50.8133547568 
 75.4312006335  62.9187457672 
 86.8511373751  76.1034685461 
 100.0  90.7131050179 
15264.1796718 50 
 0.1  0.10000000001 
 0.115139539933  0.115139539862 
 0.132571136559  0.132571136594 
 0.152641796718  0.152641795695 
 0.175751062485  0.175751062067 
 0.202358964773  0.202358964558 
 0.232995181052  0.232995179137 
 0.268269579528  0.268269559191 
 0.308884359648  0.308884308906 
 0.355648030622  0.355647899275 
 0.409491506238  0.40949112138 
 0.471486636346  0.471485423609 
 0.542867543932  0.542863555111 
 0.625055192527  0.625040827027 
 0.719685673001  0.719629916904 
 0.828642772855  0.828408564963 
 0.95409547635  0.953029530849 
 1.09854114199  1.09332687453 
 1.26485521686  1.23894326679 
 1.4563484775  1.34975386372 
 1.67683293681  1.3927085586 
 1.93069772888  1.40118395695 
 2.22299648253  1.93308769694 
 2.5595479227  2.44250135799 
 2.94705170255  2.81348485052 
 3.3932217719  3.232679887 
 3.90693993705  3.71297403227 
 4.49843266897  4.26399097445 
 5.17947467923  4.8961251917 
 5.96362331659  5.62119408241 
 6.86648845004  6.45270126134 
 7.90604321091  7.40607898414 
 9.10298177992  8.49895755987 
 10.4811313415  9.75147046697 
 12.0679264064  11.1866001761 
 13.8949549437  12.8305697754 
 15.9985871961  14.7132861707 
 18.4206996933  16.8688411098 
 21.2095088792  19.33607706 
 24.4205309455  22.1592256745 
 28.1176869797  25.3886273784 
 32.3745754282  29.0815414504 
 37.2759372031  33.3030569099 
 42.9193426013  38.1271153896 
 49.4171336132  43.6376583167 
 56.8986602902  49.9299115243 
 65.512855686  57.439533097 
 75.4312006335  68.2260161996 
 86.8511373751  80.6018728252 
 100.0  94.5635888907 
25595.479227 50 
 0.1  0.100000000074 
 0.115139539933  0.115139540026 
 0.132571136559  0.132571136657 
 0.152641796718  0.152641796728 
 0.175751062485  0.175751061891 
 0.202358964773  0.202358964445 
 0.232995181052  0.232995173517 
 0.268269579528  0.268269561065 
 0.308884359648  0.308884308135 
 0.355648030622  0.355647899384 
 0.409491506238  0.409491117752 
 0.471486636346  0.471485432094 
 0.542867543932  0.542863545612 
 0.625055192527  0.625040816777 
 0.719685673001  0.719629864168 
 0.828642772855  0.828408420458 
 0.95409547635  0.953028801783 
 1.09854114199  1.09332314205 
 1.26485521686  1.23892534342 
 1.4563484775  1.34969712947 
 1.67683293681  1.39262014284 
 1.93069772888  1.40108749745 
 2.22299648253  2.17727982708 
 2.5595479227  2.51844730097 
 2.94705170255  2.8987396905 
 3.3932217719  3.3349279163 
 3.90693993705  3.83641575973 
 4.49843266897  4.41309434524 
 5.17947467923  5.07621182442 
 5.96362331659  5.83867515997 
 6.86648845004  6.71530646738 
 7.90604321091  7.72312629852 
 9.10298177992  8.88167714908 
 10.4811313415  10.2133939126 
 12.0679264064  11.7440280734 
 13.8949549437  13.503133302 
 15.9985871961  15.5246211743 
 18.4206996933  17.8473969384 
 21.2095088792  20.5160866192 
 24.4205309455  23.5818682896 
 28.1176869797  27.10342208 
 32.3745754282  31.148015467 
 37.2759372031  35.7927425955 
 42.9193426013  41.1259388861 
 49.4171336132  47.2487949902 
 56.8986602902  54.2771973022 
 65.512855686  62.3438257793 
 75.4312006335  71.6005437741 
 86.8511373751  83.1767847951 
 100.0  96.7920516904 
42919.3426013 50 
 0.1  0.0999999994556 
 0.115139539933  0.115139540042 
 0.132571136559  0.132571136576 
 0.152641796718  0.152641796609 
 0.175751062485  0.175751062433 
 0.202358964773  0.202358963453 
 0.232995181052  0.232995179236 
 0.268269579528  0.268269559292 
 0.308884359648  0.308884313113 
 0.355648030622  0.355647899862 
 0.409491506238  0.409491120855 
 0.471486636346  0.471485439671 
 0.542867543932  0.542863536648 
 0.625055192527  0.625040816934 
 0.719685673001  0.719629866159 
 0.828642772855  0.828408320043 
 0.95409547635  0.953028376403 
 1.09854114199  1.09332090689 
 1.26485521686  1.23891464634 
 1.4563484775  1.34966335859 
 1.67683293681  1.39256763319 
 1.93069772888  1.40102994654 
 2.22299648253  2.2090222089 
 2.5595479227  2.54503652889 
 2.94705170255  2.92976988739 
 3.3932217719  3.37233499275 
 3.90693993705  3.88165832667 
 4.49843266897  4.46782771562 
 5.17947467923  5.14242554033 
 5.96362331659  5.91877362392 
 6.86648845004  6.81219652615 
 7.90604321091  7.84032206966 
 9.10298177992  9.02342654495 
 10.4811313415  10.3848314244 
 12.0679264064  11.9513592466 
 13.8949549437  13.7538574445 
 15.9985871961  15.8278001802 
 18.4206996933  18.2139797255 
 21.2095088792  20.9593006178 
 24.4205309455  24.1176917566 
 28.1176869797  27.7511538242 
 32.3745754282  31.9309619332 
 37.2759372031  36.73904632 
 42.9193426013  42.2695771938 
 49.4171336132  48.6307836427 
 56.8986602902  55.9470408156 
 65.512855686  64.3612645237 
 75.4312006335  74.0376580347 
 86.8511373751  85.164862245 
 100.0  98.0986235174 
71968.5673001 50 
 0.1  0.100000000041 
 0.115139539933  0.115139540394 
 0.132571136559  0.13257113656 
 0.152641796718  0.152641796726 
 0.175751062485  0.175751062355 
 0.202358964773  0.202358961243 
 0.232995181052  0.232995177824 
 0.268269579528  0.268269563765 
 0.308884359648  0.308884307801 
 0.355648030622  0.355647899526 
 0.409491506238  0.40949112254 
 0.471486636346  0.471485426282 
 0.542867543932  0.542863536068 
 0.625055192527  0.625040808889 
 0.719685673001  0.719629856215 
 0.828642772855  0.82840826213 
 0.95409547635  0.953028100806 
 1.09854114199  1.09331969216 
 1.26485521686  1.23890830539 
 1.4563484775  1.34964320266 
 1.67683293681  1.39253621713 
 1.93069772888  1.91842436406 
 2.22299648253  2.21837351271 
 2.5595479227  2.5544134299 
 2.94705170255  2.94089431056 
 3.3932217719  3.38577385731 
 3.90693993705  3.8979230908 
 4.49843266897  4.48751557329 
 5.17947467923  5.16625684297 
 5.96362331659  5.94761993052 
 6.86648845004  6.84711257152 
 7.90604321091  7.88258424755 
 9.10298177992  9.0745794469 
 10.4811313415  10.446744136 
 12.0679264064  12.026293445 
 13.8949549437  13.8445497663 
 15.9985871961  15.9375618454 
 18.4206996933  18.346817025 
 21.2095088792  21.1200606255 
 24.4205309455  24.312238537 
 28.1176869797  27.9865814983 
 32.3745754282  32.2158523027 
 37.2759372031  37.0837803381 
 42.9193426013  42.686711511 
 49.4171336132  49.135505787 
 56.8986602902  56.5577193788 
 65.512855686  65.1001141255 
 75.4312006335  74.9315429322 
 86.8511373751  86.2462673985 
 100.0  99.2677720942 
120679.264064 50 
 0.1  0.10000000006 
 0.115139539933  0.115139539985 
 0.132571136559  0.132571136619 
 0.152641796718  0.15264179668 
 0.175751062485  0.175751061889 
 0.202358964773  0.202358964483 
 0.232995181052  0.232995178007 
 0.268269579528  0.268269558228 
 0.308884359648  0.308884307945 
 0.355648030622  0.355647899534 
 0.409491506238  0.409491122523 
 0.471486636346  0.471485432653 
 0.542867543932  0.542863532014 
 0.625055192527  0.625040778416 
 0.719685673001  0.719629848491 
 0.828642772855  0.828408241104 
 0.95409547635  0.953027981624 
 1.09854114199  1.09331892817 
 1.26485521686  1.23890449118 
 1.4563484775  1.34963117914 
 1.67683293681  1.39251756317 
 1.93069772888  1.9285645853 
 2.22299648253  2.22141645943 
 2.5595479227  2.55772819127 
 2.94705170255  2.94486078518 
 3.3932217719  3.39057049018 
 3.90693993705  3.90372988208 
 4.49843266897  4.4945459003 
 5.17947467923  5.17476852868 
 5.96362331659  5.9579250553 
 6.86648845004  6.85958894088 
 7.90604321091  7.8976892338 
 9.10298177992  9.09286674056 
 10.4811313415  10.4688840222 
 12.0679264064  12.0530973459 
 13.8949549437  13.8769999478 
 15.9985871961  15.9768473722 
 18.4206996933  18.3943772792 
 21.2095088792  21.177637978 
 24.4205309455  24.3819420944 
 28.1176869797  28.0709642537 
 32.3745754282  32.3180045061 
 37.2759372031  37.2074424923 
 42.9193426013  42.8364111161 
 49.4171336132  49.3167228181 
 56.8986602902  56.7770865292 
 65.512855686  65.3656591117 
 75.4312006335  75.2529816859 
 86.8511373751  86.6353588189 
 100.0  99.738747271 
202358.964773 50 
 0.1  0.0999999999917 
 0.115139539933  0.115139539301 
 0.132571136559  0.13257113643 
 0.152641796718  0.15264179651 
 0.175751062485  0.175751062203 
 0.202358964773  0.202358963745 
 0.232995181052  0.232995172968 
 0.268269579528  0.268269558655 
 0.308884359648  0.308884352233 
 0.355648030622  0.355647898331 
 0.409491506238  0.409491123749 
 0.471486636346  0.471485435685 
 0.542867543932  0.542863530447 
 0.625055192527  0.625040783737 
 0.719685673001  0.719629845445 
 0.828642772855  0.828408217235 
 0.95409547635  0.953027887712 
 1.09854114199  1.09331834058 
 1.26485521686  1.23890224899 
 1.4563484775  1.34962390781 
 1.67683293681  1.39250628388 
 1.93069772888  1.93011202297 
 2.22299648253  2.22244727182 
 2.5595479227  2.55890218978 
 2.94705170255  2.94627245223 
 3.3932217719  3.39227854733 
 3.90693993705  3.90579787887 
 4.49843266897  4.49704982501 
 5.17947467923  5.17780028077 
 5.96362331659  5.96159589405 
 6.86648845004  6.86403357451 
 7.90604321091  7.90307076188 
 9.10298177992  9.09938263716 
 10.4811313415  10.4767733796 
 12.0679264064  12.0626496446 
 13.8949549437  13.8885656742 
 15.9985871961  15.9908508731 
 18.4206996933  18.4113323246 
 21.2095088792  21.1981666022 
 24.4205309455  24.4067974057 
 28.1176869797  28.1010580495 
 32.3745754282  32.3544407038 
 37.2759372031  37.2515576016 
 42.9193426013  42.8898232351 
 49.4171336132  49.3813909476 
 56.8986602902  56.8553823772 
 65.512855686  65.4604540178 
 75.4312006335  75.3677518475 
 86.8511373751  86.7743126714 
 100.0  99.9069796841 
339322.17719 50 
 0.1  0.0999999999923 
 0.115139539933  0.115139539921 
 0.132571136559  0.132571136399 
 0.152641796718  0.152641796681 
 0.175751062485  0.175751062355 
 0.202358964773  0.202358961775 
 0.232995181052  0.232995172067 
 0.268269579528  0.268269557833 
 0.308884359648  0.308884306093 
 0.355648030622  0.355647897932 
 0.409491506238  0.40949111956 
 0.471486636346  0.471485431088 
 0.542867543932  0.542863529317 
 0.625055192527  0.625040782425 
 0.719685673001  0.719629843606 
 0.828642772855  0.828408195933 
 0.95409547635  0.953027802401 
 1.09854114199  1.09331807329 
 1.26485521686  1.23890086928 
 1.4563484775  1.34961970189 
 1.67683293681  1.39249974461 
 1.93069772888  1.93051422896 
 2.22299648253  2.22280376117 
 2.5595479227  2.55931859117 
 2.94705170255  2.94677457354 
 3.3932217719  3.39288627955 
 3.90693993705  3.90653371479 
 4.49843266897  4.49794079715 
 5.17947467923  5.17887909853 
 5.96362331659  5.96290216056 
 6.86648845004  6.86561524189 
 7.90604321091  7.90498589145 
 9.10298177992  9.10170153055 
 10.4811313415  10.4795811591 
 12.0679264064  12.0660493776 
 13.8949549437  13.8926821556 
 15.9985871961  15.9958352061 
 18.4206996933  18.4173674661 
 21.2095088792  21.2054740772 
 24.4205309455  24.4156454377 
 28.1176869797  28.1117714036 
 32.3745754282  32.3674126051 
 37.2759372031  37.2672641654 
 42.9193426013  42.9088409384 
 49.4171336132  49.4044177828 
 56.8986602902  56.8832634646 
 65.512855686  65.494212615 
 75.4312006335  75.4086268945 
 86.8511373751  86.8238042478 
 100.0  99.9669040452 
568986.602902 50 
 0.1  0.0999999995465 
 0.115139539933  0.115139539929 
 0.132571136559  0.132571136581 
 0.152641796718  0.152641796814 
 0.175751062485  0.175751061103 
 0.202358964773  0.202358962481 
 0.232995181052  0.232995174293 
 0.268269579528  0.268269559398 
 0.308884359648  0.308884311572 
 0.355648030622  0.355647896088 
 0.409491506238  0.409491118314 
 0.471486636346  0.471485425905 
 0.542867543932  0.542863521046 
 0.625055192527  0.625040777092 
 0.719685673001  0.719629793965 
 0.828642772855  0.828408199128 
 0.95409547635  0.953027803609 
 1.09854114199  1.09331802537 
 1.26485521686  1.23890000859 
 1.4563484775  1.3496171308 
 1.67683293681  1.67671591223 
 1.93069772888  1.93063679053 
 2.22299648253  2.22292848315 
 2.5595479227  2.55946643159 
 2.94705170255  2.94695314698 
 3.3932217719  3.39310245048 
 3.90693993705  3.90679545842 
 4.49843266897  4.49825772737 
 5.17947467923  5.17926285148 
 5.96362331659  5.96336682531 
 6.86648845004  6.86617787801 
 7.90604321091  7.90566715533 
 9.10298177992  9.10252643375 
 10.4811313415  10.4805799866 
 12.0679264064  12.0672587994 
 13.8949549437  13.8941465733 
 15.9985871961  15.9976083826 
 18.4206996933  18.4195144995 
 21.2095088792  21.2080737904 
 24.4205309455  24.4187932723 
 28.1176869797  28.1155829232 
 32.3745754282  32.3720277378 
 37.2759372031  37.2728523405 
 42.9193426013  42.9156073059 
 49.4171336132  49.4126107443 
 56.8986602902  56.8931837915 
 65.512855686  65.5062244894 
 75.4312006335  75.423171277 
 86.8511373751  86.8414150643 
 100.0  99.9882277852 
954095.47635 50 
 0.1  0.0999999998945 
 0.115139539933  0.11513953988 
 0.132571136559  0.132571136457 
 0.152641796718  0.152641796135 
 0.175751062485  0.175751061169 
 0.202358964773  0.202358963888 
 0.232995181052  0.23299517939 
 0.268269579528  0.268269561532 
 0.308884359648  0.308884310748 
 0.355648030622  0.355647901746 
 0.409491506238  0.40949112289 
 0.471486636346  0.47148543581 
 0.542867543932  0.542863531188 
 0.625055192527  0.625040781753 
 0.719685673001  0.719629780017 
 0.828642772855  0.828408201153 
 0.95409547635  0.953027764171 
 1.09854114199  1.09331786001 
 1.26485521686  1.23889964831 
 1.4563484775  1.34961565917 
 1.67683293681  1.67680734624 
 1.93069772888  1.9306768795 
 2.22299648253  2.22297241226 
 2.5595479227  2.55951895568 
 2.94705170255  2.94701665282 
 3.3932217719  3.39317933501 
 3.90693993705  3.9068885527 
 4.49843266897  4.49837045028 
 5.17947467923  5.17939934176 
 5.96362331659  5.96353209426 
 6.86648845004  6.86637799353 
 7.90604321091  7.9059094647 
 9.10298177992  9.10281983341 
 10.4811313415  10.4809352487 
 12.0679264064  12.0676889675 
 13.8949549437  13.8946674411 
 15.9985871961  15.9982390737 
 18.4206996933  18.4202781696 
 21.2095088792  21.2089984776 
 24.4205309455  24.4199129262 
 28.1176869797  28.1169386517 
 32.3745754282  32.3736693159 
 37.2759372031  37.2748400381 
 42.9193426013  42.9180141003 
 49.4171336132  49.4155249994 
 56.8986602902  56.8967125022 
 65.512855686  65.5104972096 
 75.4312006335  75.4283448758 
 86.8511373751  86.8476794852 
 100.0  99.9958130195 
1599858.71961 50 
 0.1  0.0999999999411 
 0.115139539933  0.115139539737 
 0.132571136559  0.132571136226 
 0.152641796718  0.152641796101 
 0.175751062485  0.175751061321 
 0.202358964773  0.202358961274 
 0.232995181052  0.232995177768 
 0.268269579528  0.268269558891 
 0.308884359648  0.308884308994 
 0.355648030622  0.35564789736 
 0.409491506238  0.409491118865 
 0.471486636346  0.47148544186 
 0.542867543932  0.542863530586 
 0.625055192527  0.625040783637 
 0.719685673001  0.719629806688 
 0.828642772855  0.828408200884 
 0.95409547635  0.953027740483 
 1.09854114199  1.09331776863 
 1.26485521686  1.23889928039 
 1.4563484775  1.34961479754 
 1.67683293681  1.6768255366 
 1.93069772888  1.93069047807 
 2.22299648253  2.22298794592 
 2.5595479227  2.55953762388 
 2.94705170255  2.94703923752 
 3.3932217719  3.39320667926 
 3.90693993705  3.90692166221 
 4.49843266897  4.49841054088 
 5.17947467923  5.17944788544 
 5.96362331659  5.96359087333 
 6.86648845004  6.86644916612 
 7.90604321091  7.90599564398 
 9.10298177992  9.10292418351 
 10.4811313415  10.4810616009 
 12.0679264064  12.067841961 
 13.8949549437  13.894852693 
 15.9985871961  15.9984633858 
 18.4206996933  18.4205497777 
 21.2095088792  21.209327354 
 24.4205309455  24.4203111457 
 28.1176869797  28.1174208352 
 32.3745754282  32.3742531672 
 37.2759372031  37.2755469935 
 42.9193426013  42.9188701161 
 49.4171336132  49.4165615048 
 56.8986602902  56.8979675529 
 65.512855686  65.5120168853 
 75.4312006335  75.4301849721 
 86.8511373751  86.849907562 
 100.0  99.9985108814 
2682695.79528 50 
 0.1  0.0999999999738 
 0.115139539933  0.115139539987 
 0.132571136559  0.132571136234 
 0.152641796718  0.152641794956 
 0.175751062485  0.175751060932 
 0.202358964773  0.202358961318 
 0.232995181052  0.232995172115 
 0.268269579528  0.268269558229 
 0.308884359648  0.308884306069 
 0.355648030622  0.355647894592 
 0.409491506238  0.409491120902 
 0.471486636346  0.471485443805 
 0.542867543932  0.542863524675 
 0.625055192527  0.625040788745 
 0.719685673001  0.719629814632 
 0.828642772855  0.828408171915 
 0.95409547635  0.953027774447 
 1.09854114199  1.09331772142 
 1.26485521686  1.23889907903 
 1.4563484775  1.45634046754 
 1.67683293681  1.67683056864 
 1.93069772888  1.93069518376 
 2.22299648253  2.22299345155 
 2.5595479227  2.55954426063 
 2.94705170255  2.94704726946 
 3.3932217719  3.39321640423 
 3.90693993705  3.90693343763 
 4.49843266897  4.49842479914 
 5.17947467923  5.17946515005 
 5.96362331659  5.96361177819 
 6.86648845004  6.86647447876 
 7.90604321091  7.90602629378 
 9.10298177992  9.10296129581 
 10.4811313415  10.4811065384 
 12.0679264064  12.0678963735 
 13.8949549437  13.8949185784 
 15.9985871961  15.9985431631 
 18.4206996933  18.4206463759 
 21.2095088792  21.2094443199 
 24.4205309455  24.4204527738 
 28.1176869797  28.1175923256 
 32.3745754282  32.3744608162 
 37.2759372031  37.2757984252 
 42.9193426013  42.9191745621 
 49.4171336132  49.416930143 
 56.8986602902  56.8984139182 
 65.512855686  65.5125573665 
 75.4312006335  75.4308394134 
 86.8511373751  86.8506999918 
 100.0  99.9994703944 
4498432.66897 50 
 0.1  0.0999999998867 
 0.115139539933  0.115139539745 
 0.132571136559  0.132571136157 
 0.152641796718  0.152641796124 
 0.175751062485  0.175751061101 
 0.202358964773  0.20235896097 
 0.232995181052  0.232995173155 
 0.268269579528  0.268269558813 
 0.308884359648  0.308884306921 
 0.355648030622  0.355647892648 
 0.409491506238  0.409491125031 
 0.471486636346  0.471485431463 
 0.542867543932  0.542863538121 
 0.625055192527  0.625040797502 
 0.719685673001  0.71962978859 
 0.828642772855  0.828408150552 
 0.95409547635  0.953027733982 
 1.09854114199  1.09331771876 
 1.26485521686  1.23889891814 
 1.4563484775  1.45634732456 
 1.67683293681  1.67683214224 
 1.93069772888  1.9306968307 
 2.22299648253  2.22299540564 
 2.5595479227  2.55954662044 
 2.94705170255  2.94705012595 
 3.3932217719  3.3932198629 
 3.90693993705  3.90693762555 
 4.49843266897  4.49842987008 
 5.17947467923  5.17947129019 
 5.96362331659  5.96361921298 
 6.86648845004  6.86648348118 
 7.90604321091  7.90603719436 
 9.10298177992  9.10297449478 
 10.4811313415  10.4811225203 
 12.0679264064  12.0679157252 
 13.8949549437  13.8949420104 
 15.9985871961  15.9985715358 
 18.4206996933  18.420680731 
 21.2095088792  21.2094859188 
 24.4205309455  24.4205031438 
 28.1176869797  28.1176533161 
 32.3745754282  32.3745346666 
 37.2759372031  37.275887847 
 42.9193426013  42.9192828384 
 49.4171336132  49.4170612493 
 56.8986602902  56.8985726683 
 65.512855686  65.512749589 
 75.4312006335  75.4310721661 
 86.8511373751  86.8509818203 
 100.0  99.9998116464 
7543120.06335 50 
 0.1  0.100000000051 
 0.115139539933  0.115139539733 
 0.132571136559  0.132571136236 
 0.152641796718  0.152641796117 
 0.175751062485  0.175751060918 
 0.202358964773  0.202358961658 
 0.232995181052  0.232995172869 
 0.268269579528  0.268269561263 
 0.308884359648  0.308884310802 
 0.355648030622  0.355647897185 
 0.409491506238  0.40949112312 
 0.471486636346  0.471485441936 
 0.542867543932  0.54286354069 
 0.625055192527  0.625040801309 
 0.719685673001  0.719629805312 
 0.828642772855  0.828408160985 
 0.95409547635  0.953027728957 
 1.09854114199  1.09331767948 
 1.26485521686  1.23889893815 
 1.4563484775  1.4563481749 
 1.67683293681  1.67683266343 
 1.93069772888  1.93069741091 
 2.22299648253  2.22299609976 
 2.5595479227  2.55954745958 
 2.94705170255  2.94705114184 
 3.3932217719  3.39322109296 
 3.90693993705  3.90693911497 
 4.49843266897  4.49843167355 
 5.17947467923  5.17947347393 
 5.96362331659  5.96362185715 
 6.86648845004  6.86648668288 
 7.90604321091  7.90604107113 
 9.10298177992  9.10297918897 
 10.4811313415  10.4811282043 
 12.0679264064  12.0679226077 
 13.8949549437  13.894950344 
 15.9985871961  15.9985816265 
 18.4206996933  18.4206929494 
 21.2095088792  21.2095007134 
 24.4205309455  24.4205210579 
 28.1176869797  28.1176750073 
 32.3745754282  32.3745609314 
 37.2759372031  37.2759196497 
 42.9193426013  42.9193213467 
 49.4171336132  49.4171078771 
 56.8986602902  56.8986291276 
 65.512855686  65.5128179528 
 75.4312006335  75.4311549443 
 86.8511373751  86.8510820523 
 100.0  99.9999330124 
12648552.1686 50 
 0.1  0.100000000063 
 0.115139539933  0.115139539885 
 0.132571136559  0.132571136803 
 0.152641796718  0.152641796027 
 0.175751062485  0.175751062392 
 0.202358964773  0.202358961764 
 0.232995181052  0.232995173726 
 0.268269579528  0.2682695612 
 0.308884359648  0.30888431307 
 0.355648030622  0.355647894447 
 0.409491506238  0.409491127515 
 0.471486636346  0.471485440348 
 0.542867543932  0.54286353087 
 0.625055192527  0.625040782062 
 0.719685673001  0.719629807295 
 0.828642772855  0.828408160721 
 0.95409547635  0.953027712222 
 1.09854114199  1.09331772947 
 1.26485521686  1.26485445241 
 1.4563484775  1.45634838511 
 1.67683293681  1.67683284144 
 1.93069772888  1.9306976161 
 2.22299648253  2.22299634644 
 2.5595479227  2.559547758 
 2.94705170255  2.94705150314 
 3.3932217719  3.39322153043 
 3.90693993705  3.90693964468 
 4.49843266897  4.49843231495 
 5.17947467923  5.17947425057 
 5.96362331659  5.96362279755 
 6.86648845004  6.86648782155 
 7.90604321091  7.9060424499 
 9.10298177992  9.10298085845 
 10.4811313415  10.4811302258 
 12.0679264064  12.0679250554 
 13.8949549437  13.8949533079 
 15.9985871961  15.9985852153 
 18.4206996933  18.4206972948 
 21.2095088792  21.209505975 
 24.4205309455  24.420527429 
 28.1176869797  28.1176827218 
 32.3745754282  32.3745702724 
 37.2759372031  37.2759309603 
 42.9193426013  42.9193350421 
 49.4171336132  49.4171244602 
 56.8986602902  56.8986492073 
 65.512855686  65.5128422662 
 75.4312006335  75.4311843843 
 86.8511373751  86.8511176997 
 100.0  99.999976176 
21209508.8792 50 
 0.1  0.0999999998635 
 0.115139539933  0.115139539747 
 0.132571136559  0.132571136262 
 0.152641796718  0.15264179652 
 0.175751062485  0.175751061183 
 0.202358964773  0.202358961767 
 0.232995181052  0.232995174005 
 0.268269579528  0.26826956162 
 0.308884359648  0.308884313054 
 0.355648030622  0.355647895927 
 0.409491506238  0.409491129178 
 0.471486636346  0.471485446122 
 0.542867543932  0.542863542491 
 0.625055192527  0.62504078752 
 0.719685673001  0.719629797967 
 0.828642772855  0.828408161629 
 0.95409547635  0.953027704134 
 1.09854114199  1.09331777051 
 1.26485521686  1.26485516674 
 1.4563484775  1.45634844724 
 1.67683293681  1.67683290327 
 1.93069772888  1.93069768884 
 2.22299648253  2.22299643414 
 2.5595479227  2.55954786413 
 2.94705170255  2.94705163163 
 3.3932217719  3.39322168602 
 3.90693993705  3.90693983307 
 4.49843266897  4.49843254306 
 5.17947467923  5.17947452678 
 5.96362331659  5.963623132 
 6.86648845004  6.86648822652 
 7.90604321091  7.90604294026 
 9.10298177992  9.1029814522 
 10.4811313415  10.4811309447 
 12.0679264064  12.0679259259 
 13.8949549437  13.8949543619 
 15.9985871961  15.9985864916 
 18.4206996933  18.4206988403 
 21.2095088792  21.2095078463 
 24.4205309455  24.4205296948 
 28.1176869797  28.1176854654 
 32.3745754282  32.3745735945 
 37.2759372031  37.2759349829 
 42.9193426013  42.9193399129 
 49.4171336132  49.417130358 
 56.8986602902  56.8986563486 
 65.512855686  65.5128509133 
 75.4312006335  75.4311948545 
 86.8511373751  86.8511303776 
 100.0  99.999991527 
35564803.0622 50 
 0.1  0.100000000006 
 0.115139539933  0.115139539658 
 0.132571136559  0.132571136577 
 0.152641796718  0.152641796186 
 0.175751062485  0.175751060506 
 0.202358964773  0.202358961685 
 0.232995181052  0.232995174162 
 0.268269579528  0.268269561103 
 0.308884359648  0.308884308735 
 0.355648030622  0.355647991412 
 0.409491506238  0.409491131566 
 0.471486636346  0.471485450861 
 0.542867543932  0.542863534023 
 0.625055192527  0.625040790973 
 0.719685673001  0.719629784509 
 0.828642772855  0.828408169551 
 0.95409547635  0.953027715597 
 1.09854114199  1.09331767525 
 1.26485521686  1.2648552047 
 1.4563484775  1.45634846719 
 1.67683293681  1.67683292496 
 1.93069772888  1.93069771466 
 2.22299648253  2.22299646532 
 2.5595479227  2.55954790187 
 2.94705170255  2.94705167733 
 3.3932217719  3.39322174135 
 3.90693993705  3.90693990007 
 4.49843266897  4.49843262419 
 5.17947467923  5.17947462501 
 5.96362331659  5.96362325094 
 6.86648845004  6.86648837055 
 7.90604321091  7.90604311465 
 9.10298177992  9.10298166336 
 10.4811313415  10.4811312004 
 12.0679264064  12.0679262355 
 13.8949549437  13.8949547368 
 15.9985871961  15.9985869455 
 18.4206996933  18.4206993899 
 21.2095088792  21.2095085119 
 24.4205309455  24.4205305007 
 28.1176869797  28.1176864412 
 32.3745754282  32.374574776 
 37.2759372031  37.2759364135 
 42.9193426013  42.9193416452 
 49.4171336132  49.4171324555 
 56.8986602902  56.8986588884 
 65.512855686  65.5128539886 
 75.4312006335  75.4311985782 
 86.8511373751  86.8511348865 
 100.0  99.9999969866 
59636233.1659 50 
 0.1  0.100000000017 
 0.115139539933  0.115139539726 
 0.132571136559  0.132571136541 
 0.152641796718  0.15264179631 
 0.175751062485  0.175751061016 
 0.202358964773  0.202358961626 
 0.232995181052  0.232995175356 
 0.268269579528  0.268269561279 
 0.308884359648  0.308884327816 
 0.355648030622  0.355647902493 
 0.409491506238  0.409491122989 
 0.471486636346  0.471485447186 
 0.542867543932  0.542863545226 
 0.625055192527  0.625040767957 
 0.719685673001  0.719629814033 
 0.828642772855  0.828408166582 
 0.95409547635  0.953027721698 
 1.09854114199  1.09854106865 
 1.26485521686  1.2648552133 
 1.4563484775  1.45634847393 
 1.67683293681  1.67683293261 
 1.93069772888  1.93069772383 
 2.22299648253  2.22299647641 
 2.5595479227  2.55954791529 
 2.94705170255  2.94705169358 
 3.3932217719  3.39322176103 
 3.90693993705  3.9069399239 
 4.49843266897  4.49843265304 
 5.17947467923  5.17947465995 
 5.96362331659  5.96362329325 
 6.86648845004  6.86648842177 
 7.90604321091  7.90604317667 
 9.10298177992  9.10298173846 
 10.4811313415  10.4811312914 
 12.0679264064  12.0679263456 
 13.8949549437  13.8949548701 
 15.9985871961  15.998587107 
 18.4206996933  18.4206995854 
 21.2095088792  21.2095087486 
 24.4205309455  24.4205307873 
 28.1176869797  28.1176867882 
 32.3745754282  32.3745751962 
 37.2759372031  37.2759369223 
 42.9193426013  42.9193422612 
 49.4171336132  49.4171332015 
 56.8986602902  56.8986597916 
 65.512855686  65.5128550823 
 75.4312006335  75.4311999026 
 86.8511373751  86.85113649 
 100.0  99.9999989283 
100000000.0 50 
 0.1  0.0999999999096 
 0.115139539933  0.115139539982 
 0.132571136559  0.132571136325 
 0.152641796718  0.152641796552 
 0.175751062485  0.175751062561 
 0.202358964773  0.202358961791 
 0.232995181052  0.232995173293 
 0.268269579528  0.268269561173 
 0.308884359648  0.308884313457 
 0.355648030622  0.355647898112 
 0.409491506238  0.409491130078 
 0.471486636346  0.471485449615 
 0.542867543932  0.542863543769 
 0.625055192527  0.625040781094 
 0.719685673001  0.719629815519 
 0.828642772855  0.82840817498 
 0.95409547635  0.953027706899 
 1.09854114199  1.09854113887 
 1.26485521686  1.26485521571 
 1.4563484775  1.45634847625 
 1.67683293681  1.67683293532 
 1.93069772888  1.93069772709 
 2.22299648253  2.22299648035 
 2.5595479227  2.55954792006 
 2.94705170255  2.94705169936 
 3.3932217719  3.39322176803 
 3.90693993705  3.90693993238 
 4.49843266897  4.49843266331 
 5.17947467923  5.17947467237 
 5.96362331659  5.96362330829 
 6.86648845004  6.86648843999 
 7.90604321091  7.90604319873 
 9.10298177992  9.10298176517 
 10.4811313415  10.4811313237 
 12.0679264064  12.0679263848 
 13.8949549437  13.8949549176 
 15.9985871961  15.9985871644 
 18.4206996933  18.4206996549 
 21.2095088792  21.2095088327 
 24.4205309455  24.4205308892 
 28.1176869797  28.1176869116 
 32.3745754282  32.3745753457 
 37.2759372031  37.2759371033 
 42.9193426013  42.9193424804 
 49.4171336132  49.4171334668 
 56.8986602902  56.8986601129 
 65.512855686  65.5128554713 
 75.4312006335  75.4312003736 
 86.8511373751  86.8511370604 
 100.0  99.9999996188 
