7.479893534549998779e+11
7.916515373915247803e+11
8.378624023985773926e+11
8.867707219596075439e+11
9.385339538731147461e+11
9.933187471798649902e+11
1.051301478680835449e+12
1.112668820773178223e+12
1.177618342432322754e+12
1.246359145275045166e+12
1.319112536751282227e+12
1.396112742631987549e+12
1.477607661086854736e+12
1.563859660779620117e+12
1.655146425550369141e+12
1.751761848404258301e+12
1.854016977684805176e+12
1.962241018477899414e+12
2.076782392470504639e+12
2.198009859676211182e+12
2.326313705638975586e+12
2.462106997937190918e+12
2.605826916033333496e+12
2.757936158750569336e+12
2.918924433907622559e+12
3.089310034907703125e+12
3.269641509357234863e+12
3.460499425086434570e+12
3.662498239257327148e+12
3.876288276576719238e+12
4.102557822982863281e+12
4.342035341546346680e+12
4.595491817719164062e+12
4.863743241482405273e+12
5.147653234383674805e+12
5.448135829921887695e+12
5.766158416230708984e+12
6.102744850534486328e+12
6.458978755403491211e+12
6.836007007420584961e+12
7.235043429490899414e+12
7.657372698681738281e+12
8.104354482173769531e+12
8.577427814639000977e+12
9.078115731138289062e+12
9.608030170453724609e+12
1.016887716464195117e+13
1.076246233151590234e+13
1.139069668773770508e+13
1.205560280123774219e+13
1.275932130276718359e+13
1.350411777754770117e+13
1.429239005920559180e+13
1.512667594947279492e+13
1.600966138850795703e+13
1.694418910214147852e+13
1.793326775388391016e+13
1.898008163116209375e+13
2.008800089696741406e+13
2.126059243992075000e+13
2.250163135768545312e+13
2.381511311069846094e+13
2.520526638534800391e+13
2.667656670801012891e+13
2.823375085377376562e+13
2.988183209624248047e+13
3.162611634750888281e+13
3.347221924026342188e+13
3.542608420703262500e+13
3.749400161475189844e+13
3.968262901627566406e+13
4.199901258402353125e+13
4.445060979476696875e+13
4.704531343858905469e+13
4.979147702931283594e+13
5.269794169820589062e+13
5.577406465754392188e+13
5.902974932567044531e+13
6.247547721053859375e+13
6.612234165438233594e+13
6.998208354815659375e+13
7.406712913072673438e+13
7.839062999450035938e+13
8.296650542629664062e+13
8.780948721976895312e+13
9.293516710364995312e+13
9.836004693851435938e+13
1.041015918436624844e+14
1.101782864251670312e+14
1.166096942861027656e+14
1.234165210105530938e+14
1.306206808241632031e+14
1.382453671458541250e+14
1.463151272578311562e+14
1.548559413342870000e+14
1.638953060832239688e+14
1.734623232706808125e+14
1.835877934123586250e+14
1.943043149342833438e+14
2.056463891217492188e+14
2.176505311944159062e+14
2.303553878651663125e+14
2.438018617611927812e+14
2.580332431078858750e+14
2.730953490994683750e+14
2.890366714050778750e+14
3.059085322851786875e+14
3.237652498209203125e+14
3.426643127883805000e+14
3.626665657407006875e+14
3.838364048939671875e+14
4.062419854474921250e+14
4.299554410059400000e+14
4.550531158097306875e+14
4.816158105213585625e+14
5.097290423589390625e+14
5.394833204144534375e+14
5.709744370430812500e+14
6.043037762617153750e+14
6.395786401495518750e+14
6.769125943015637500e+14
7.164258334470505000e+14
7.582455684103302500e+14
8.025064356593970000e+14
8.493509307610418750e+14
8.989298671379468750e+14
9.514028616046707500e+14
1.006938848245714375e+15
1.065716622290036500e+15
1.127925415733028500e+15
1.193765506559107500e+15
1.263448863526297250e+15
1.337199828588660000e+15
1.415255839153574750e+15
1.497868192499166250e+15
1.585302854812849500e+15
1.677841317455689250e+15
1.775781503209226500e+15
1.879438725422437500e+15
1.989146703146693500e+15
2.105258635526956750e+15
2.228148338908095500e+15
2.358211450317236000e+15
2.495866701196638000e+15
2.641557265487875000e+15
2.795752186407338500e+15
2.958947886506570000e+15
3.131669765878898500e+15
3.314473893657819000e+15
3.507948798252704500e+15
3.712717362085528500e+15
3.929438826928489000e+15
4.158810916298739500e+15
4.401572081743036000e+15
4.658503880244232000e+15
4.930433490403414000e+15
5.218236375498556000e+15
5.522839101993096000e+15
5.845222322568660000e+15
6.186423933285472000e+15
6.547542415034936000e+15
6.929740370041859000e+15
7.334248264802062000e+15
7.762368391505437000e+15
8.215479060698098000e+15
8.695039038681715000e+15
9.202592243936032000e+15
9.739772717684244000e+15
1.030830988460404800e+16
1.091003412062065800e+16
1.154688264570727400e+16
1.222090576066418200e+16
1.293427344795595400e+16
1.368928235785740400e+16
1.448836320240014600e+16
1.533408858092378600e+16
1.622918126242616600e+16
1.717652295137691200e+16
1.817916356521565600e+16
1.924033105340288000e+16
2.036344178963591600e+16
2.155211157068683600e+16
2.281016725727283600e+16
2.414165909443555600e+16
2.555087375109517200e+16
2.704234812075855200e+16
2.862088392781285200e+16
3.029156318642784400e+16
3.205976456183720800e+16
3.393118068667219200e+16
3.591183648809743200e+16
3.800810858475110400e+16
4.022674581593812000e+16
4.257489096916858400e+16
4.506010377599121600e+16
4.769038525015743200e+16
5.047420344646993600e+16
5.342052072324646400e+16
5.653882259616700800e+16
5.983914827640001600e+16
