3.155760000000000000e+11
2.241233632653061035e+12
4.166891265306121582e+12
6.092548897959183594e+12
8.018206530612244141e+12
9.943864163265304688e+12
1.186952179591836719e+13
1.379517942857142773e+13
1.572083706122448828e+13
1.764649469387755078e+13
1.957215232653060938e+13
2.149780995918367188e+13
2.342346759183673438e+13
2.534912522448979688e+13
2.727478285714285547e+13
2.920044048979591797e+13
3.112609812244897656e+13
3.305175575510203906e+13
3.497741338775509766e+13
3.690307102040815625e+13
3.882872865306121875e+13
4.075438628571428125e+13
4.268004391836734375e+13
4.460570155102040625e+13
4.653135918367346875e+13
4.845701681632653125e+13
5.038267444897959375e+13
5.230833208163264844e+13
5.423398971428571094e+13
5.615964734693877344e+13
5.808530497959183594e+13
6.001096261224489062e+13
6.193662024489795312e+13
6.386227787755101562e+13
6.578793551020407812e+13
6.771359314285713281e+13
6.963925077551019531e+13
7.156490840816326562e+13
7.349056604081631250e+13
7.541622367346937500e+13
7.734188130612243750e+13
7.926753893877550000e+13
8.119319657142856250e+13
8.311885420408162500e+13
8.504451183673468750e+13
8.697016946938775000e+13
8.889582710204081250e+13
9.082148473469387500e+13
9.274714236734693750e+13
9.467280000000000000e+13
