0.001 50 
 0.1  0.1 
 0.115139539933  0.115139539933 
 0.132571136559  0.132571136559 
 0.152641796718  0.152641796718 
 0.175751062485  0.175751062485 
 0.202358964773  0.202358964773 
 0.232995181052  0.232995181052 
 0.268269579528  0.268269579528 
 0.308884359648  0.308884359648 
 0.355648030622  0.355648030622 
 0.409491506238  0.409491506238 
 0.471486636346  0.471486636346 
 0.542867543932  0.542867543932 
 0.625055192527  0.625055192527 
 0.719685673001  0.719685673001 
 0.828642772855  0.828642772855 
 0.95409547635  0.95409547635 
 1.09854114199  1.09854114199 
 1.26485521686  1.26485521686 
 1.4563484775  1.4563484775 
 1.67683293681  1.67683293681 
 1.93069772888  1.93069772888 
 2.22299648253  2.22299648253 
 2.5595479227  2.5595479227 
 2.94705170255  2.94705170255 
 3.3932217719  3.39322177189 
 3.90693993705  3.90693993705 
 4.49843266897  4.49843266895 
 5.17947467923  5.17947467915 
 5.96362331659  5.96362331628 
 6.86648845004  6.8664884487 
 7.90604321091  7.90604320477 
 9.10298177992  9.10298174908 
 10.4811313415  10.4811311712 
 12.0679264064  12.0679253661 
 13.8949549437  13.8949478887 
 15.9985871961  15.9985338205 
 18.4206996933  18.4202475432 
 21.2095088792  21.2052128841 
 24.4205309455  24.3752010959 
 28.1176869797  27.6398572182 
 32.3745754282  29.3895970411 
 37.2759372031  29.3941863614 
 42.9193426013  29.1768437974 
 49.4171336132  29.0113723341 
 56.8986602902  28.8868152509 
 65.512855686  28.7889514949 
 75.4312006335  28.7102696557 
 86.8511373751  28.6465722654 
 100.0  28.5953572524 
0.00167683293681 50 
 0.1  0.1 
 0.115139539933  0.115139539933 
 0.132571136559  0.132571136559 
 0.152641796718  0.152641796718 
 0.175751062485  0.175751062485 
 0.202358964773  0.202358964773 
 0.232995181052  0.232995181052 
 0.268269579528  0.268269579528 
 0.308884359648  0.308884359648 
 0.355648030622  0.355648030622 
 0.409491506238  0.409491506238 
 0.471486636346  0.471486636346 
 0.542867543932  0.542867543932 
 0.625055192527  0.625055192527 
 0.719685673001  0.719685673001 
 0.828642772855  0.828642772855 
 0.95409547635  0.95409547635 
 1.09854114199  1.09854114199 
 1.26485521686  1.26485521686 
 1.4563484775  1.4563484775 
 1.67683293681  1.67683293681 
 1.93069772888  1.93069772888 
 2.22299648253  2.22299648253 
 2.5595479227  2.5595479227 
 2.94705170255  2.94705170255 
 3.3932217719  3.39322177189 
 3.90693993705  3.90693993704 
 4.49843266897  4.49843266893 
 5.17947467923  5.17947467909 
 5.96362331659  5.96362331606 
 6.86648845004  6.86648844779 
 7.90604321091  7.90604320059 
 9.10298177992  9.10298172812 
 10.4811313415  10.4811310554 
 12.0679264064  12.067924658 
 13.8949549437  13.8949430789 
 15.9985871961  15.9984973625 
 18.4206996933  18.4199379712 
 21.2095088792  21.2022676711 
 24.4205309455  24.3446576638 
 28.1176869797  27.3732079894 
 32.3745754282  28.6068097564 
 37.2759372031  28.5206287065 
 42.9193426013  28.328481596 
 49.4171336132  28.1811301054 
 56.8986602902  28.0674086403 
 65.512855686  27.9765855882 
 75.4312006335  27.9029717712 
 86.8511373751  27.8432341463 
 100.0  27.7952151405 
0.00281176869797 50 
 0.1  0.1 
 0.115139539933  0.115139539933 
 0.132571136559  0.132571136559 
 0.152641796718  0.152641796718 
 0.175751062485  0.175751062485 
 0.202358964773  0.202358964773 
 0.232995181052  0.232995181052 
 0.268269579528  0.268269579528 
 0.308884359648  0.308884359648 
 0.355648030622  0.355648030622 
 0.409491506238  0.409491506238 
 0.471486636346  0.471486636346 
 0.542867543932  0.542867543932 
 0.625055192527  0.625055192527 
 0.719685673001  0.719685673001 
 0.828642772855  0.828642772855 
 0.95409547635  0.95409547635 
 1.09854114199  1.09854114199 
 1.26485521686  1.26485521686 
 1.4563484775  1.4563484775 
 1.67683293681  1.67683293681 
 1.93069772888  1.93069772888 
 2.22299648253  2.22299648253 
 2.5595479227  2.5595479227 
 2.94705170255  2.94705170255 
 3.3932217719  3.39322177189 
 3.90693993705  3.90693993704 
 4.49843266897  4.49843266891 
 5.17947467923  5.179474679 
 5.96362331659  5.9636233157 
 6.86648845004  6.86648844627 
 7.90604321091  7.90604319358 
 9.10298177992  9.10298169284 
 10.4811313415  10.4811308601 
 12.0679264064  12.0679234631 
 13.8949549437  13.894934951 
 15.9985871961  15.9984356279 
 18.4206996933  18.4194124605 
 21.2095088792  21.1972617346 
 24.4205309455  24.293718203 
 28.1176869797  26.996280108 
 32.3745754282  27.7855921411 
 37.2759372031  27.6598309792 
 42.9193426013  27.4917668316 
 49.4171336132  27.3606724959 
 56.8986602902  27.2571402229 
 65.512855686  27.1733651888 
 75.4312006335  27.1050562734 
 86.8511373751  27.0495660768 
 100.0  27.0051018362 
0.00471486636346 50 
 0.1  0.1 
 0.115139539933  0.115139539933 
 0.132571136559  0.132571136559 
 0.152641796718  0.152641796718 
 0.175751062485  0.175751062485 
 0.202358964773  0.202358964773 
 0.232995181052  0.232995181052 
 0.268269579528  0.268269579528 
 0.308884359648  0.308884359648 
 0.355648030622  0.355648030622 
 0.409491506238  0.409491506238 
 0.471486636346  0.471486636346 
 0.542867543932  0.542867543932 
 0.625055192527  0.625055192527 
 0.719685673001  0.719685673001 
 0.828642772855  0.828642772855 
 0.95409547635  0.95409547635 
 1.09854114199  1.09854114199 
 1.26485521686  1.26485521686 
 1.4563484775  1.4563484775 
 1.67683293681  1.67683293681 
 1.93069772888  1.93069772888 
 2.22299648253  2.22299648253 
 2.5595479227  2.5595479227 
 2.94705170255  2.94705170255 
 3.3932217719  3.39322177188 
 3.90693993705  3.90693993702 
 4.49843266897  4.49843266886 
 5.17947467923  5.17947467884 
 5.96362331659  5.96362331509 
 6.86648845004  6.86648844369 
 7.90604321091  7.90604318175 
 9.10298177992  9.10298163328 
 10.4811313415  10.48113053 
 12.0679264064  12.0679214387 
 13.8949549437  13.8949211452 
 15.9985871961  15.9983304206 
 18.4206996933  18.4185132707 
 21.2095088792  21.1886810353 
 24.4205309455  24.2091701183 
 28.1176869797  26.496193636 
 32.3745754282  26.9430142313 
 37.2759372031  26.8080401792 
 42.9193426013  26.6626246019 
 49.4171336132  26.5466929094 
 56.8986602902  26.4532439916 
 65.512855686  26.3768545533 
 75.4312006335  26.3143058928 
 86.8511373751  26.2635230509 
 100.0  26.2228298928 
0.00790604321091 50 
 0.1  0.1 
 0.115139539933  0.115139539933 
 0.132571136559  0.132571136559 
 0.152641796718  0.152641796718 
 0.175751062485  0.175751062485 
 0.202358964773  0.202358964773 
 0.232995181052  0.232995181052 
 0.268269579528  0.268269579528 
 0.308884359648  0.308884359648 
 0.355648030622  0.355648030622 
 0.409491506238  0.409491506238 
 0.471486636346  0.471486636346 
 0.542867543932  0.542867543932 
 0.625055192527  0.625055192527 
 0.719685673001  0.719685673001 
 0.828642772855  0.828642772855 
 0.95409547635  0.95409547635 
 1.09854114199  1.09854114199 
 1.26485521686  1.26485521686 
 1.4563484775  1.4563484775 
 1.67683293681  1.67683293681 
 1.93069772888  1.93069772888 
 2.22299648253  2.22299648253 
 2.5595479227  2.5595479227 
 2.94705170255  2.94705170255 
 3.3932217719  3.39322177188 
 3.90693993705  3.906939937 
 4.49843266897  4.49843266879 
 5.17947467923  5.17947467858 
 5.96362331659  5.96362331406 
 6.86648845004  6.86648843934 
 7.90604321091  7.90604316172 
 9.10298177992  9.10298153227 
 10.4811313415  10.4811299688 
 12.0679264064  12.0679179857 
 13.8949549437  13.8948974988 
 15.9985871961  15.998149259 
 18.4206996933  18.4169550097 
 21.2095088792  21.1737807765 
 24.4205309455  24.0701857295 
 28.1176869797  25.8750394214 
 32.3745754282  26.0870318752 
 37.2759372031  25.959653327 
 42.9193426013  25.8357035343 
 49.4171336132  25.7346075871 
 56.8986602902  25.6516513485 
 65.512855686  25.5832593422 
 75.4312006335  25.5270708807 
 86.8511373751  25.4813534499 
 100.0  25.4446654259 
0.0132571136559 50 
 0.1  0.1 
 0.115139539933  0.115139539933 
 0.132571136559  0.132571136559 
 0.152641796718  0.152641796718 
 0.175751062485  0.175751062485 
 0.202358964773  0.202358964773 
 0.232995181052  0.232995181052 
 0.268269579528  0.268269579528 
 0.308884359648  0.308884359648 
 0.355648030622  0.355648030622 
 0.409491506238  0.409491506238 
 0.471486636346  0.471486636346 
 0.542867543932  0.542867543932 
 0.625055192527  0.625055192527 
 0.719685673001  0.719685673001 
 0.828642772855  0.828642772855 
 0.95409547635  0.95409547635 
 1.09854114199  1.09854114199 
 1.26485521686  1.26485521686 
 1.4563484775  1.4563484775 
 1.67683293681  1.67683293681 
 1.93069772888  1.93069772888 
 2.22299648253  2.22299648252 
 2.5595479227  2.5595479227 
 2.94705170255  2.94705170254 
 3.3932217719  3.39322177187 
 3.90693993705  3.90693993696 
 4.49843266897  4.49843266866 
 5.17947467923  5.17947467813 
 5.96362331659  5.96362331231 
 6.86648845004  6.86648843195 
 7.90604321091  7.90604312762 
 9.10298177992  9.10298135968 
 10.4811313415  10.4811290059 
 12.0679264064  12.0679120311 
 13.8949549437  13.8948564519 
 15.9985871961  15.9978321424 
 18.4206996933  18.4142008019 
 21.2095088792  21.1474176103 
 24.4205309455  23.8460689275 
 28.1176869797  25.1479827412 
 32.3745754282  25.2184573106 
 37.2759372031  25.1073174088 
 42.9193426013  25.0040804744 
 49.4171336132  24.9179864256 
 56.8986602902  24.8462424 
 65.512855686  24.7865767473 
 75.4312006335  24.7373013113 
 86.8511373751  24.6970396165 
 100.0  24.6645860641 
0.0222299648253 50 
 0.1  0.1 
 0.115139539933  0.115139539933 
 0.132571136559  0.132571136559 
 0.152641796718  0.152641796718 
 0.175751062485  0.175751062485 
 0.202358964773  0.202358964773 
 0.232995181052  0.232995181052 
 0.268269579528  0.268269579528 
 0.308884359648  0.308884359648 
 0.355648030622  0.355648030622 
 0.409491506238  0.409491506238 
 0.471486636346  0.471486636346 
 0.542867543932  0.542867543932 
 0.625055192527  0.625055192527 
 0.719685673001  0.719685673001 
 0.828642772855  0.828642772855 
 0.95409547635  0.95409547635 
 1.09854114199  1.09854114199 
 1.26485521686  1.26485521686 
 1.4563484775  1.4563484775 
 1.67683293681  1.67683293681 
 1.93069772888  1.93069772888 
 2.22299648253  2.22299648252 
 2.5595479227  2.55954792269 
 2.94705170255  2.94705170253 
 3.3932217719  3.39322177185 
 3.90693993705  3.9069399369 
 4.49843266897  4.49843266845 
 5.17947467923  5.17947467736 
 5.96362331659  5.96362330932 
 6.86648845004  6.86648841929 
 7.90604321091  7.90604306896 
 9.10298177992  9.10298106127 
 10.4811313415  10.4811273302 
 12.0679264064  12.0679015839 
 13.8949549437  13.894783699 
 15.9985871961  15.9972629232 
 18.4206996933  18.4091884785 
 21.2095088792  21.0996321063 
 24.4205309455  23.497575979 
 28.1176869797  24.335599959 
 32.3745754282  24.333393961 
 37.2759372031  24.2422034569 
 42.9193426013  24.1590173364 
 49.4171336132  24.0882215993 
 56.8986602902  24.0283652825 
 65.512855686  23.9780811124 
 75.4312006335  23.9362337265 
 86.8511373751  23.9018161988 
 100.0  23.8738882377 
0.0372759372031 50 
 0.1  0.1 
 0.115139539933  0.115139539933 
 0.132571136559  0.132571136559 
 0.152641796718  0.152641796718 
 0.175751062485  0.175751062485 
 0.202358964773  0.202358964773 
 0.232995181052  0.232995181052 
 0.268269579528  0.268269579528 
 0.308884359648  0.308884359648 
 0.355648030622  0.355648030622 
 0.409491506238  0.409491506238 
 0.471486636346  0.471486636346 
 0.542867543932  0.542867543932 
 0.625055192527  0.625055192527 
 0.719685673001  0.719685673001 
 0.828642772855  0.828642772855 
 0.95409547635  0.95409547635 
 1.09854114199  1.09854114199 
 1.26485521686  1.26485521686 
 1.4563484775  1.4563484775 
 1.67683293681  1.67683293681 
 1.93069772888  1.93069772888 
 2.22299648253  2.22299648252 
 2.5595479227  2.55954792269 
 2.94705170255  2.94705170252 
 3.3932217719  3.39322177181 
 3.90693993705  3.90693993679 
 4.49843266897  4.49843266809 
 5.17947467923  5.17947467605 
 5.96362331659  5.96362330418 
 6.86648845004  6.86648839732 
 7.90604321091  7.90604296645 
 9.10298177992  9.10298053555 
 10.4811313415  10.4811243485 
 12.0679264064  12.0678827658 
 13.8949549437  13.8946506739 
 15.9985871961  15.9962032808 
 18.4206996933  18.3996925004 
 21.2095088792  21.0108511368 
 24.4205309455  22.9878180689 
 28.1176869797  23.4567862188 
 32.3745754282  23.425736224 
 37.2759372031  23.3550142578 
 42.9193426013  23.2907790692 
 49.4171336132  23.2351298505 
 56.8986602902  23.1873948684 
 65.512855686  23.1468525351 
 75.4312006335  23.1127932699 
 86.8511373751  23.0845329763 
 100.0  23.0614176701 
0.0625055192527 50 
 0.1  0.1 
 0.115139539933  0.115139539933 
 0.132571136559  0.132571136559 
 0.152641796718  0.152641796718 
 0.175751062485  0.175751062485 
 0.202358964773  0.202358964773 
 0.232995181052  0.232995181052 
 0.268269579528  0.268269579528 
 0.308884359648  0.308884359648 
 0.355648030622  0.355648030622 
 0.409491506238  0.409491506238 
 0.471486636346  0.471486636346 
 0.542867543932  0.542867543932 
 0.625055192527  0.625055192527 
 0.719685673001  0.719685673001 
 0.828642772855  0.828642772855 
 0.95409547635  0.95409547635 
 1.09854114199  1.09854114199 
 1.26485521686  1.26485521686 
 1.4563484775  1.4563484775 
 1.67683293681  1.67683293681 
 1.93069772888  1.93069772888 
 2.22299648253  2.22299648252 
 2.5595479227  2.55954792268 
 2.94705170255  2.94705170251 
 3.3932217719  3.39322177175 
 3.90693993705  3.90693993661 
 4.49843266897  4.49843266746 
 5.17947467923  5.17947467376 
 5.96362331659  5.96362329513 
 6.86648845004  6.86648835838 
 7.90604321091  7.90604278294 
 9.10298177992  9.1029795828 
 10.4811313415  10.4811188656 
 12.0679264064  12.067847556 
 13.8949549437  13.8943966112 
 15.9985871961  15.9941317909 
 18.4206996933  18.3807901345 
 21.2095088792  20.8440667421 
 24.4205309455  22.3033310584 
 28.1176869797  22.5260732628 
 32.3745754282  22.489953003 
 37.2759372031  22.4379928546 
 42.9193426013  22.3907294502 
 49.4171336132  22.3491732694 
 56.8986602902  22.3130623425 
 65.512855686  22.2820373709 
 75.4312006335  22.2557079374 
 86.8511373751  22.2336641226 
 100.0  22.2154829783 
0.104811313415 50 
 0.1  0.1 
 0.115139539933  0.115139539933 
 0.132571136559  0.132571136559 
 0.152641796718  0.152641796718 
 0.175751062485  0.175751062485 
 0.202358964773  0.202358964773 
 0.232995181052  0.232995181052 
 0.268269579528  0.268269579528 
 0.308884359648  0.308884359648 
 0.355648030622  0.355648030622 
 0.409491506238  0.409491506238 
 0.471486636346  0.471486636346 
 0.542867543932  0.542867543932 
 0.625055192527  0.625055192527 
 0.719685673001  0.719685673001 
 0.828642772855  0.828642772855 
 0.95409547635  0.95409547635 
 1.09854114199  1.09854114199 
 1.26485521686  1.26485521685 
 1.4563484775  1.4563484775 
 1.67683293681  1.67683293681 
 1.93069772888  1.93069772888 
 2.22299648253  2.22299648252 
 2.5595479227  2.55954792267 
 2.94705170255  2.94705170247 
 3.3932217719  3.39322177165 
 3.90693993705  3.90693993628 
 4.49843266897  4.49843266635 
 5.17947467923  5.17947466967 
 5.96362331659  5.96362327879 
 6.86648845004  6.8664882872 
 7.90604321091  7.90604244249 
 9.10298177992  9.10297778492 
 10.4811313415  10.4811083132 
 12.0679264064  12.0677782398 
 13.8949549437  13.8938835051 
 15.9985871961  15.9898355472 
 18.4206996933  18.3412087654 
 21.2095088792  20.5394635853 
 24.4205309455  21.4673865784 
 28.1176869797  21.554655998 
 32.3745754282  21.5237595225 
 37.2759372031  21.4874401884 
 42.9193426013  21.4543188706 
 49.4171336132  21.4248626383 
 56.8986602902  21.3989884942 
 65.512855686  21.376532761 
 75.4312006335  21.3572971777 
 86.8511373751  21.3410531811 
 100.0  21.327547485 
0.175751062485 50 
 0.1  0.1 
 0.115139539933  0.115139539933 
 0.132571136559  0.132571136559 
 0.152641796718  0.152641796718 
 0.175751062485  0.175751062485 
 0.202358964773  0.202358964773 
 0.232995181052  0.232995181052 
 0.268269579528  0.268269579528 
 0.308884359648  0.308884359648 
 0.355648030622  0.355648030622 
 0.409491506238  0.409491506238 
 0.471486636346  0.471486636346 
 0.542867543932  0.542867543932 
 0.625055192527  0.625055192527 
 0.719685673001  0.719685673001 
 0.828642772855  0.828642772855 
 0.95409547635  0.95409547635 
 1.09854114199  1.09854114199 
 1.26485521686  1.26485521685 
 1.4563484775  1.4563484775 
 1.67683293681  1.67683293681 
 1.93069772888  1.93069772888 
 2.22299648253  2.22299648251 
 2.5595479227  2.55954792265 
 2.94705170255  2.94705170241 
 3.3932217719  3.39322177147 
 3.90693993705  3.90693993569 
 4.49843266897  4.49843266432 
 5.17947467923  5.17947466211 
 5.96362331659  5.96362324814 
 6.86648845004  6.86648815126 
 7.90604321091  7.9060417796 
 9.10298177992  9.1029742071 
 10.4811313415  10.4810867992 
 12.0679264064  12.0676331255 
 13.8949549437  13.8927787198 
 15.9985871961  15.9803525208 
 18.4206996933  18.2554072695 
 21.2095088792  20.0325527007 
 24.4205309455  20.5269065042 
 28.1176869797  20.5526813304 
 32.3745754282  20.5297151171 
 37.2759372031  20.5054004493 
 42.9193426013  20.4831809155 
 49.4171336132  20.4632635351 
 56.8986602902  20.4456246098 
 65.512855686  20.4301941983 
 75.4312006335  20.4168726571 
 86.8511373751  20.4055339527 
 100.0  20.3960299312 
0.294705170255 50 
 0.1  0.1 
 0.115139539933  0.115139539933 
 0.132571136559  0.132571136559 
 0.152641796718  0.152641796718 
 0.175751062485  0.175751062485 
 0.202358964773  0.202358964773 
 0.232995181052  0.232995181052 
 0.268269579528  0.268269579528 
 0.308884359648  0.308884359648 
 0.355648030622  0.355648030622 
 0.409491506238  0.409491506238 
 0.471486636346  0.471486636346 
 0.542867543932  0.542867543932 
 0.625055192527  0.625055192527 
 0.719685673001  0.719685673001 
 0.828642772855  0.828642772855 
 0.95409547635  0.95409547635 
 1.09854114199  1.09854114199 
 1.26485521686  1.26485521685 
 1.4563484775  1.4563484775 
 1.67683293681  1.67683293681 
 1.93069772888  1.93069772887 
 2.22299648253  2.2229964825 
 2.5595479227  2.55954792262 
 2.94705170255  2.9470517023 
 3.3932217719  3.39322177113 
 3.90693993705  3.90693993459 
 4.49843266897  4.49843266046 
 5.17947467923  5.17947464746 
 5.96362331659  5.96362318753 
 6.86648845004  6.86648787674 
 7.90604321091  7.90604040898 
 9.10298177992  9.10296662454 
 10.4811313415  10.481039986 
 12.0679264064  12.0673086358 
 13.8949549437  13.8902419623 
 15.9985871961  15.958257235 
 18.4206996933  18.0712185943 
 21.2095088792  19.3068680773 
 24.4205309455  19.5279162867 
 28.1176869797  19.5307728651 
 32.3745754282  19.51504081 
 37.2759372031  19.4993198193 
 42.9193426013  19.4849343758 
 49.4171336132  19.4719717349 
 56.8986602902  19.4604235778 
 65.512855686  19.4502574806 
 75.4312006335  19.4414181666 
 86.8511373751  19.4338344827 
 100.0  19.4274118286 
0.494171336132 50 
 0.1  0.1 
 0.115139539933  0.115139539933 
 0.132571136559  0.132571136559 
 0.152641796718  0.152641796718 
 0.175751062485  0.175751062485 
 0.202358964773  0.202358964773 
 0.232995181052  0.232995181052 
 0.268269579528  0.268269579528 
 0.308884359648  0.308884359648 
 0.355648030622  0.355648030622 
 0.409491506238  0.409491506238 
 0.471486636346  0.471486636346 
 0.542867543932  0.542867543932 
 0.625055192527  0.625055192527 
 0.719685673001  0.719685673001 
 0.828642772855  0.828642772854 
 0.95409547635  0.95409547635 
 1.09854114199  1.09854114199 
 1.26485521686  1.26485521685 
 1.4563484775  1.4563484775 
 1.67683293681  1.6768329368 
 1.93069772888  1.93069772887 
 2.22299648253  2.22299648248 
 2.5595479227  2.55954792264 
 2.94705170255  2.94705170208 
 3.3932217719  3.39322177047 
 3.90693993705  3.90693993242 
 4.49843266897  4.49843265269 
 5.17947467923  5.17947461733 
 5.96362331659  5.96362306007 
 6.86648845004  6.86648728543 
 7.90604321091  7.90603738311 
 9.10298177992  9.10294945904 
 10.4811313415  10.4809313045 
 12.0679264064  12.0665366764 
 13.8949549437  13.8840838705 
 15.9985871961  15.9051540012 
 18.4206996933  17.709245975 
 21.2095088792  18.4182415285 
 24.4205309455  18.5037222655 
 28.1176869797  18.500129001 
 32.3745754282  18.4898946338 
 37.2759372031  18.4799979452 
 42.9193426013  18.4709298041 
 49.4171336132  18.4627258989 
 56.8986602902  18.4553786309 
 65.512855686  18.4488669905 
 75.4312006335  18.4431554917 
 86.8511373751  18.438191837 
 100.0  18.433905015 
0.828642772855 50 
 0.1  0.1 
 0.115139539933  0.115139539933 
 0.132571136559  0.132571136559 
 0.152641796718  0.152641796718 
 0.175751062485  0.175751062485 
 0.202358964773  0.202358964773 
 0.232995181052  0.232995181052 
 0.268269579528  0.268269579528 
 0.308884359648  0.308884359648 
 0.355648030622  0.355648030622 
 0.409491506238  0.409491506238 
 0.471486636346  0.471486636346 
 0.542867543932  0.542867543932 
 0.625055192527  0.625055192527 
 0.719685673001  0.719685673001 
 0.828642772855  0.828642772854 
 0.95409547635  0.954095476349 
 1.09854114199  1.09854114199 
 1.26485521686  1.26485521685 
 1.4563484775  1.45634847749 
 1.67683293681  1.67683293681 
 1.93069772888  1.93069772886 
 2.22299648253  2.22299648243 
 2.5595479227  2.55954792239 
 2.94705170255  2.94705170165 
 3.3932217719  3.39322176912 
 3.90693993705  3.90693992785 
 4.49843266897  4.49843263602 
 5.17947467923  5.17947455117 
 5.96362331659  5.96362277357 
 6.86648845004  6.86648592567 
 7.90604321091  7.90603026698 
 9.10298177992  9.10290816479 
 10.4811313415  10.4806642792 
 12.0679264064  12.0646040077 
 13.8949549437  13.8685369337 
 15.9985871961  15.7792343465 
 18.4206996933  17.1127241268 
 21.2095088792  17.4465895402 
 24.4205309455  17.47592522 
 28.1176869797  17.4717080569 
 32.3745754282  17.4652707119 
 37.2759372031  17.4591549998 
 42.9193426013  17.4535382851 
 49.4171336132  17.4484297793 
 56.8986602902  17.4438192544 
 65.512855686  17.4396864383 
 75.4312006335  17.4359979754 
 86.8511373751  17.4327042643 
 100.0  17.4297332606 
1.38949549437 50 
 0.1  0.1 
 0.115139539933  0.115139539933 
 0.132571136559  0.132571136559 
 0.152641796718  0.152641796718 
 0.175751062485  0.175751062485 
 0.202358964773  0.202358964773 
 0.232995181052  0.232995181052 
 0.268269579528  0.268269579528 
 0.308884359648  0.308884359648 
 0.355648030622  0.355648030622 
 0.409491506238  0.409491506238 
 0.471486636346  0.471486636346 
 0.542867543932  0.542867543932 
 0.625055192527  0.625055192527 
 0.719685673001  0.719685673001 
 0.828642772855  0.828642772854 
 0.95409547635  0.954095476349 
 1.09854114199  1.09854114199 
 1.26485521686  1.26485521685 
 1.4563484775  1.4563484775 
 1.67683293681  1.67683293681 
 1.93069772888  1.93069772884 
 2.22299648253  2.22299648235 
 2.5595479227  2.55954792208 
 2.94705170255  2.94705170073 
 3.3932217719  3.39322176616 
 3.90693993705  3.90693991762 
 4.49843266897  4.49843259781 
 5.17947467923  5.17947439631 
 5.96362331659  5.96362208905 
 6.86648845004  6.86648261056 
 7.90604321091  7.90601258577 
 9.10298177992  9.102803775 
 10.4811313415  10.4799786181 
 12.0679264064  12.0595860946 
 13.8949549437  13.8287133751 
 15.9985871961  15.5060807989 
 18.4206996933  16.3153179477 
 21.2095088792  16.449887743 
 24.4205309455  16.4586844234 
 28.1176869797  16.4553982197 
 32.3745754282  16.4514290244 
 37.2759372031  16.4476841829 
 42.9193426013  16.4442226824 
 49.4171336132  16.4410390387 
 56.8986602902  16.4381177731 
 65.512855686  16.4354307243 
 75.4312006335  16.4329359662 
 86.8511373751  16.4305700278 
 100.0  16.4282402758 
2.32995181052 50 
 0.1  0.1 
 0.115139539933  0.115139539933 
 0.132571136559  0.132571136559 
 0.152641796718  0.152641796718 
 0.175751062485  0.175751062485 
 0.202358964773  0.202358964772 
 0.232995181052  0.232995181051 
 0.268269579528  0.268269579528 
 0.308884359648  0.308884359648 
 0.355648030622  0.355648030622 
 0.409491506238  0.409491506238 
 0.471486636346  0.471486636346 
 0.542867543932  0.542867543932 
 0.625055192527  0.625055192527 
 0.719685673001  0.719685673 
 0.828642772855  0.828642772854 
 0.95409547635  0.95409547635 
 1.09854114199  1.09854114198 
 1.26485521686  1.26485521685 
 1.4563484775  1.45634847751 
 1.67683293681  1.6768329368 
 1.93069772888  1.93069772877 
 2.22299648253  2.22299648235 
 2.5595479227  2.55954792139 
 2.94705170255  2.94705169861 
 3.3932217719  3.39322175923 
 3.90693993705  3.90693989321 
 4.49843266897  4.49843250495 
 5.17947467923  5.17947401317 
 5.96362331659  5.96362036748 
 6.86648845004  6.8664741443 
 7.90604321091  7.90596679894 
 9.10298177992  9.10253013486 
 10.4811313415  10.4781637903 
 12.0679264064  12.0463020053 
 13.8949549437  13.729320569 
 15.9985871961  15.0132341379 
 18.4206996933  15.4106645199 
 21.2095088792  15.4599609415 
 24.4205309455  15.4619703396 
 28.1176869797  15.4597239894 
 32.3745754282  15.4572878363 
 37.2759372031  15.4549776 
 42.9193426013  15.4528046735 
 49.4171336132  15.4507523156 
 56.8986602902  15.4487941611 
 65.512855686  15.4468873669 
 75.4312006335  15.4449690716 
 86.8511373751  15.4429452396 
 100.0  15.4406744712 
3.90693993705 50 
 0.1  0.0999999999999 
 0.115139539933  0.115139539933 
 0.132571136559  0.132571136559 
 0.152641796718  0.152641796717 
 0.175751062485  0.175751062485 
 0.202358964773  0.202358964772 
 0.232995181052  0.232995181051 
 0.268269579528  0.268269579528 
 0.308884359648  0.308884359648 
 0.355648030622  0.355648030622 
 0.409491506238  0.409491506238 
 0.471486636346  0.471486636345 
 0.542867543932  0.542867543932 
 0.625055192527  0.625055192526 
 0.719685673001  0.719685673 
 0.828642772855  0.828642772854 
 0.95409547635  0.954095476348 
 1.09854114199  1.09854114198 
 1.26485521686  1.26485521683 
 1.4563484775  1.45634847753 
 1.67683293681  1.67683293666 
 1.93069772888  1.9306977285 
 2.22299648253  2.22299648149 
 2.5595479227  2.55954791974 
 2.94705170255  2.94705169347 
 3.3932217719  3.3932217421 
 3.90693993705  3.90693983134 
 4.49843266897  4.49843226827 
 5.17947467923  5.17947302404 
 5.96362331659  5.96361586944 
 6.86648845004  6.86645179393 
 7.90604321091  7.90584483449 
 9.10298177992  9.10179579734 
 10.4811313415  10.4732794478 
 12.0679264064  12.0112502896 
 13.8949549437  13.5040093169 
 15.9985871961  14.3115039365 
 18.4206996933  14.4765870584 
 21.2095088792  14.4937474562 
 24.4205309455  14.4937835507 
 28.1176869797  14.4923145052 
 32.3745754282  14.4907848619 
 37.2759372031  14.489296865 
 42.9193426013  14.4878385382 
 49.4171336132  14.4863788824 
 56.8986602902  14.4848730028 
 65.512855686  14.4832532784 
 75.4312006335  14.4814202222 
 86.8511373751  14.4792254369 
 100.0  14.476444305 
6.5512855686 50 
 0.1  0.0999999999999 
 0.115139539933  0.115139539932 
 0.132571136559  0.132571136559 
 0.152641796718  0.152641796717 
 0.175751062485  0.175751062485 
 0.202358964773  0.202358964772 
 0.232995181052  0.232995181051 
 0.268269579528  0.268269579528 
 0.308884359648  0.308884359647 
 0.355648030622  0.355648030621 
 0.409491506238  0.409491506237 
 0.471486636346  0.471486636344 
 0.542867543932  0.54286754393 
 0.625055192527  0.625055192524 
 0.719685673001  0.719685672999 
 0.828642772855  0.82864277285 
 0.95409547635  0.954095476339 
 1.09854114199  1.09854114196 
 1.26485521686  1.26485521685 
 1.4563484775  1.45634847749 
 1.67683293681  1.67683293661 
 1.93069772888  1.93069772858 
 2.22299648253  2.22299648009 
 2.5595479227  2.55954791558 
 2.94705170255  2.94705168037 
 3.3932217719  3.39322169772 
 3.90693993705  3.90693967195 
 4.49843266897  4.49843164459 
 5.17947467923  5.17947039421 
 5.96362331659  5.96360382076 
 6.86648845004  6.86639155521 
 7.90604321091  7.90551454512 
 9.10298177992  9.0998031352 
 10.4811313415  10.4601286028 
 12.0679264064  11.9226739756 
 13.8949549437  13.0826789219 
 15.9985871961  13.4939327354 
 18.4206996933  13.5568268051 
 21.2095088792  13.5626720249 
 24.4205309455  13.562263603 
 28.1176869797  13.5612819038 
 32.3745754282  13.5602470748 
 37.2759372031  13.5591782103 
 42.9193426013  13.5580437391 
 49.4171336132  13.5567944122 
 56.8986602902  13.5553558835 
 65.512855686  13.5536217026 
 75.4312006335  13.5514340366 
 86.8511373751  13.5485578403 
 100.0  13.544638064 
10.9854114199 50 
 0.1  0.0999999999995 
 0.115139539933  0.115139539932 
 0.132571136559  0.132571136558 
 0.152641796718  0.152641796717 
 0.175751062485  0.175751062485 
 0.202358964773  0.202358964771 
 0.232995181052  0.23299518105 
 0.268269579528  0.268269579526 
 0.308884359648  0.308884359644 
 0.355648030622  0.355648030618 
 0.409491506238  0.409491506233 
 0.471486636346  0.47148663634 
 0.542867543932  0.542867543925 
 0.625055192527  0.625055192511 
 0.719685673001  0.719685672984 
 0.828642772855  0.82864277283 
 0.95409547635  0.954095476309 
 1.09854114199  1.09854114199 
 1.26485521686  1.26485521677 
 1.4563484775  1.45634847682 
 1.67683293681  1.67683293551 
 1.93069772888  1.93069772621 
 2.22299648253  2.22299647622 
 2.5595479227  2.55954790472 
 2.94705170255  2.94705164584 
 3.3932217719  3.39322158045 
 3.90693993705  3.9069392438 
 4.49843266897  4.49842996573 
 5.17947467923  5.17946327976 
 5.96362331659  5.96357113282 
 6.86648845004  6.8662278057 
 7.90604321091  7.90461712489 
 9.10298177992  9.09442131348 
 10.4811313415  10.4256736477 
 12.0679264064  11.7236474601 
 13.8949549437  12.4728050214 
 15.9985871961  12.6530232728 
 18.4206996933  12.6769483474 
 21.2095088792  12.6789594532 
 24.4205309455  12.6785152076 
 28.1176869797  12.6777917312 
 32.3745754282  12.6769789337 
 37.2759372031  12.6760573091 
 42.9193426013  12.6749737648 
 49.4171336132  12.6736507265 
 56.8986602902  12.6719749341 
 65.512855686  12.6697833127 
 75.4312006335  12.6668344516 
 86.8511373751  12.6627705618 
 100.0  12.6570525242 
18.4206996933 50 
 0.1  0.0999999999996 
 0.115139539933  0.115139539932 
 0.132571136559  0.132571136559 
 0.152641796718  0.152641796717 
 0.175751062485  0.175751062485 
 0.202358964773  0.202358964771 
 0.232995181052  0.232995181046 
 0.268269579528  0.268269579521 
 0.308884359648  0.30888435964 
 0.355648030622  0.355648030614 
 0.409491506238  0.409491506192 
 0.471486636346  0.471486636264 
 0.542867543932  0.542867543738 
 0.625055192527  0.625055192475 
 0.719685673001  0.719685672635 
 0.828642772855  0.828642772465 
 0.95409547635  0.954095475821 
 1.09854114199  1.09854114113 
 1.26485521686  1.26485521514 
 1.4563484775  1.45634847463 
 1.67683293681  1.67683293177 
 1.93069772888  1.93069771842 
 2.22299648253  2.22299646062 
 2.5595479227  2.5595478694 
 2.94705170255  2.94705155207 
 3.3932217719  3.39322126304 
 3.90693993705  3.90693808234 
 4.49843266897  4.49842540821 
 5.17947467923  5.17944397494 
 5.96362331659  5.9634825642 
 6.86648845004  6.86578625648 
 7.90604321091  7.90221999513 
 9.10298177992  9.08036851285 
 10.4811313415  10.3426421385 
 12.0679264064  11.365258777 
 13.8949549437  11.7730938661 
 15.9985871961  11.8499941283 
 18.4206996933  11.8599456582 
 21.2095088792  11.8606760683 
 24.4205309455  11.8602620727 
 28.1176869797  11.8596451465 
 32.3745754282  11.8588906227 
 37.2759372031  11.8579539087 
 42.9193426013  11.8567587509 
 49.4171336132  11.8551952408 
 56.8986602902  11.8531058661 
 65.512855686  11.8502623693 
 75.4312006335  11.8463304968 
 86.8511373751  11.8408177262 
 100.0  11.832991097 
30.8884359648 50 
 0.1  0.0999999999999 
 0.115139539933  0.115139539933 
 0.132571136559  0.132571136559 
 0.152641796718  0.152641796717 
 0.175751062485  0.175751062479 
 0.202358964773  0.202358964767 
 0.232995181052  0.232995181048 
 0.268269579528  0.268269579524 
 0.308884359648  0.308884359644 
 0.355648030622  0.355648030618 
 0.409491506238  0.409491506195 
 0.471486636346  0.471486636264 
 0.542867543932  0.542867543808 
 0.625055192527  0.625055192459 
 0.719685673001  0.719685672767 
 0.828642772855  0.828642772101 
 0.95409547635  0.954095474221 
 1.09854114199  1.0985411386 
 1.26485521686  1.26485521167 
 1.4563484775  1.45634846711 
 1.67683293681  1.67683291626 
 1.93069772888  1.93069768602 
 2.22299648253  2.22299639037 
 2.5595479227  2.55954771367 
 2.94705170255  2.94705120282 
 3.3932217719  3.39322032886 
 3.90693993705  3.90693494459 
 4.49843266897  4.49841314093 
 5.17947467923  5.17939240884 
 5.96362331659  5.96324890705 
 6.86648845004  6.8646418442 
 7.90604321091  7.8961792288 
 9.10298177992  9.04693839959 
 10.4811313415  10.17592695 
 12.0679264064  10.8827748746 
 13.8949549437  11.0921645839 
 15.9985871961  11.1286575946 
 18.4206996933  11.1335869312 
 21.2095088792  11.1338870404 
 24.4205309455  11.1335163145 
 28.1176869797  11.1329620102 
 32.3745754282  11.1322399645 
 37.2759372031  11.1312928717 
 42.9193426013  11.1300318012 
 49.4171336132  11.1283305226 
 56.8986602902  11.1260094851 
 65.512855686  11.1228118413 
 75.4312006335  11.1183694096 
 86.8511373751  11.1121557672 
 100.0  11.1034234003 
51.7947467923 50 
 0.1  0.0999999999999 
 0.115139539933  0.115139539933 
 0.132571136559  0.132571136554 
 0.152641796718  0.152641796716 
 0.175751062485  0.175751062485 
 0.202358964773  0.202358964772 
 0.232995181052  0.232995181051 
 0.268269579528  0.268269579527 
 0.308884359648  0.308884359646 
 0.355648030622  0.355648030556 
 0.409491506238  0.409491506159 
 0.471486636346  0.471486636335 
 0.542867543932  0.542867543918 
 0.625055192527  0.625055192485 
 0.719685673001  0.719685672233 
 0.828642772855  0.828642771197 
 0.95409547635  0.954095473523 
 1.09854114199  1.09854113568 
 1.26485521686  1.26485520516 
 1.4563484775  1.45634845306 
 1.67683293681  1.67683288613 
 1.93069772888  1.93069760214 
 2.22299648253  2.22299618879 
 2.5595479227  2.55954721402 
 2.94705170255  2.94704989623 
 3.3932217719  3.39321687875 
 3.90693993705  3.90692520797 
 4.49843266897  4.49838120846 
 5.17947467923  5.17926229632 
 5.96362331659  5.9626782786 
 6.86648845004  6.86196262917 
 7.90604321091  7.88287110247 
 9.10298177992  8.98117393935 
 10.4811313415  9.92456322574 
 12.0679264064  10.384755858 
 13.8949549437  10.5013266594 
 15.9985871961  10.5219512311 
 18.4206996933  10.5249379843 
 21.2095088792  10.5251461579 
 24.4205309455  10.5249132222 
 28.1176869797  10.5245454689 
 32.3745754282  10.524051032 
 37.2759372031  10.5233897141 
 42.9193426013  10.5224998145 
 49.4171336132  10.5212974375 
 56.8986602902  10.5196689511 
 65.512855686  10.5174648894 
 75.4312006335  10.5144985558 
 86.8511373751  10.5105602045 
 100.0  10.505482036 
86.8511373751 50 
 0.1  0.0999999999987 
 0.115139539933  0.115139539933 
 0.132571136559  0.132571136559 
 0.152641796718  0.152641796718 
 0.175751062485  0.175751062486 
 0.202358964773  0.202358964773 
 0.232995181052  0.232995181051 
 0.268269579528  0.268269579461 
 0.308884359648  0.308884359622 
 0.355648030622  0.355648030638 
 0.409491506238  0.409491506262 
 0.471486636346  0.471486636363 
 0.542867543932  0.542867543912 
 0.625055192527  0.625055192078 
 0.719685673001  0.71968567227 
 0.828642772855  0.82864277282 
 0.95409547635  0.954095476022 
 1.09854114199  1.09854113559 
 1.26485521686  1.26485519697 
 1.4563484775  1.45634843574 
 1.67683293681  1.67683284235 
 1.93069772888  1.93069749905 
 2.22299648253  2.2229959075 
 2.5595479227  2.55954641345 
 2.94705170255  2.9470474813 
 3.3932217719  3.39320941305 
 3.90693993705  3.90690124532 
 4.49843266897  4.49830053613 
 5.17947467923  5.17897197328 
 5.96362331659  5.96149182189 
 6.86648845004  6.85678238236 
 7.90604321091  7.85947339079 
 9.10298177992  8.8827298199 
 10.4811313415  9.64350551702 
 12.0679264064  9.95387057937 
 13.8949549437  10.0279257397 
 15.9985871961  10.0415045369 
 18.4206996933  10.0437092915 
 21.2095088792  10.0440916269 
 24.4205309455  10.0442396571 
 28.1176869797  10.0443968365 
 32.3745754282  10.0446117034 
 37.2759372031  10.0449174442 
 42.9193426013  10.0453615142 
 49.4171336132  10.0460223513 
 56.8986602902  10.0470329068 
 65.512855686  10.048627056 
 75.4312006335  10.0512312892 
 86.8511373751  10.0556451858 
 100.0  10.0634111485 
145.63484775 50 
 0.1  0.100000000001 
 0.115139539933  0.115139539934 
 0.132571136559  0.13257113656 
 0.152641796718  0.152641796719 
 0.175751062485  0.175751062486 
 0.202358964773  0.202358964772 
 0.232995181052  0.232995181035 
 0.268269579528  0.268269579546 
 0.308884359648  0.308884359687 
 0.355648030622  0.355648030667 
 0.409491506238  0.409491506271 
 0.471486636346  0.471486636193 
 0.542867543932  0.542867543794 
 0.625055192527  0.625055192378 
 0.719685673001  0.719685673933 
 0.828642772855  0.828642773027 
 0.95409547635  0.954095473358 
 1.09854114199  1.09854113412 
 1.26485521686  1.26485521617 
 1.4563484775  1.45634842465 
 1.67683293681  1.67683281481 
 1.93069772888  1.93069743144 
 2.22299648253  2.22299570752 
 2.5595479227  2.55954578507 
 2.94705170255  2.9470454133 
 3.3932217719  3.39320222228 
 3.90693993705  3.90687493838 
 4.49843266897  4.49819960867 
 5.17947467923  5.17856105904 
 5.96362331659  5.95972490831 
 6.86648845004  6.84902180524 
 7.90604321091  7.82759745701 
 9.10298177992  8.76884638432 
 10.4811313415  9.38611934234 
 12.0679264064  9.61079367591 
 13.8949549437  9.66314369335 
 15.9985871961  9.67317190599 
 18.4206996933  9.67523757263 
 21.2095088792  9.67614646639 
 24.4205309455  9.67710600696 
 28.1176869797  9.67837914232 
 32.3745754282  9.68012364157 
 37.2759372031  9.68253943343 
 42.9193426013  9.6859180075 
 49.4171336132  9.69069952292 
 56.8986602902  9.69756364465 
 65.512855686  9.70758854848 
 75.4312006335  9.72253330153 
 86.8511373751  9.74534883286 
 100.0  9.78111144315 
244.205309455 50 
 0.1  0.100000000002 
 0.115139539933  0.115139539934 
 0.132571136559  0.132571136561 
 0.152641796718  0.152641796718 
 0.175751062485  0.175751062446 
 0.202358964773  0.202358964783 
 0.232995181052  0.232995181095 
 0.268269579528  0.268269579588 
 0.308884359648  0.308884359712 
 0.355648030622  0.355648030665 
 0.409491506238  0.409491505693 
 0.471486636346  0.471486636316 
 0.542867543932  0.54286754413 
 0.625055192527  0.625055193076 
 0.719685673001  0.719685673584 
 0.828642772855  0.828642772066 
 0.95409547635  0.954095474819 
 1.09854114199  1.09854112983 
 1.26485521686  1.26485519343 
 1.4563484775  1.45634845538 
 1.67683293681  1.67683279608 
 1.93069772888  1.9306973827 
 2.22299648253  2.22299556782 
 2.5595479227  2.55954536881 
 2.94705170255  2.94704404336 
 3.3932217719  3.39319742776 
 3.90693993705  3.90685713455 
 4.49843266897  4.49812735142 
 5.17947467923  5.17824946369 
 5.96362331659  5.95828000174 
 6.86648845004  6.84191835191 
 7.90604321091  7.79392208328 
 9.10298177992  8.65648412453 
 10.4811313415  9.16924365444 
 12.0679264064  9.34229929197 
 13.8949549437  9.38226912208 
 15.9985871961  9.39054945502 
 18.4206996933  9.39306730047 
 21.2095088792  9.39504510867 
 24.4205309455  9.3975248901 
 28.1176869797  9.40088619737 
 32.3745754282  9.40550377036 
 37.2759372031  9.41189824723 
 42.9193426013  9.42083255032 
 49.4171336132  9.43344947384 
 56.8986602902  9.45149704401 
 65.512855686  9.4777114795 
 75.4312006335  9.51648137223 
 86.8511373751  9.57501963144 
 100.0  9.66546710901 
409.491506238 50 
 0.1  0.100000000002 
 0.115139539933  0.115139539934 
 0.132571136559  0.132571136558 
 0.152641796718  0.152641796725 
 0.175751062485  0.175751062512 
 0.202358964773  0.20235896484 
 0.232995181052  0.232995181136 
 0.268269579528  0.268269579611 
 0.308884359648  0.308884359692 
 0.355648030622  0.355648030436 
 0.409491506238  0.409491506357 
 0.471486636346  0.47148663657 
 0.542867543932  0.542867544338 
 0.625055192527  0.625055193554 
 0.719685673001  0.719685673423 
 0.828642772855  0.828642771844 
 0.95409547635  0.954095472185 
 1.09854114199  1.09854112531 
 1.26485521686  1.26485521482 
 1.4563484775  1.45634841215 
 1.67683293681  1.67683278703 
 1.93069772888  1.93069735711 
 2.22299648253  2.22299548043 
 2.5595479227  2.55954509473 
 2.94705170255  2.94704321769 
 3.3932217719  3.39319452385 
 3.90693993705  3.90684626957 
 4.49843266897  4.49808334778 
 5.17947467923  5.17805643565 
 5.96362331659  5.95737320352 
 6.86648845004  6.83739924814 
 7.90604321091  7.77171176649 
 9.10298177992  8.57033519467 
 10.4811313415  8.99174094259 
 12.0679264064  9.12899916434 
 13.8949549437  9.16152325127 
 15.9985871961  9.16933692957 
 18.4206996933  9.17307179169 
 21.2095088792  9.17701106186 
 24.4205309455  9.18221323204 
 28.1176869797  9.18931552848 
 32.3745754282  9.19909970539 
 37.2759372031  9.21268484558 
 42.9193426013  9.23172312936 
 49.4171336132  9.25870372783 
 56.8986602902  9.29745941135 
 65.512855686  9.35403721977 
 75.4312006335  9.43824610568 
 86.8511373751  9.56653131635 
 100.0  9.76777649936 
686.648845004 50 
 0.1  0.0999999999994 
 0.115139539933  0.115139539939 
 0.132571136559  0.132571136582 
 0.152641796718  0.152641796768 
 0.175751062485  0.175751062583 
 0.202358964773  0.202358964885 
 0.232995181052  0.232995181153 
 0.268269579528  0.268269579579 
 0.308884359648  0.308884359693 
 0.355648030622  0.355648030828 
 0.409491506238  0.409491506487 
 0.471486636346  0.471486636533 
 0.542867543932  0.542867545425 
 0.625055192527  0.625055192836 
 0.719685673001  0.719685672483 
 0.828642772855  0.828642771424 
 0.95409547635  0.954095469947 
 1.09854114199  1.09854112968 
 1.26485521686  1.26485520864 
 1.4563484775  1.45634845993 
 1.67683293681  1.67683276831 
 1.93069772888  1.93069734023 
 2.22299648253  2.22299544248 
 2.5595479227  2.55954492455 
 2.94705170255  2.94704263204 
 3.3932217719  3.39319269832 
 3.90693993705  3.90683958635 
 4.49843266897  4.49805676799 
 5.17947467923  5.17794075676 
 5.96362331659  5.95682938582 
 6.86648845004  6.83469430499 
 7.90604321091  7.75865930714 
 9.10298177992  8.52322391233 
 10.4811313415  8.89392758143 
 12.0679264064  8.99007584928 
 13.8949549437  9.00769122195 
 15.9985871961  9.01286072517 
 18.4206996933  9.01689906524 
 21.2095088792  9.02197991904 
 24.4205309455  9.02902804037 
 28.1176869797  9.0390568125 
 32.3745754282  9.05366517918 
 37.2759372031  9.07581929044 
 42.9193426013  9.11247467668 
 49.4171336132  9.16597440028 
 56.8986602902  9.24372885034 
 65.512855686  9.3590844822 
 75.4312006335  9.5348888209 
 86.8511373751  9.81321749252 
 100.0  10.2821062987 
1151.39539933 50 
 0.1  0.100000000024 
 0.115139539933  0.115139539981 
 0.132571136559  0.132571136646 
 0.152641796718  0.152641796822 
 0.175751062485  0.175751062514 
 0.202358964773  0.202358964886 
 0.232995181052  0.232995181057 
 0.268269579528  0.268269579686 
 0.308884359648  0.308884359982 
 0.355648030622  0.35564803089 
 0.409491506238  0.409491505214 
 0.471486636346  0.471486638235 
 0.542867543932  0.542867544255 
 0.625055192527  0.625055191583 
 0.719685673001  0.719685671444 
 0.828642772855  0.828642772716 
 0.95409547635  0.954095467924 
 1.09854114199  1.09854113799 
 1.26485521686  1.26485521018 
 1.4563484775  1.45634841025 
 1.67683293681  1.67683276781 
 1.93069772888  1.93069733154 
 2.22299648253  2.22299541294 
 2.5595479227  2.55954489652 
 2.94705170255  2.94704243067 
 3.3932217719  3.39319166827 
 3.90693993705  3.90683559517 
 4.49843266897  4.49804100753 
 5.17947467923  5.1778718139 
 5.96362331659  5.95650500514 
 6.86648845004  6.83308537596 
 7.90604321091  7.75099458155 
 9.10298177992  8.49677541942 
 10.4811313415  8.84421559142 
 12.0679264064  8.93083974141 
 13.8949549437  8.94823303096 
 15.9985871961  8.95450134863 
 18.4206996933  8.95980913531 
 21.2095088792  8.96697708598 
 24.4205309455  8.97712138016 
 28.1176869797  8.99176029689 
 32.3745754282  9.01333820542 
 37.2759372031  9.04598117506 
 42.9193426013  9.09702260769 
 49.4171336132  9.181048093 
 56.8986602902  9.33343576777 
 65.512855686  9.57324988702 
 75.4312006335  9.96354998196 
 86.8511373751  34.2161614403 
 100.0  63.0574455866 
1930.69772888 50 
 0.1  0.100000000039 
 0.115139539933  0.115139539937 
 0.132571136559  0.132571136588 
 0.152641796718  0.152641796757 
 0.175751062485  0.175751062572 
 0.202358964773  0.20235896485 
 0.232995181052  0.23299518139 
 0.268269579528  0.268269580049 
 0.308884359648  0.308884359875 
 0.355648030622  0.355648030759 
 0.409491506238  0.409491504735 
 0.471486636346  0.471486635367 
 0.542867543932  0.542867544427 
 0.625055192527  0.625055193431 
 0.719685673001  0.719685673804 
 0.828642772855  0.828642771611 
 0.95409547635  0.95409547118 
 1.09854114199  1.09854113447 
 1.26485521686  1.26485518441 
 1.4563484775  1.45634839886 
 1.67683293681  1.67683280286 
 1.93069772888  1.93069731393 
 2.22299648253  2.2229953924 
 2.5595479227  2.55954484514 
 2.94705170255  2.94704221415 
 3.3932217719  3.39319103939 
 3.90693993705  3.90683320122 
 4.49843266897  4.49803134351 
 5.17947467923  5.17783060048 
 5.96362331659  5.95631151069 
 6.86648845004  6.83212773558 
 7.90604321091  7.74647027584 
 9.10298177992  8.48159689308 
 10.4811313415  8.81728358065 
 12.0679264064  8.90158788791 
 13.8949549437  8.92346307068 
 15.9985871961  8.93687060724 
 18.4206996933  8.94936476058 
 21.2095088792  8.96173766141 
 24.4205309455  8.97827626966 
 28.1176869797  9.00277929585 
 32.3745754282  9.0400980958 
 37.2759372031  9.09890350046 
 42.9193426013  9.19566013287 
 49.4171336132  9.36601743863 
 56.8986602902  9.69455037129 
 65.512855686  14.9398300764 
 75.4312006335  42.5148556123 
 86.8511373751  61.9374265882 
 100.0  80.4368040159 
3237.45754282 50 
 0.1  0.100000000035 
 0.115139539933  0.115139539983 
 0.132571136559  0.1325711367 
 0.152641796718  0.152641796716 
 0.175751062485  0.175751062502 
 0.202358964773  0.20235896484 
 0.232995181052  0.232995181801 
 0.268269579528  0.268269578687 
 0.308884359648  0.308884359834 
 0.355648030622  0.355648030789 
 0.409491506238  0.409491506037 
 0.471486636346  0.471486638295 
 0.542867543932  0.542867544138 
 0.625055192527  0.625055193206 
 0.719685673001  0.71968566977 
 0.828642772855  0.82864277284 
 0.95409547635  0.954095470135 
 1.09854114199  1.09854113396 
 1.26485521686  1.26485517951 
 1.4563484775  1.45634845138 
 1.67683293681  1.67683279907 
 1.93069772888  1.93069730325 
 2.22299648253  2.22299535181 
 2.5595479227  2.55954478589 
 2.94705170255  2.94704208082 
 3.3932217719  3.39319073034 
 3.90693993705  3.90683180339 
 4.49843266897  4.49802582818 
 5.17947467923  5.17780590616 
 5.96362331659  5.95619623505 
 6.86648845004  6.83155740893 
 7.90604321091  7.74379223782 
 9.10298177992  8.47282249601 
 10.4811313415  8.80286442146 
 12.0679264064  8.89013708402 
 13.8949549437  8.92518563004 
 15.9985871961  8.95914652648 
 18.4206996933  8.99474549359 
 21.2095088792  9.02975750792 
 24.4205309455  9.06324057685 
 28.1176869797  9.10283206289 
 32.3745754282  9.16650866369 
 37.2759372031  9.2756807029 
 42.9193426013  9.48017815606 
 49.4171336132  9.92514127795 
 56.8986602902  27.9229834254 
 65.512855686  43.8595889081 
 75.4312006335  58.4134176236 
 86.8511373751  73.20686288 
 100.0  88.9629327039 
5428.67543932 50 
 0.1  0.100000000055 
 0.115139539933  0.115139539921 
 0.132571136559  0.132571136572 
 0.152641796718  0.152641796721 
 0.175751062485  0.17575106267 
 0.202358964773  0.202358965639 
 0.232995181052  0.232995181323 
 0.268269579528  0.268269580039 
 0.308884359648  0.308884360062 
 0.355648030622  0.355648030724 
 0.409491506238  0.4094915064 
 0.471486636346  0.471486637627 
 0.542867543932  0.542867544359 
 0.625055192527  0.625055192537 
 0.719685673001  0.719685666492 
 0.828642772855  0.828642766663 
 0.95409547635  0.954095470354 
 1.09854114199  1.09854113267 
 1.26485521686  1.26485520355 
 1.4563484775  1.45634840363 
 1.67683293681  1.67683277496 
 1.93069772888  1.93069772672 
 2.22299648253  2.22299535159 
 2.5595479227  2.55954475599 
 2.94705170255  2.94704202747 
 3.3932217719  3.39319049462 
 3.90693993705  3.90683088121 
 4.49843266897  4.49802228551 
 5.17947467923  5.17779120813 
 5.96362331659  5.95612711301 
 6.86648845004  6.83121829064 
 7.90604321091  7.74220665777 
 9.10298177992  8.46781777318 
 10.4811313415  8.7962203884 
 12.0679264064  8.89363655538 
 13.8949549437  8.96251189653 
 15.9985871961  9.05337474999 
 18.4206996933  9.15218266976 
 21.2095088792  9.24613270203 
 24.4205309455  9.33201902769 
 28.1176869797  9.40992766144 
 32.3745754282  9.49186795048 
 37.2759372031  9.68932110442 
 42.9193426013  17.537817867 
 49.4171336132  30.8656711367 
 56.8986602902  42.3486454293 
 65.512855686  53.8066906708 
 75.4312006335  65.9018999071 
 86.8511373751  79.0531641862 
 100.0  93.6094783379 
9102.98177992 50 
 0.1  0.100000000014 
 0.115139539933  0.115139540034 
 0.132571136559  0.132571136581 
 0.152641796718  0.152641796814 
 0.175751062485  0.175751062529 
 0.202358964773  0.20235896512 
 0.232995181052  0.232995181607 
 0.268269579528  0.268269579585 
 0.308884359648  0.308884359929 
 0.355648030622  0.355648030823 
 0.409491506238  0.409491506961 
 0.471486636346  0.471486636653 
 0.542867543932  0.542867539289 
 0.625055192527  0.625055192227 
 0.719685673001  0.719685673691 
 0.828642772855  0.828642772512 
 0.95409547635  0.954095468295 
 1.09854114199  1.09854112284 
 1.26485521686  1.26485517711 
 1.4563484775  1.45634847287 
 1.67683293681  1.67683277326 
 1.93069772888  1.93069731871 
 2.22299648253  2.22299533687 
 2.5595479227  2.55954478226 
 2.94705170255  2.94704195058 
 3.3932217719  3.39319027304 
 3.90693993705  3.90683045088 
 4.49843266897  4.49802025378 
 5.17947467923  5.17778248819 
 5.96362331659  5.9560861363 
 6.86648845004  6.83101471953 
 7.90604321091  7.74127263042 
 9.10298177992  8.46513545176 
 10.4811313415  8.7954034441 
 12.0679264064  8.91567796793 
 13.8949549437  9.06479402138 
 15.9985871961  9.28994495444 
 18.4206996933  9.52163424849 
 21.2095088792  9.72397645414 
 24.4205309455  9.89663428213 
 28.1176869797  12.4569253265 
 32.3745754282  14.7934568715 
 37.2759372031  21.5487427839 
 42.9193426013  30.6470415446 
 49.4171336132  39.5294191725 
 56.8986602902  48.8142331988 
 65.512855686  58.8553012703 
 75.4312006335  69.9321876167 
 86.8511373751  82.3075237372 
 100.0  96.2516260545 
15264.1796718 50 
 0.1  0.100000000026 
 0.115139539933  0.115139540216 
 0.132571136559  0.132571136696 
 0.152641796718  0.152641797244 
 0.175751062485  0.175751062866 
 0.202358964773  0.20235896487 
 0.232995181052  0.23299518142 
 0.268269579528  0.268269579813 
 0.308884359648  0.308884360031 
 0.355648030622  0.355648031555 
 0.409491506238  0.409491506682 
 0.471486636346  0.471486636449 
 0.542867543932  0.542867544813 
 0.625055192527  0.625055188921 
 0.719685673001  0.719685668163 
 0.828642772855  0.82864276672 
 0.95409547635  0.954095472584 
 1.09854114199  1.09854113764 
 1.26485521686  1.26485519685 
 1.4563484775  1.45634840155 
 1.67683293681  1.67683275943 
 1.93069772888  1.93069729507 
 2.22299648253  2.22299531395 
 2.5595479227  2.55954465854 
 2.94705170255  2.94704192969 
 3.3932217719  3.39319017332 
 3.90693993705  3.90683015792 
 4.49843266897  4.4980190765 
 5.17947467923  5.17777722341 
 5.96362331659  5.95606152693 
 6.86648845004  6.83089342988 
 7.90604321091  7.74073380301 
 9.10298177992  8.4640212589 
 10.4811313415  8.80037008635 
 12.0679264064  8.96709696941 
 13.8949549437  9.27966977997 
 15.9985871961  9.74353843841 
 18.4206996933  14.0331375067 
 21.2095088792  16.3335586613 
 24.4205309455  18.592420427 
 28.1176869797  21.1909653396 
 32.3745754282  24.8654871015 
 37.2759372031  29.8094555718 
 42.9193426013  36.1707566319 
 49.4171336132  43.8216580713 
 56.8986602902  52.2489166185 
 65.512855686  61.6428284298 
 75.4312006335  72.2113002176 
 86.8511373751  84.1770481177 
 100.0  97.7858844101 
25595.479227 50 
 0.1  0.100000000374 
 0.115139539933  0.115139540506 
 0.132571136559  0.13257113676 
 0.152641796718  0.152641797512 
 0.175751062485  0.175751062803 
 0.202358964773  0.202358965687 
 0.232995181052  0.232995181753 
 0.268269579528  0.268269579918 
 0.308884359648  0.308884360044 
 0.355648030622  0.355648030844 
 0.409491506238  0.409491506847 
 0.471486636346  0.471486637612 
 0.542867543932  0.542867542974 
 0.625055192527  0.625055192543 
 0.719685673001  0.719685672501 
 0.828642772855  0.828642768552 
 0.95409547635  0.954095477302 
 1.09854114199  1.09854112976 
 1.26485521686  1.26485519944 
 1.4563484775  1.45634844121 
 1.67683293681  1.67683277812 
 1.93069772888  1.93069728788 
 2.22299648253  2.22299534291 
 2.5595479227  2.55954465595 
 2.94705170255  2.94704191013 
 3.3932217719  3.39319015559 
 3.90693993705  3.90682994545 
 4.49843266897  4.49801827609 
 5.17947467923  5.17777400539 
 5.96362331659  5.95604675026 
 6.86648845004  6.83082111131 
 7.90604321091  7.7404408292 
 9.10298177992  8.46417546262 
 10.4811313415  8.81295856419 
 12.0679264064  9.06668457753 
 13.8949549437  9.64556800685 
 15.9985871961  14.4929581799 
 18.4206996933  16.8134801209 
 21.2095088792  19.2870801391 
 24.4205309455  22.0924055423 
 28.1176869797  25.2977362189 
 32.3745754282  29.1551765988 
 37.2759372031  33.8494066562 
 42.9193426013  39.4884818427 
 49.4171336132  46.2184926396 
 56.8986602902  54.1805910222 
 65.512855686  63.2380323924 
 75.4312006335  73.5310503834 
 86.8511373751  85.2685899231 
 100.0  98.6869487595 
42919.3426013 50 
 0.1  0.100000000012 
 0.115139539933  0.115139539948 
 0.132571136559  0.132571136808 
 0.152641796718  0.152641797105 
 0.175751062485  0.175751062721 
 0.202358964773  0.20235896519 
 0.232995181052  0.23299518271 
 0.268269579528  0.268269580161 
 0.308884359648  0.308884359975 
 0.355648030622  0.355648030614 
 0.409491506238  0.409491506587 
 0.471486636346  0.471486636751 
 0.542867543932  0.542867544297 
 0.625055192527  0.625055192774 
 0.719685673001  0.719685674575 
 0.828642772855  0.828642769109 
 0.95409547635  0.954095474919 
 1.09854114199  1.09854113873 
 1.26485521686  1.26485519238 
 1.4563484775  1.45634840071 
 1.67683293681  1.67683277208 
 1.93069772888  1.93069726977 
 2.22299648253  2.2229953342 
 2.5595479227  2.55954463915 
 2.94705170255  2.94704180372 
 3.3932217719  3.39319013008 
 3.90693993705  3.90682989152 
 4.49843266897  4.49801801086 
 5.17947467923  5.17777207183 
 5.96362331659  5.95603784883 
 6.86648845004  6.830777796 
 7.90604321091  7.74031549159 
 9.10298177992  8.46567316532 
 10.4811313415  8.8374940911 
 12.0679264064  9.23693421175 
 13.8949549437  13.1321951022 
 15.9985871961  15.48728892 
 18.4206996933  17.831111434 
 21.2095088792  20.4972852455 
 24.4205309455  23.5551900526 
 28.1176869797  27.0650158099 
 32.3745754282  31.0938546472 
 37.2759372031  35.7983116538 
 42.9193426013  41.3259575595 
 49.4171336132  47.7946488955 
 56.8986602902  55.3492462826 
 65.512855686  64.1675295113 
 75.4312006335  74.3049497401 
 86.8511373751  85.9116039899 
 100.0  99.2195251191 
71968.5673001 50 
 0.1  0.100000000279 
 0.115139539933  0.115139540126 
 0.132571136559  0.13257113679 
 0.152641796718  0.152641796444 
 0.175751062485  0.175751064009 
 0.202358964773  0.202358965134 
 0.232995181052  0.232995181252 
 0.268269579528  0.268269580214 
 0.308884359648  0.308884361607 
 0.355648030622  0.355648030644 
 0.409491506238  0.409491506477 
 0.471486636346  0.471486636452 
 0.542867543932  0.542867543837 
 0.625055192527  0.625055192264 
 0.719685673001  0.719685672356 
 0.828642772855  0.828642770379 
 0.95409547635  0.954095475586 
 1.09854114199  1.09854113286 
 1.26485521686  1.26485519769 
 1.4563484775  1.45634839672 
 1.67683293681  1.67683276108 
 1.93069772888  1.93069726959 
 2.22299648253  2.22299530344 
 2.5595479227  2.5595446409 
 2.94705170255  2.94704177564 
 3.3932217719  3.39319010322 
 3.90693993705  3.90682981512 
 4.49843266897  4.49801752926 
 5.17947467923  5.17777092472 
 5.96362331659  5.95603234601 
 6.86648845004  6.83075188029 
 7.90604321091  7.74032385737 
 9.10298177992  8.469011489 
 10.4811313415  8.88176553831 
 12.0679264064  9.49314913639 
 13.8949549437  13.7056752071 
 15.9985871961  15.8191933318 
 18.4206996933  18.2086162592 
 21.2095088792  20.9524139393 
 24.4205309455  24.1077959532 
 28.1176869797  27.73686651 
 32.3745754282  31.9104131556 
 37.2759372031  36.7095926146 
 42.9193426013  42.2472759104 
 49.4171336132  48.6757152345 
 56.8986602902  56.128003695 
 65.512855686  64.7601926929 
 75.4312006335  74.7619684418 
 86.8511373751  86.292323094 
 100.0  99.5354648089 
120679.264064 50 
 0.1  0.100000000139 
 0.115139539933  0.115139540146 
 0.132571136559  0.132571136581 
 0.152641796718  0.152641796806 
 0.175751062485  0.175751062466 
 0.202358964773  0.202358964904 
 0.232995181052  0.232995181053 
 0.268269579528  0.268269579871 
 0.308884359648  0.308884360319 
 0.355648030622  0.355648030949 
 0.409491506238  0.409491506269 
 0.471486636346  0.471486636443 
 0.542867543932  0.542867544627 
 0.625055192527  0.625055190676 
 0.719685673001  0.719685673475 
 0.828642772855  0.828642771554 
 0.95409547635  0.954095470453 
 1.09854114199  1.09854113444 
 1.26485521686  1.26485518284 
 1.4563484775  1.45634839815 
 1.67683293681  1.67683276939 
 1.93069772888  1.93069726805 
 2.22299648253  2.22299533243 
 2.5595479227  2.5595446348 
 2.94705170255  2.94704177545 
 3.3932217719  3.39318997157 
 3.90693993705  3.90682977441 
 4.49843266897  4.49801744253 
 5.17947467923  5.17777026978 
 5.96362331659  5.95602870115 
 6.86648845004  6.83073610405 
 7.90604321091  7.74047524334 
 9.10298177992  8.47530969387 
 10.4811313415  8.95737048748 
 12.0679264064  9.83341839129 
 13.8949549437  13.8354806928 
 15.9985871961  15.9353178194 
 18.4206996933  18.3449945452 
 21.2095088792  21.117588344 
 24.4205309455  24.3086658547 
 28.1176869797  27.9814176722 
 32.3745754282  32.2084190332 
 37.2759372031  37.0731161632 
 42.9193426013  42.6714491659 
 49.4171336132  49.1157486089 
 56.8986602902  56.5560392691 
 65.512855686  65.1481667791 
 75.4312006335  75.0668912301 
 86.8511373751  86.5186585151 
 100.0  99.7232907493 
202358.964773 50 
 0.1  0.10000000004 
 0.115139539933  0.115139539993 
 0.132571136559  0.132571136578 
 0.152641796718  0.152641797311 
 0.175751062485  0.175751062748 
 0.202358964773  0.202358965072 
 0.232995181052  0.232995180643 
 0.268269579528  0.268269579812 
 0.308884359648  0.308884359928 
 0.355648030622  0.355648029249 
 0.409491506238  0.409491506465 
 0.471486636346  0.471486637459 
 0.542867543932  0.542867544541 
 0.625055192527  0.625055192705 
 0.719685673001  0.719685674563 
 0.828642772855  0.828642766864 
 0.95409547635  0.954095467962 
 1.09854114199  1.09854112611 
 1.26485521686  1.26485520634 
 1.4563484775  1.45634839796 
 1.67683293681  1.67683275136 
 1.93069772888  1.9306973007 
 2.22299648253  2.2229953307 
 2.5595479227  2.55954463943 
 2.94705170255  2.94704177718 
 3.3932217719  3.39318997588 
 3.90693993705  3.90682975372 
 4.49843266897  4.49801733157 
 5.17947467923  5.17776959842 
 5.96362331659  5.95602609272 
 6.86648845004  6.83072611161 
 7.90604321091  7.74082418192 
 9.10298177992  8.48670894664 
 10.4811313415  9.07731154319 
 12.0679264064  12.0318258494 
 13.8949549437  13.8750944563 
 15.9985871961  15.9762117205 
 18.4206996933  18.3937483521 
 21.2095088792  21.1767574193 
 24.4205309455  24.3806656097 
 28.1176869797  28.0691169283 
 32.3745754282  32.3153462202 
 37.2759372031  37.2036252253 
 42.9193426013  42.8309461313 
 49.4171336132  49.3089109149 
 56.8986602902  56.7659302223 
 65.512855686  65.3561622222 
 75.4312006335  75.2597857229 
 86.8511373751  86.6758165835 
 100.0  99.8359899817 
339322.17719 50 
 0.1  0.0999999999979 
 0.115139539933  0.115139540313 
 0.132571136559  0.132571136878 
 0.152641796718  0.152641797115 
 0.175751062485  0.175751062606 
 0.202358964773  0.202358965213 
 0.232995181052  0.232995181189 
 0.268269579528  0.268269579371 
 0.308884359648  0.308884360043 
 0.355648030622  0.355648030561 
 0.409491506238  0.409491506503 
 0.471486636346  0.471486637964 
 0.542867543932  0.542867543863 
 0.625055192527  0.625055193405 
 0.719685673001  0.719685676478 
 0.828642772855  0.828642771419 
 0.95409547635  0.954095468254 
 1.09854114199  1.09854112375 
 1.26485521686  1.26485518332 
 1.4563484775  1.45634840554 
 1.67683293681  1.67683278039 
 1.93069772888  1.93069726573 
 2.22299648253  2.22299532633 
 2.5595479227  2.55954463792 
 2.94705170255  2.94704176088 
 3.3932217719  3.39318991656 
 3.90693993705  3.90682975226 
 4.49843266897  4.49801711642 
 5.17947467923  5.17776945602 
 5.96362331659  5.95602385889 
 6.86648845004  6.83072051294 
 7.90604321091  7.74150356913 
 9.10298177992  8.50692880038 
 10.4811313415  9.24941693715 
 12.0679264064  12.0597663996 
 13.8949549437  13.8881362501 
 15.9985871961  15.9906583661 
 18.4206996933  18.4111124811 
 21.2095088792  21.1978535425 
 24.4205309455  24.4063428032 
 28.1176869797  28.1004004464 
 32.3745754282  32.353493601 
 37.2759372031  37.2501980713 
 42.9193426013  42.8878763127 
 49.4171336132  49.3786072975 
 56.8986602902  56.8514034431 
 65.512855686  65.4547754427 
 75.4312006335  75.360447695 
 86.8511373751  86.7712170498 
 100.0  99.9161560156 
568986.602902 50 
 0.1  0.100000000148 
 0.115139539933  0.115139540182 
 0.132571136559  0.13257113673 
 0.152641796718  0.152641796664 
 0.175751062485  0.175751062574 
 0.202358964773  0.202358964764 
 0.232995181052  0.232995181389 
 0.268269579528  0.268269579641 
 0.308884359648  0.308884360393 
 0.355648030622  0.355648030908 
 0.409491506238  0.409491507062 
 0.471486636346  0.471486636461 
 0.542867543932  0.542867543974 
 0.625055192527  0.625055192716 
 0.719685673001  0.719685673103 
 0.828642772855  0.828642771019 
 0.95409547635  0.954095472564 
 1.09854114199  1.09854114002 
 1.26485521686  1.2648551928 
 1.4563484775  1.45634839522 
 1.67683293681  1.67683277286 
 1.93069772888  1.93069727456 
 2.22299648253  2.22299531489 
 2.5595479227  2.5595446447 
 2.94705170255  2.94704178781 
 3.3932217719  3.39318998591 
 3.90693993705  3.906829661 
 4.49843266897  4.498017083 
 5.17947467923  5.1777691627 
 5.96362331659  5.95602114101 
 6.86648845004  6.83071747292 
 7.90604321091  7.74279090212 
 9.10298177992  8.54148978712 
 10.4811313415  9.46822810521 
 12.0679264064  12.0655352753 
 13.8949549437  13.892578906 
 15.9985871961  15.9957738204 
 18.4206996933  18.4172903885 
 21.2095088792  21.2053628661 
 24.4205309455  24.4154837687 
 28.1176869797  28.1115374905 
 32.3745754282  32.3670756721 
 37.2759372031  37.2667797173 
 42.9193426013  42.9081482197 
 49.4171336132  49.4034272751 
 56.8986602902  56.8818484084 
 65.512855686  65.4921916184 
 75.4312006335  75.4057371074 
 86.8511373751  86.8196797618 
 100.0  99.96307009 
954095.47635 50 
 0.1  0.100000000308 
 0.115139539933  0.115139540039 
 0.132571136559  0.13257113679 
 0.152641796718  0.152641796902 
 0.175751062485  0.175751062683 
 0.202358964773  0.202358964746 
 0.232995181052  0.232995181432 
 0.268269579528  0.268269579803 
 0.308884359648  0.308884360249 
 0.355648030622  0.355648030338 
 0.409491506238  0.409491506592 
 0.471486636346  0.471486639008 
 0.542867543932  0.542867543437 
 0.625055192527  0.625055192826 
 0.719685673001  0.719685671789 
 0.828642772855  0.828642766032 
 0.95409547635  0.954095464582 
 1.09854114199  1.09854113549 
 1.26485521686  1.26485519242 
 1.4563484775  1.45634839384 
 1.67683293681  1.67683275069 
 1.93069772888  1.93069729133 
 2.22299648253  2.22299532642 
 2.5595479227  2.55954464697 
 2.94705170255  2.94704177221 
 3.3932217719  3.39318991673 
 3.90693993705  3.90682963642 
 4.49843266897  4.49801735013 
 5.17947467923  5.17776895028 
 5.96362331659  5.95601705917 
 6.86648845004  6.83072248592 
 7.90604321091  7.74525107012 
 9.10298177992  8.59633017914 
 10.4811313415  10.4786669224 
 12.0679264064  12.0671564149 
 13.8949549437  13.8941200069 
 15.9985871961  15.9975877972 
 18.4206996933  18.4194869778 
 21.2095088792  21.2080342919 
 24.4205309455  24.4187352715 
 28.1176869797  28.1154997812 
 32.3745754282  32.3719079721 
 37.2759372031  37.2726803961 
 42.9193426013  42.9153610381 
 49.4171336132  49.4122585761 
 56.8986602902  56.8926806172 
 65.512855686  65.5055046345 
 75.4312006335  75.4221444434 
 86.8511373751  86.8399469085 
 100.0  99.9861260956 
1599858.71961 50 
 0.1  0.100000000037 
 0.115139539933  0.115139540346 
 0.132571136559  0.132571136589 
 0.152641796718  0.152641797474 
 0.175751062485  0.175751063045 
 0.202358964773  0.202358965081 
 0.232995181052  0.232995182126 
 0.268269579528  0.268269579751 
 0.308884359648  0.30888435973 
 0.355648030622  0.355648030493 
 0.409491506238  0.409491507709 
 0.471486636346  0.47148663716 
 0.542867543932  0.542867544569 
 0.625055192527  0.625055192288 
 0.719685673001  0.719685671811 
 0.828642772855  0.828642771696 
 0.95409547635  0.954095467355 
 1.09854114199  1.09854112304 
 1.26485521686  1.26485519733 
 1.4563484775  1.45634842287 
 1.67683293681  1.67683274375 
 1.93069772888  1.93069746144 
 2.22299648253  2.22299530656 
 2.5595479227  2.55954461274 
 2.94705170255  2.94704179539 
 3.3932217719  3.39318993872 
 3.90693993705  3.906829543 
 4.49843266897  4.49801701947 
 5.17947467923  5.17776854235 
 5.96362331659  5.9560114012 
 6.86648845004  6.83074531986 
 7.90604321091  7.74995076308 
 9.10298177992  8.67373457749 
 10.4811313415  10.4807642046 
 12.0679264064  12.0676671262 
 13.8949549437  13.8946599948 
 15.9985871961  15.9982320303 
 18.4206996933  18.4202683734 
 21.2095088792  21.2089842145 
 24.4205309455  24.4198922065 
 28.1176869797  28.1169087175 
 32.3745754282  32.3736262645 
 37.2759372031  37.2747783084 
 42.9193426013  42.9179257736 
 49.4171336132  49.4153987991 
 56.8986602902  56.8965336555 
 65.512855686  65.5102417439 
 75.4312006335  75.4279798742 
 86.8511373751  86.847156437 
 100.0  99.9950658575 
2682695.79528 50 
 0.1  0.0999999999999 
 0.115139539933  0.115139540033 
 0.132571136559  0.132571136642 
 0.152641796718  0.152641796718 
 0.175751062485  0.17575106273 
 0.202358964773  0.202358965329 
 0.232995181052  0.232995183421 
 0.268269579528  0.268269580745 
 0.308884359648  0.308884359756 
 0.355648030622  0.355648030551 
 0.409491506238  0.409491506343 
 0.471486636346  0.471486634387 
 0.542867543932  0.542867544072 
 0.625055192527  0.625055192183 
 0.719685673001  0.719685671984 
 0.828642772855  0.828642771929 
 0.95409547635  0.954095476069 
 1.09854114199  1.09854113663 
 1.26485521686  1.26485518814 
 1.4563484775  1.45634840447 
 1.67683293681  1.67683278005 
 1.93069772888  1.93069729463 
 2.22299648253  2.22299529967 
 2.5595479227  2.55954463264 
 2.94705170255  2.94704176697 
 3.3932217719  3.3931899603 
 3.90693993705  3.90682950152 
 4.49843266897  4.49801697959 
 5.17947467923  5.17776768936 
 5.96362331659  5.95600206116 
 6.86648845004  6.83082249016 
 7.90604321091  7.75861541253 
 9.10298177992  8.76767106079 
 10.4811313415  10.4810342628 
 12.0679264064  12.067837019 
 13.8949549437  13.8948504636 
 15.9985871961  15.9984609204 
 18.4206996933  18.4205462713 
 21.2095088792  21.2093222471 
 24.4205309455  24.4203037378 
 28.1176869797  28.1174103869 
 32.3745754282  32.3742377911 
 37.2759372031  37.275524949 
 42.9193426013  42.9188385791 
 49.4171336132  49.4165164542 
 56.8986602902  56.8979032552 
 65.512855686  65.5119251511 
 75.4312006335  75.4300540603 
 86.8511373751  86.8497205433 
 100.0  99.9982453212 
4498432.66897 50 
 0.1  0.100000000155 
 0.115139539933  0.115139540092 
 0.132571136559  0.132571136575 
 0.152641796718  0.152641796771 
 0.175751062485  0.175751062641 
 0.202358964773  0.202358965387 
 0.232995181052  0.232995180959 
 0.268269579528  0.268269579464 
 0.308884359648  0.308884359611 
 0.355648030622  0.355648030613 
 0.409491506238  0.409491504619 
 0.471486636346  0.471486636947 
 0.542867543932  0.542867543871 
 0.625055192527  0.625055192114 
 0.719685673001  0.719685672718 
 0.828642772855  0.828642768336 
 0.95409547635  0.954095468994 
 1.09854114199  1.09854112526 
 1.26485521686  1.26485518479 
 1.4563484775  1.45634839056 
 1.67683293681  1.67683275098 
 1.93069772888  1.93069725347 
 2.22299648253  2.22299532278 
 2.5595479227  2.559544661 
 2.94705170255  2.94704182837 
 3.3932217719  3.3931899545 
 3.90693993705  3.90682958648 
 4.49843266897  4.49801696311 
 5.17947467923  5.17776669883 
 5.96362331659  5.95598755973 
 6.86648845004  6.83104865249 
 7.90604321091  7.77320722071 
 9.10298177992  9.10268780362 
 10.4811313415  10.4811013742 
 12.0679264064  12.0678951773 
 13.8949549437  13.8949178621 
 15.9985871961  15.9985422801 
 18.4206996933  18.4206451061 
 21.2095088792  21.209442474 
 24.4205309455  24.4204501025 
 28.1176869797  28.1175884777 
 32.3745754282  32.374455294 
 37.2759372031  37.2757905579 
 42.9193426013  42.9191632733 
 49.4171336132  49.4169140402 
 56.8986602902  56.8983910305 
 65.512855686  65.5125246252 
 75.4312006335  75.4307926913 
 86.8511373751  86.8506332519 
 100.0  99.9993749336 
7543120.06335 50 
 0.1  0.100000000148 
 0.115139539933  0.115139540114 
 0.132571136559  0.132571136603 
 0.152641796718  0.152641796704 
 0.175751062485  0.175751062622 
 0.202358964773  0.202358965132 
 0.232995181052  0.23299518159 
 0.268269579528  0.268269579994 
 0.308884359648  0.308884360314 
 0.355648030622  0.35564803075 
 0.409491506238  0.409491506538 
 0.471486636346  0.471486634604 
 0.542867543932  0.54286754417 
 0.625055192527  0.625055189678 
 0.719685673001  0.719685670169 
 0.828642772855  0.828642773335 
 0.95409547635  0.954095475462 
 1.09854114199  1.09854114234 
 1.26485521686  1.26485518463 
 1.4563484775  1.45634839994 
 1.67683293681  1.67683280313 
 1.93069772888  1.93069732621 
 2.22299648253  2.22299532657 
 2.5595479227  2.55954465324 
 2.94705170255  2.94704187234 
 3.3932217719  3.39318990673 
 3.90693993705  3.90682966782 
 4.49843266897  4.49801671855 
 5.17947467923  5.17776473897 
 5.96362331659  5.95596506539 
 6.86648845004  6.8316522135 
 7.90604321091  7.79445008249 
 9.10298177992  9.10296529112 
 10.4811313415  10.4811214612 
 12.0679264064  12.0679154152 
 13.8949549437  13.8949417696 
 15.9985871961  15.998571215 
 18.4206996933  18.4206802645 
 21.2095088792  21.2094852428 
 24.4205309455  24.420502169 
 28.1176869797  28.1176519164 
 32.3745754282  32.3745326636 
 37.2759372031  37.275884988 
 42.9193426013  42.9192787651 
 49.4171336132  49.4170554512 
 56.8986602902  56.8985644156 
 65.512855686  65.5127378385 
 75.4312006335  75.4310554228 
 86.8511373751  86.8509579366 
 100.0  99.9997775289 
12648552.1686 50 
 0.1  0.100000000605 
 0.115139539933  0.115139540069 
 0.132571136559  0.132571136759 
 0.152641796718  0.15264179717 
 0.175751062485  0.175751062498 
 0.202358964773  0.202358964791 
 0.232995181052  0.232995181 
 0.268269579528  0.268269579594 
 0.308884359648  0.308884359467 
 0.355648030622  0.355648031752 
 0.409491506238  0.409491506303 
 0.471486636346  0.471486636699 
 0.542867543932  0.542867544008 
 0.625055192527  0.625055190921 
 0.719685673001  0.719685672583 
 0.828642772855  0.828642766792 
 0.95409547635  0.954095470951 
 1.09854114199  1.0985411288 
 1.26485521686  1.26485518455 
 1.4563484775  1.4563484088 
 1.67683293681  1.67683276036 
 1.93069772888  1.93069726474 
 2.22299648253  2.22299532627 
 2.5595479227  2.55954463434 
 2.94705170255  2.94704187794 
 3.3932217719  3.39318991263 
 3.90693993705  3.9068294284 
 4.49843266897  4.49801664225 
 5.17947467923  5.17776169642 
 5.96362331659  5.95593521603 
 6.86648845004  6.83308088664 
 7.90604321091  7.82021893132 
 9.10298177992  9.10297786091 
 10.4811313415  10.4811279751 
 12.0679264064  12.0679225233 
 13.8949549437  13.8949502927 
 15.9985871961  15.9985815592 
 18.4206996933  18.4206928478 
 21.2095088792  21.2095004711 
 24.4205309455  24.4205207066 
 28.1176869797  28.1176745007 
 32.3745754282  32.3745602037 
 37.2759372031  37.2759186075 
 42.9193426013  42.9193198611 
 49.4171336132  49.4171057679 
 56.8986602902  56.8986261327 
 65.512855686  65.5128136984 
 75.4312006335  75.4311488958 
 86.8511373751  86.851073443 
 100.0  99.9999207391 
21209508.8792 50 
 0.1  0.100000001277 
 0.115139539933  0.115139540225 
 0.132571136559  0.132571136754 
 0.152641796718  0.152641796724 
 0.175751062485  0.175751062498 
 0.202358964773  0.202358965485 
 0.232995181052  0.232995181105 
 0.268269579528  0.268269579595 
 0.308884359648  0.308884359843 
 0.355648030622  0.355648030223 
 0.409491506238  0.409491506093 
 0.471486636346  0.471486636164 
 0.542867543932  0.542867543478 
 0.625055192527  0.625055191655 
 0.719685673001  0.719685671707 
 0.828642772855  0.828642769361 
 0.95409547635  0.95409546932 
 1.09854114199  1.09854112709 
 1.26485521686  1.26485518638 
 1.4563484775  1.45634840545 
 1.67683293681  1.67683277381 
 1.93069772888  1.93069728445 
 2.22299648253  2.2229953418 
 2.5595479227  2.55954463906 
 2.94705170255  2.9470417852 
 3.3932217719  3.39318990279 
 3.90693993705  3.90682950364 
 4.49843266897  4.49801661161 
 5.17947467923  5.17775662096 
 5.96362331659  5.95590629861 
 6.86648845004  6.83593943554 
 7.90604321091  7.84601123158 
 9.10298177992  9.10298062333 
 10.4811313415  10.4811301738 
 12.0679264064  12.0679250342 
 13.8949549437  13.894953291 
 15.9985871961  15.9985851915 
 18.4206996933  18.4206972587 
 21.2095088792  21.2095059206 
 24.4205309455  24.4205273478 
 28.1176869797  28.117682602 
 32.3745754282  32.3745700972 
 37.2759372031  37.2759307052 
 42.9193426013  42.9193345124 
 49.4171336132  49.4171237042 
 56.8986602902  56.8986481291 
 65.512855686  65.5128407289 
 75.4312006335  75.4311821913 
 86.8511373751  86.8511145689 
 100.0  99.9999717206 
35564803.0622 50 
 0.1  0.100000000105 
 0.115139539933  0.11513953995 
 0.132571136559  0.132571136835 
 0.152641796718  0.152641797055 
 0.175751062485  0.175751062964 
 0.202358964773  0.202358964874 
 0.232995181052  0.232995181342 
 0.268269579528  0.268269579777 
 0.308884359648  0.308884359516 
 0.355648030622  0.355648030436 
 0.409491506238  0.40949150586 
 0.471486636346  0.471486636771 
 0.542867543932  0.542867543323 
 0.625055192527  0.625055191523 
 0.719685673001  0.71968567023 
 0.828642772855  0.82864277083 
 0.95409547635  0.954095471709 
 1.09854114199  1.09854112821 
 1.26485521686  1.26485518551 
 1.4563484775  1.45634840675 
 1.67683293681  1.67683274894 
 1.93069772888  1.93069727759 
 2.22299648253  2.22299534679 
 2.5595479227  2.55954465144 
 2.94705170255  2.94704183817 
 3.3932217719  3.39318997749 
 3.90693993705  3.90682949534 
 4.49843266897  4.4980159522 
 5.17947467923  5.17774834333 
 5.96362331659  5.95592140881 
 6.86648845004  6.84055423147 
 7.90604321091  7.90604251095 
 9.10298177992  9.10298140562 
 10.4811313415  10.4811309321 
 12.0679264064  12.0679259202 
 13.8949549437  13.8949543562 
 15.9985871961  15.9985864832 
 18.4206996933  18.4206988274 
 21.2095088792  21.209507827 
 24.4205309455  24.420529666 
 28.1176869797  28.1176854228 
 32.3745754282  32.3745735322 
 37.2759372031  37.2759348922 
 42.9193426013  42.9193397813 
 49.4171336132  49.4171301678 
 56.8986602902  56.8986559651 
 65.512855686  65.5128505177 
 75.4312006335  75.4311942845 
 86.8511373751  86.8511292641 
 100.0  99.9999899353 
59636233.1659 50 
 0.1  0.100000000017 
 0.115139539933  0.115139540192 
 0.132571136559  0.132571136972 
 0.152641796718  0.152641796833 
 0.175751062485  0.175751062728 
 0.202358964773  0.202358964731 
 0.232995181052  0.232995183178 
 0.268269579528  0.268269579613 
 0.308884359648  0.308884359836 
 0.355648030622  0.355648030524 
 0.409491506238  0.409491505966 
 0.471486636346  0.471486636522 
 0.542867543932  0.542867543673 
 0.625055192527  0.625055192114 
 0.719685673001  0.719685671722 
 0.828642772855  0.828642769621 
 0.95409547635  0.954095469553 
 1.09854114199  1.0985411281 
 1.26485521686  1.26485518419 
 1.4563484775  1.45634840621 
 1.67683293681  1.67683275656 
 1.93069772888  1.93069731145 
 2.22299648253  2.22299531342 
 2.5595479227  2.55954470643 
 2.94705170255  2.94704188994 
 3.3932217719  3.3931900218 
 3.90693993705  3.90682945875 
 4.49843266897  4.49801553156 
 5.17947467923  5.1777346719 
 5.96362331659  5.95609226643 
 6.86648845004  6.84644403797 
 7.90604321091  7.90604305875 
 9.10298177992  9.10298165356 
 10.4811313415  10.4811311968 
 12.0679264064  12.0679262338 
 13.8949549437  13.8949547349 
 15.9985871961  15.9985869425 
 18.4206996933  18.4206993853 
 21.2095088792  21.209508505 
 24.4205309455  24.4205304904 
 28.1176869797  28.117686426 
 32.3745754282  32.3745747539 
 37.2759372031  37.2759363812 
 42.9193426013  42.9193415984 
 49.4171336132  49.4171323879 
 56.8986602902  56.8986587908 
 65.512855686  65.5128538479 
 75.4312006335  75.4311983755 
 86.8511373751  86.8511345943 
 100.0  99.9999965652 
100000000.0 50 
 0.1  0.0999999995386 
 0.115139539933  0.115139540039 
 0.132571136559  0.132571136839 
 0.152641796718  0.152641796934 
 0.175751062485  0.175751062572 
 0.202358964773  0.202358964882 
 0.232995181052  0.232995181278 
 0.268269579528  0.268269579552 
 0.308884359648  0.308884359354 
 0.355648030622  0.355648030656 
 0.409491506238  0.409491506213 
 0.471486636346  0.471486635621 
 0.542867543932  0.542867543582 
 0.625055192527  0.625055192574 
 0.719685673001  0.719685670936 
 0.828642772855  0.828642769319 
 0.95409547635  0.954095469869 
 1.09854114199  1.09854112608 
 1.26485521686  1.26485518394 
 1.4563484775  1.45634840587 
 1.67683293681  1.67683274897 
 1.93069772888  1.93069729471 
 2.22299648253  2.22299529867 
 2.5595479227  2.5595447057 
 2.94705170255  2.94704191721 
 3.3932217719  3.39318999283 
 3.90693993705  3.9068294323 
 4.49843266897  4.49801446281 
 5.17947467923  5.17771438767 
 5.96362331659  5.95661197298 
 6.86648845004  6.86647969088 
 7.90604321091  7.90604316577 
 9.10298177992  9.1029817363 
 10.4811313415  10.4811312905 
 12.0679264064  12.0679263451 
 13.8949549437  13.8949548695 
 15.9985871961  15.9985871059 
 18.4206996933  18.4206995838 
 21.2095088792  21.2095087461 
 24.4205309455  24.4205307836 
 28.1176869797  28.1176867828 
 32.3745754282  32.3745751884 
 37.2759372031  37.2759369108 
 42.9193426013  42.9193422446 
 49.4171336132  49.4171331774 
 56.8986602902  56.8986597569 
 65.512855686  65.5128550322 
 75.4312006335  75.4311998305 
 86.8511373751  86.8511363861 
 100.0  99.9999987784 
