0.001 50 
 0.1  0.1 
 0.115139539933  0.115139539933 
 0.132571136559  0.132571136559 
 0.152641796718  0.152641796718 
 0.175751062485  0.175751062485 
 0.202358964773  0.202358964773 
 0.232995181052  0.232995181052 
 0.268269579528  0.268269579528 
 0.308884359648  0.308884359648 
 0.355648030622  0.355648030622 
 0.409491506238  0.409491506238 
 0.471486636346  0.471486636346 
 0.542867543932  0.542867543932 
 0.625055192527  0.625055192527 
 0.719685673001  0.719685673001 
 0.828642772855  0.828642772855 
 0.95409547635  0.95409547635 
 1.09854114199  1.09854114199 
 1.26485521686  1.26485521686 
 1.4563484775  1.4563484775 
 1.67683293681  1.67683293681 
 1.93069772888  1.93069772888 
 2.22299648253  2.22299648253 
 2.5595479227  2.5595479227 
 2.94705170255  2.94705170255 
 3.3932217719  3.39322177189 
 3.90693993705  3.90693993705 
 4.49843266897  4.49843266894 
 5.17947467923  5.17947467914 
 5.96362331659  5.96362331623 
 6.86648845004  6.86648844845 
 7.90604321091  7.90604320342 
 9.10298177992  9.10298174114 
 10.4811313415  10.4811311194 
 12.0679264064  12.067924991 
 13.8949549437  13.8949448464 
 15.9985871961  15.9985060416 
 18.4206996933  18.4199602179 
 21.2095088792  21.2018363403 
 24.4205309455  24.3315232614 
 28.1176869797  27.203109029 
 32.3745754282  28.2636535205 
 37.2759372031  28.3739435735 
 42.9193426013  28.380632716 
 49.4171336132  28.3809648016 
 56.8986602902  28.3809811858 
 65.512855686  28.3809906239 
 75.4312006335  28.3809923487 
 86.8511373751  28.3810364805 
 100.0  28.3810296626 
0.00167683293681 50 
 0.1  0.1 
 0.115139539933  0.115139539933 
 0.132571136559  0.132571136559 
 0.152641796718  0.152641796718 
 0.175751062485  0.175751062485 
 0.202358964773  0.202358964773 
 0.232995181052  0.232995181052 
 0.268269579528  0.268269579528 
 0.308884359648  0.308884359648 
 0.355648030622  0.355648030622 
 0.409491506238  0.409491506238 
 0.471486636346  0.471486636346 
 0.542867543932  0.542867543932 
 0.625055192527  0.625055192527 
 0.719685673001  0.719685673001 
 0.828642772855  0.828642772855 
 0.95409547635  0.95409547635 
 1.09854114199  1.09854114199 
 1.26485521686  1.26485521686 
 1.4563484775  1.4563484775 
 1.67683293681  1.67683293681 
 1.93069772888  1.93069772888 
 2.22299648253  2.22299648253 
 2.5595479227  2.5595479227 
 2.94705170255  2.94705170255 
 3.3932217719  3.39322177189 
 3.90693993705  3.90693993704 
 4.49843266897  4.49843266893 
 5.17947467923  5.17947467907 
 5.96362331659  5.96362331597 
 6.86648845004  6.86648844736 
 7.90604321091  7.90604319828 
 9.10298177992  9.10298171446 
 10.4811313415  10.4811309662 
 12.0679264064  12.0679240115 
 13.8949549437  13.8949378337 
 15.9985871961  15.9984494515 
 18.4206996933  18.4194423916 
 21.2095088792  21.1964597829 
 24.4205309455  24.2718188645 
 28.1176869797  26.786366096 
 32.3745754282  27.4978185129 
 37.2759372031  27.5615717312 
 42.9193426013  27.5653620716 
 49.4171336132  27.5655435798 
 56.8986602902  27.5655796064 
 65.512855686  27.5655660088 
 75.4312006335  27.5655434472 
 86.8511373751  27.5655457478 
 100.0  27.5655695388 
0.00281176869797 50 
 0.1  0.1 
 0.115139539933  0.115139539933 
 0.132571136559  0.132571136559 
 0.152641796718  0.152641796718 
 0.175751062485  0.175751062485 
 0.202358964773  0.202358964773 
 0.232995181052  0.232995181052 
 0.268269579528  0.268269579528 
 0.308884359648  0.308884359648 
 0.355648030622  0.355648030622 
 0.409491506238  0.409491506238 
 0.471486636346  0.471486636346 
 0.542867543932  0.542867543932 
 0.625055192527  0.625055192527 
 0.719685673001  0.719685673001 
 0.828642772855  0.828642772855 
 0.95409547635  0.95409547635 
 1.09854114199  1.09854114199 
 1.26485521686  1.26485521686 
 1.4563484775  1.4563484775 
 1.67683293681  1.67683293681 
 1.93069772888  1.93069772888 
 2.22299648253  2.22299648253 
 2.5595479227  2.5595479227 
 2.94705170255  2.94705170255 
 3.3932217719  3.39322177189 
 3.90693993705  3.90693993703 
 4.49843266897  4.4984326689 
 5.17947467923  5.17947467897 
 5.96362331659  5.96362331555 
 6.86648845004  6.86648844551 
 7.90604321091  7.90604318953 
 9.10298177992  9.10298166892 
 10.4811313415  10.481130704 
 12.0679264064  12.0679223299 
 13.8949549437  13.894925751 
 15.9985871961  15.9983515487 
 18.4206996933  18.4185427558 
 21.2095088792  21.1871180997 
 24.4205309455  24.172878958 
 28.1176869797  26.2590136191 
 32.3745754282  26.7074120929 
 37.2759372031  26.7432975743 
 42.9193426013  26.7453705936 
 49.4171336132  26.7454803138 
 56.8986602902  26.7454952123 
 65.512855686  26.7454851834 
 75.4312006335  26.7454858846 
 86.8511373751  26.7454884242 
 100.0  26.7454673958 
0.00471486636346 50 
 0.1  0.1 
 0.115139539933  0.115139539933 
 0.132571136559  0.132571136559 
 0.152641796718  0.152641796718 
 0.175751062485  0.175751062485 
 0.202358964773  0.202358964773 
 0.232995181052  0.232995181052 
 0.268269579528  0.268269579528 
 0.308884359648  0.308884359648 
 0.355648030622  0.355648030622 
 0.409491506238  0.409491506238 
 0.471486636346  0.471486636346 
 0.542867543932  0.542867543932 
 0.625055192527  0.625055192527 
 0.719685673001  0.719685673001 
 0.828642772855  0.828642772855 
 0.95409547635  0.95409547635 
 1.09854114199  1.09854114199 
 1.26485521686  1.26485521686 
 1.4563484775  1.4563484775 
 1.67683293681  1.67683293681 
 1.93069772888  1.93069772888 
 2.22299648253  2.22299648253 
 2.5595479227  2.5595479227 
 2.94705170255  2.94705170255 
 3.3932217719  3.39322177188 
 3.90693993705  3.90693993702 
 4.49843266897  4.49843266885 
 5.17947467923  5.17947467878 
 5.96362331659  5.96362331481 
 6.86648845004  6.86648844234 
 7.90604321091  7.90604317449 
 9.10298177992  9.10298159034 
 10.4811313415  10.4811302494 
 12.0679264064  12.0679194003 
 13.8949549437  13.8949045811 
 15.9985871961  15.9981789195 
 18.4206996933  18.4169463677 
 21.2095088792  21.1705613086 
 24.4205309455  24.0108179457 
 28.1176869797  25.6266025895 
 32.3745754282  25.8919514401 
 37.2759372031  25.9114616307 
 42.9193426013  25.9125774769 
 49.4171336132  25.9126296631 
 56.8986602902  25.912633442 
 65.512855686  25.9126256298 
 75.4312006335  25.9126333038 
 86.8511373751  25.9126139096 
 100.0  25.9126242356 
0.00790604321091 50 
 0.1  0.1 
 0.115139539933  0.115139539933 
 0.132571136559  0.132571136559 
 0.152641796718  0.152641796718 
 0.175751062485  0.175751062485 
 0.202358964773  0.202358964773 
 0.232995181052  0.232995181052 
 0.268269579528  0.268269579528 
 0.308884359648  0.308884359648 
 0.355648030622  0.355648030622 
 0.409491506238  0.409491506238 
 0.471486636346  0.471486636346 
 0.542867543932  0.542867543932 
 0.625055192527  0.625055192527 
 0.719685673001  0.719685673001 
 0.828642772855  0.828642772855 
 0.95409547635  0.95409547635 
 1.09854114199  1.09854114199 
 1.26485521686  1.26485521686 
 1.4563484775  1.4563484775 
 1.67683293681  1.67683293681 
 1.93069772888  1.93069772888 
 2.22299648253  2.22299648253 
 2.5595479227  2.5595479227 
 2.94705170255  2.94705170255 
 3.3932217719  3.39322177188 
 3.90693993705  3.906939937 
 4.49843266897  4.49843266877 
 5.17947467923  5.17947467847 
 5.96362331659  5.96362331355 
 6.86648845004  6.86648843684 
 7.90604321091  7.90604314822 
 9.10298177992  9.10298145229 
 10.4811313415  10.4811294454 
 12.0679264064  12.0679141791 
 13.8949549437  13.8948665259 
 15.9985871961  15.9978656679 
 18.4206996933  18.4140236716 
 21.2095088792  21.1404092086 
 24.4205309455  23.7514416038 
 28.1176869797  24.8991292684 
 32.3745754282  25.0461844839 
 37.2759372031  25.0563413507 
 42.9193426013  25.0569123572 
 49.4171336132  25.056927153 
 56.8986602902  25.0569408422 
 65.512855686  25.0569268059 
 75.4312006335  25.0569325853 
 86.8511373751  25.0569305704 
 100.0  25.0569275991 
0.0132571136559 50 
 0.1  0.1 
 0.115139539933  0.115139539933 
 0.132571136559  0.132571136559 
 0.152641796718  0.152641796718 
 0.175751062485  0.175751062485 
 0.202358964773  0.202358964773 
 0.232995181052  0.232995181052 
 0.268269579528  0.268269579528 
 0.308884359648  0.308884359648 
 0.355648030622  0.355648030622 
 0.409491506238  0.409491506238 
 0.471486636346  0.471486636346 
 0.542867543932  0.542867543932 
 0.625055192527  0.625055192527 
 0.719685673001  0.719685673001 
 0.828642772855  0.828642772855 
 0.95409547635  0.95409547635 
 1.09854114199  1.09854114199 
 1.26485521686  1.26485521686 
 1.4563484775  1.4563484775 
 1.67683293681  1.67683293681 
 1.93069772888  1.93069772888 
 2.22299648253  2.22299648252 
 2.5595479227  2.5595479227 
 2.94705170255  2.94705170254 
 3.3932217719  3.39322177187 
 3.90693993705  3.90693993695 
 4.49843266897  4.49843266861 
 5.17947467923  5.17947467791 
 5.96362331659  5.96362331132 
 6.86648845004  6.86648842707 
 7.90604321091  7.90604310123 
 9.10298177992  9.10298120316 
 10.4811313415  10.48112798 
 12.0679264064  12.0679045555 
 13.8949549437  13.8947955257 
 15.9985871961  15.9972736014 
 18.4206996933  18.4084377906 
 21.2095088792  21.0837206172 
 24.4205309455  23.3535758603 
 28.1176869797  24.0863994807 
 32.3745754282  24.1623817914 
 37.2759372031  24.1673882877 
 42.9193426013  24.1676645037 
 49.4171336132  24.167674127 
 56.8986602902  24.1676746122 
 65.512855686  24.1676700852 
 75.4312006335  24.1676758926 
 86.8511373751  24.1676774545 
 100.0  24.1676718457 
0.0222299648253 50 
 0.1  0.1 
 0.115139539933  0.115139539933 
 0.132571136559  0.132571136559 
 0.152641796718  0.152641796718 
 0.175751062485  0.175751062485 
 0.202358964773  0.202358964773 
 0.232995181052  0.232995181052 
 0.268269579528  0.268269579528 
 0.308884359648  0.308884359648 
 0.355648030622  0.355648030622 
 0.409491506238  0.409491506238 
 0.471486636346  0.471486636346 
 0.542867543932  0.542867543932 
 0.625055192527  0.625055192527 
 0.719685673001  0.719685673001 
 0.828642772855  0.828642772855 
 0.95409547635  0.95409547635 
 1.09854114199  1.09854114199 
 1.26485521686  1.26485521686 
 1.4563484775  1.4563484775 
 1.67683293681  1.67683293681 
 1.93069772888  1.93069772888 
 2.22299648253  2.22299648252 
 2.5595479227  2.55954792269 
 2.94705170255  2.94705170253 
 3.3932217719  3.39322177185 
 3.90693993705  3.90693993692 
 4.49843266897  4.49843266845 
 5.17947467923  5.17947467692 
 5.96362331659  5.96362330729 
 6.86648845004  6.86648840918 
 7.90604321091  7.90604301421 
 9.10298177992  9.10298073581 
 10.4811313415  10.4811251926 
 12.0679264064  12.0678859769 
 13.8949549437  13.8946562648 
 15.9985871961  15.9960933658 
 18.4206996933  18.397178546 
 21.2095088792  20.9742817242 
 24.4205309455  22.7832365177 
 28.1176869797  23.1971308499 
 32.3745754282  23.2336051118 
 37.2759372031  23.2359241177 
 42.9193426013  23.2360517931 
 49.4171336132  23.2360526154 
 56.8986602902  23.2360523729 
 65.512855686  23.2360527635 
 75.4312006335  23.2360541369 
 86.8511373751  23.2360535266 
 100.0  23.2360532697 
0.0372759372031 50 
 0.1  0.1 
 0.115139539933  0.115139539933 
 0.132571136559  0.132571136559 
 0.152641796718  0.152641796718 
 0.175751062485  0.175751062485 
 0.202358964773  0.202358964773 
 0.232995181052  0.232995181052 
 0.268269579528  0.268269579528 
 0.308884359648  0.308884359648 
 0.355648030622  0.355648030622 
 0.409491506238  0.409491506238 
 0.471486636346  0.471486636346 
 0.542867543932  0.542867543932 
 0.625055192527  0.625055192527 
 0.719685673001  0.719685673001 
 0.828642772855  0.828642772855 
 0.95409547635  0.95409547635 
 1.09854114199  1.09854114199 
 1.26485521686  1.26485521686 
 1.4563484775  1.4563484775 
 1.67683293681  1.67683293681 
 1.93069772888  1.93069772888 
 2.22299648253  2.22299648252 
 2.5595479227  2.55954792269 
 2.94705170255  2.94705170253 
 3.3932217719  3.39322177181 
 3.90693993705  3.90693993689 
 4.49843266897  4.49843266801 
 5.17947467923  5.17947467507 
 5.96362331659  5.96362329967 
 6.86648845004  6.86648837494 
 7.90604321091  7.90604284509 
 9.10298177992  9.10297981266 
 10.4811313415  10.4811195908 
 12.0679264064  12.0678479592 
 13.8949549437  13.8943659673 
 15.9985871961  15.9935894371 
 18.4206996933  18.3731659919 
 21.2095088792  20.7631584091 
 24.4205309455  22.0349469853 
 28.1176869797  22.2410927051 
 32.3745754282  22.2573637872 
 37.2759372031  22.2583756758 
 42.9193426013  22.2584317664 
 49.4171336132  22.2584335508 
 56.8986602902  22.2584335072 
 65.512855686  22.258432731 
 75.4312006335  22.2584320947 
 86.8511373751  22.2584324213 
 100.0  22.2584324282 
0.0625055192527 50 
 0.1  0.1 
 0.115139539933  0.115139539933 
 0.132571136559  0.132571136559 
 0.152641796718  0.152641796718 
 0.175751062485  0.175751062485 
 0.202358964773  0.202358964773 
 0.232995181052  0.232995181052 
 0.268269579528  0.268269579528 
 0.308884359648  0.308884359648 
 0.355648030622  0.355648030622 
 0.409491506238  0.409491506238 
 0.471486636346  0.471486636346 
 0.542867543932  0.542867543932 
 0.625055192527  0.625055192527 
 0.719685673001  0.719685673001 
 0.828642772855  0.828642772855 
 0.95409547635  0.95409547635 
 1.09854114199  1.09854114199 
 1.26485521686  1.26485521686 
 1.4563484775  1.4563484775 
 1.67683293681  1.67683293681 
 1.93069772888  1.93069772888 
 2.22299648253  2.22299648252 
 2.5595479227  2.55954792269 
 2.94705170255  2.94705170251 
 3.3932217719  3.39322177183 
 3.90693993705  3.90693993675 
 4.49843266897  4.49843266692 
 5.17947467923  5.17947467145 
 5.96362331659  5.96362328452 
 6.86648845004  6.86648830562 
 7.90604321091  7.90604249633 
 9.10298177992  9.10297787245 
 10.4811313415  10.4811075889 
 12.0679264064  12.0677649124 
 13.8949549437  13.8937197293 
 15.9985871961  15.9879280939 
 18.4206996933  18.31957018 
 21.2095088792  20.3788981924 
 24.4205309455  21.1394797556 
 28.1176869797  21.2313226018 
 32.3745754282  21.2381139356 
 37.2759372031  21.2385285485 
 42.9193426013  21.2385490555 
 49.4171336132  21.2385510743 
 56.8986602902  21.2385472804 
 65.512855686  21.2385475049 
 75.4312006335  21.2385476753 
 86.8511373751  21.2385470586 
 100.0  21.2385475287 
0.104811313415 50 
 0.1  0.1 
 0.115139539933  0.115139539933 
 0.132571136559  0.132571136559 
 0.152641796718  0.152641796718 
 0.175751062485  0.175751062485 
 0.202358964773  0.202358964773 
 0.232995181052  0.232995181052 
 0.268269579528  0.268269579528 
 0.308884359648  0.308884359648 
 0.355648030622  0.355648030622 
 0.409491506238  0.409491506238 
 0.471486636346  0.471486636346 
 0.542867543932  0.542867543932 
 0.625055192527  0.625055192527 
 0.719685673001  0.719685673001 
 0.828642772855  0.828642772855 
 0.95409547635  0.95409547635 
 1.09854114199  1.09854114199 
 1.26485521686  1.26485521686 
 1.4563484775  1.4563484775 
 1.67683293681  1.67683293681 
 1.93069772888  1.93069772888 
 2.22299648253  2.22299648252 
 2.5595479227  2.55954792269 
 2.94705170255  2.94705170247 
 3.3932217719  3.3932217719 
 3.90693993705  3.90693993635 
 4.49843266897  4.498432665 
 5.17947467923  5.17947466393 
 5.96362331659  5.96362325243 
 6.86648845004  6.8664881559 
 7.90604321091  7.90604172825 
 9.10298177992  9.10297351382 
 10.4811313415  10.4810801309 
 12.0679264064  12.0675714326 
 13.8949549437  13.8921890023 
 15.9985871961  15.9744066419 
 18.4206996933  18.1985022534 
 21.2095088792  19.7652253519 
 24.4205309455  20.1467631127 
 28.1176869797  20.1842923794 
 32.3745754282  20.186972629 
 37.2759372031  20.1871348138 
 42.9193426013  20.1871418643 
 49.4171336132  20.1871420247 
 56.8986602902  20.1871421723 
 65.512855686  20.187142131 
 75.4312006335  20.1871421627 
 86.8511373751  20.1871422605 
 100.0  20.1871416124 
0.175751062485 50 
 0.1  0.1 
 0.115139539933  0.115139539933 
 0.132571136559  0.132571136559 
 0.152641796718  0.152641796718 
 0.175751062485  0.175751062485 
 0.202358964773  0.202358964773 
 0.232995181052  0.232995181052 
 0.268269579528  0.268269579528 
 0.308884359648  0.308884359648 
 0.355648030622  0.355648030622 
 0.409491506238  0.409491506238 
 0.471486636346  0.471486636346 
 0.542867543932  0.542867543932 
 0.625055192527  0.625055192527 
 0.719685673001  0.719685673001 
 0.828642772855  0.828642772855 
 0.95409547635  0.95409547635 
 1.09854114199  1.09854114199 
 1.26485521686  1.26485521686 
 1.4563484775  1.4563484775 
 1.67683293681  1.67683293681 
 1.93069772888  1.93069772888 
 2.22299648253  2.22299648253 
 2.5595479227  2.55954792268 
 2.94705170255  2.94705170258 
 3.3932217719  3.3932217719 
 3.90693993705  3.90693993481 
 4.49843266897  4.49843266082 
 5.17947467923  5.17947464722 
 5.96362331659  5.96362317981 
 6.86648845004  6.86648781043 
 7.90604321091  7.90603992516 
 9.10298177992  9.10296311432 
 10.4811313415  10.4810134825 
 12.0679264064  12.0670947663 
 13.8949549437  13.8883737412 
 15.9985871961  15.940965795 
 18.4206996933  17.9392061433 
 21.2095088792  18.9389319622 
 24.4205309455  19.1036003029 
 28.1176869797  19.1180357596 
 32.3745754282  19.1190488584 
 37.2759372031  19.1191099924 
 42.9193426013  19.1191127199 
 49.4171336132  19.1191122806 
 56.8986602902  19.1191124007 
 65.512855686  19.1191133933 
 75.4312006335  19.1191134716 
 86.8511373751  19.1191126698 
 100.0  19.1191135386 
0.294705170255 50 
 0.1  0.1 
 0.115139539933  0.115139539933 
 0.132571136559  0.132571136559 
 0.152641796718  0.152641796718 
 0.175751062485  0.175751062485 
 0.202358964773  0.202358964773 
 0.232995181052  0.232995181052 
 0.268269579528  0.268269579528 
 0.308884359648  0.308884359648 
 0.355648030622  0.355648030622 
 0.409491506238  0.409491506238 
 0.471486636346  0.471486636346 
 0.542867543932  0.542867543932 
 0.625055192527  0.625055192527 
 0.719685673001  0.719685673001 
 0.828642772855  0.828642772855 
 0.95409547635  0.95409547635 
 1.09854114199  1.09854114199 
 1.26485521686  1.26485521685 
 1.4563484775  1.4563484775 
 1.67683293681  1.67683293681 
 1.93069772888  1.93069772888 
 2.22299648253  2.22299648254 
 2.5595479227  2.55954792262 
 2.94705170255  2.94705170292 
 3.3932217719  3.39322177049 
 3.90693993705  3.90693993223 
 4.49843266897  4.49843265111 
 5.17947467923  5.17947460773 
 5.96362331659  5.96362300514 
 6.86648845004  6.86648696508 
 7.90604321091  7.90603545429 
 9.10298177992  9.10293696625 
 10.4811313415  10.4808438725 
 12.0679264064  12.0658690169 
 13.8949549437  13.8785269727 
 15.9985871961  15.8582513432 
 18.4206996933  17.4589063094 
 21.2095088792  17.9800873196 
 24.4205309455  18.044388844 
 28.1176869797  18.0497307168 
 32.3745754282  18.0501039563 
 37.2759372031  18.0501262503 
 42.9193426013  18.0501272964 
 49.4171336132  18.0501278127 
 56.8986602902  18.0501275806 
 65.512855686  18.0501277113 
 75.4312006335  18.0501277659 
 86.8511373751  18.0501265111 
 100.0  18.050127814 
0.494171336132 50 
 0.1  0.1 
 0.115139539933  0.115139539933 
 0.132571136559  0.132571136559 
 0.152641796718  0.152641796718 
 0.175751062485  0.175751062485 
 0.202358964773  0.202358964773 
 0.232995181052  0.232995181052 
 0.268269579528  0.268269579528 
 0.308884359648  0.308884359648 
 0.355648030622  0.355648030622 
 0.409491506238  0.409491506238 
 0.471486636346  0.471486636346 
 0.542867543932  0.542867543932 
 0.625055192527  0.625055192527 
 0.719685673001  0.719685673001 
 0.828642772855  0.828642772855 
 0.95409547635  0.95409547635 
 1.09854114199  1.09854114199 
 1.26485521686  1.26485521685 
 1.4563484775  1.4563484775 
 1.67683293681  1.67683293681 
 1.93069772888  1.93069772892 
 2.22299648253  2.22299648254 
 2.5595479227  2.55954792251 
 2.94705170255  2.94705170159 
 3.3932217719  3.39322176874 
 3.90693993705  3.90693992599 
 4.49843266897  4.49843262725 
 5.17947467923  5.17947450904 
 5.96362331659  5.96362256178 
 6.86648845004  6.86648481005 
 7.90604321091  7.90602389563 
 9.10298177992  9.10286870529 
 10.4811313415  10.480397523 
 12.0679264064  12.0626265698 
 13.8949549437  13.8527560809 
 15.9985871961  15.6656214741 
 18.4206996933  16.7411405519 
 21.2095088792  16.9686120378 
 24.4205309455  16.9924308335 
 28.1176869797  16.9943714092 
 32.3745754282  16.9945078332 
 37.2759372031  16.9945156726 
 42.9193426013  16.994516475 
 49.4171336132  16.9945158767 
 56.8986602902  16.9945163023 
 65.512855686  16.9945155112 
 75.4312006335  16.994515866 
 86.8511373751  16.9945159097 
 100.0  16.9945158963 
0.828642772855 50 
 0.1  0.1 
 0.115139539933  0.115139539933 
 0.132571136559  0.132571136559 
 0.152641796718  0.152641796718 
 0.175751062485  0.175751062485 
 0.202358964773  0.202358964773 
 0.232995181052  0.232995181052 
 0.268269579528  0.268269579528 
 0.308884359648  0.308884359648 
 0.355648030622  0.355648030622 
 0.409491506238  0.409491506238 
 0.471486636346  0.471486636346 
 0.542867543932  0.542867543932 
 0.625055192527  0.625055192527 
 0.719685673001  0.719685673001 
 0.828642772855  0.828642772855 
 0.95409547635  0.95409547635 
 1.09854114199  1.09854114199 
 1.26485521686  1.26485521686 
 1.4563484775  1.4563484775 
 1.67683293681  1.67683293683 
 1.93069772888  1.93069772896 
 2.22299648253  2.22299648244 
 2.5595479227  2.55954792246 
 2.94705170255  2.94705170028 
 3.3932217719  3.39322176433 
 3.90693993705  3.90693991012 
 4.49843266897  4.49843256481 
 5.17947467923  5.17947425347 
 5.96362331659  5.96362140743 
 6.86648845004  6.86647911141 
 7.90604321091  7.90599315327 
 9.10298177992  9.10268615342 
 10.4811313415  10.4791989856 
 12.0679264064  12.053941704 
 13.8949549437  13.7865352206 
 15.9985871961  15.2802104866 
 18.4206996933  15.8668091102 
 21.2095088792  15.9558054358 
 24.4205309455  15.9644975622 
 28.1176869797  15.9652067256 
 32.3745754282  15.96525718 
 37.2759372031  15.9652598705 
 42.9193426013  15.9652604513 
 49.4171336132  15.9652605224 
 56.8986602902  15.9652600656 
 65.512855686  15.9652600428 
 75.4312006335  15.9652602709 
 86.8511373751  15.9652601143 
 100.0  15.9652597927 
1.38949549437 50 
 0.1  0.1 
 0.115139539933  0.115139539933 
 0.132571136559  0.132571136559 
 0.152641796718  0.152641796718 
 0.175751062485  0.175751062485 
 0.202358964773  0.202358964773 
 0.232995181052  0.232995181052 
 0.268269579528  0.268269579528 
 0.308884359648  0.308884359648 
 0.355648030622  0.355648030622 
 0.409491506238  0.409491506238 
 0.471486636346  0.471486636346 
 0.542867543932  0.542867543932 
 0.625055192527  0.625055192527 
 0.719685673001  0.719685673001 
 0.828642772855  0.828642772855 
 0.95409547635  0.954095476351 
 1.09854114199  1.09854114199 
 1.26485521686  1.26485521686 
 1.4563484775  1.4563484775 
 1.67683293681  1.67683293693 
 1.93069772888  1.93069772896 
 2.22299648253  2.22299648195 
 2.5595479227  2.55954792094 
 2.94705170255  2.94705169692 
 3.3932217719  3.39322175281 
 3.90693993705  3.90693986837 
 4.49843266897  4.49843240343 
 5.17947467923  5.17947357122 
 5.96362331659  5.96361830665 
 6.86648845004  6.86646376455 
 7.90604321091  7.90591013189 
 9.10298177992  9.10219240266 
 10.4811313415  10.4759639428 
 12.0679264064  12.0309045156 
 13.8949549437  13.6290486807 
 15.9985871961  14.6713188247 
 18.4206996933  14.9388688149 
 21.2095088792  14.9725993472 
 24.4205309455  14.9758593199 
 28.1176869797  14.9761317519 
 32.3745754282  14.9761518263 
 37.2759372031  14.9761526858 
 42.9193426013  14.9761530627 
 49.4171336132  14.976152864 
 56.8986602902  14.9761530468 
 65.512855686  14.9761526426 
 75.4312006335  14.9761529718 
 86.8511373751  14.9761530483 
 100.0  14.9761527055 
2.32995181052 50 
 0.1  0.1 
 0.115139539933  0.115139539933 
 0.132571136559  0.132571136559 
 0.152641796718  0.152641796718 
 0.175751062485  0.175751062485 
 0.202358964773  0.202358964773 
 0.232995181052  0.232995181052 
 0.268269579528  0.268269579528 
 0.308884359648  0.308884359648 
 0.355648030622  0.355648030622 
 0.409491506238  0.409491506238 
 0.471486636346  0.471486636346 
 0.542867543932  0.542867543932 
 0.625055192527  0.625055192527 
 0.719685673001  0.719685673001 
 0.828642772855  0.828642772855 
 0.95409547635  0.954095476351 
 1.09854114199  1.098541142 
 1.26485521686  1.26485521687 
 1.4563484775  1.45634847748 
 1.67683293681  1.67683293704 
 1.93069772888  1.93069772839 
 2.22299648253  2.22299648106 
 2.5595479227  2.55954791818 
 2.94705170255  2.94705168797 
 3.3932217719  3.39322172217 
 3.90693993705  3.90693975629 
 4.49843266897  4.49843196523 
 5.17947467923  5.17947172635 
 5.96362331659  5.96360991432 
 6.86648845004  6.86642225808 
 7.90604321091  7.9056859591 
 9.10298177992  9.10086605286 
 10.4811313415  10.467386971 
 12.0679264064  11.9728654469 
 13.8949549437  13.3142297839 
 15.9985871961  13.9183592013 
 18.4206996933  14.0310787548 
 21.2095088792  14.0444963307 
 24.4205309455  14.0458380987 
 28.1176869797  14.0459564214 
 32.3745754282  14.0459657465 
 37.2759372031  14.0459663886 
 42.9193426013  14.0459661372 
 49.4171336132  14.0459660532 
 56.8986602902  14.0459660313 
 65.512855686  14.045966062 
 75.4312006335  14.0459661285 
 86.8511373751  14.0459662026 
 100.0  14.0459663461 
3.90693993705 50 
 0.1  0.1 
 0.115139539933  0.115139539933 
 0.132571136559  0.132571136559 
 0.152641796718  0.152641796718 
 0.175751062485  0.175751062485 
 0.202358964773  0.202358964773 
 0.232995181052  0.232995181052 
 0.268269579528  0.268269579528 
 0.308884359648  0.308884359648 
 0.355648030622  0.355648030622 
 0.409491506238  0.409491506238 
 0.471486636346  0.471486636346 
 0.542867543932  0.542867543932 
 0.625055192527  0.625055192528 
 0.719685673001  0.719685673001 
 0.828642772855  0.828642772857 
 0.95409547635  0.954095476349 
 1.09854114199  1.09854114202 
 1.26485521686  1.26485521685 
 1.4563484775  1.45634847745 
 1.67683293681  1.67683293638 
 1.93069772888  1.9306977276 
 2.22299648253  2.22299647863 
 2.5595479227  2.55954791076 
 2.94705170255  2.94705166383 
 3.3932217719  3.39322163928 
 3.90693993705  3.90693945288 
 4.49843266897  4.49843077854 
 5.17947467923  5.17946675503 
 5.96362331659  5.96358739599 
 6.86648845004  6.86631177001 
 7.90604321091  7.90509640503 
 9.10298177992  9.09744195806 
 10.4811313415  10.4460506366 
 12.0679264064  11.8447288015 
 13.8949549437  12.833924597 
 15.9985871961  13.1458439563 
 18.4206996933  13.1958519129 
 21.2095088792  13.2019690079 
 24.4205309455  13.202623075 
 28.1176869797  13.2026851842 
 32.3745754282  13.2026904387 
 37.2759372031  13.2026908815 
 42.9193426013  13.2026908501 
 49.4171336132  13.2026906927 
 56.8986602902  13.202690854 
 65.512855686  13.2026907475 
 75.4312006335  13.2026909286 
 86.8511373751  13.2026907319 
 100.0  13.2026907636 
6.5512855686 50 
 0.1  0.1 
 0.115139539933  0.115139539933 
 0.132571136559  0.132571136559 
 0.152641796718  0.152641796718 
 0.175751062485  0.175751062485 
 0.202358964773  0.202358964773 
 0.232995181052  0.232995181052 
 0.268269579528  0.268269579528 
 0.308884359648  0.308884359648 
 0.355648030622  0.355648030622 
 0.409491506238  0.409491506238 
 0.471486636346  0.471486636346 
 0.542867543932  0.542867543933 
 0.625055192527  0.625055192528 
 0.719685673001  0.719685673002 
 0.828642772855  0.828642772859 
 0.95409547635  0.954095476346 
 1.09854114199  1.09854114203 
 1.26485521686  1.26485521681 
 1.4563484775  1.45634847758 
 1.67683293681  1.67683293566 
 1.93069772888  1.93069772542 
 2.22299648253  2.22299647225 
 2.5595479227  2.55954789069 
 2.94705170255  2.94705159688 
 3.3932217719  3.39322141485 
 3.90693993705  3.90693864158 
 4.49843266897  4.49842763662 
 5.17947467923  5.17945374935 
 5.96362331659  5.96352948474 
 6.86648845004  6.86603457868 
 7.90604321091  7.90366293929 
 9.10298177992  9.08947408236 
 10.4811313415  10.400237193 
 12.0679264064  11.62318385 
 13.8949549437  12.2855977837 
 15.9985871961  12.4506783888 
 18.4206996933  12.4765279675 
 21.2095088792  12.4798854705 
 24.4205309455  12.4802700902 
 28.1176869797  12.4803091208 
 32.3745754282  12.4803124245 
 37.2759372031  12.4803127327 
 42.9193426013  12.4803128071 
 49.4171336132  12.4803127763 
 56.8986602902  12.4803126235 
 65.512855686  12.4803127714 
 75.4312006335  12.4803128098 
 86.8511373751  12.4803125949 
 100.0  12.4803129532 
10.9854114199 50 
 0.1  0.1 
 0.115139539933  0.115139539933 
 0.132571136559  0.132571136559 
 0.152641796718  0.152641796718 
 0.175751062485  0.175751062485 
 0.202358964773  0.202358964773 
 0.232995181052  0.232995181052 
 0.268269579528  0.268269579528 
 0.308884359648  0.308884359648 
 0.355648030622  0.355648030622 
 0.409491506238  0.409491506238 
 0.471486636346  0.471486636346 
 0.542867543932  0.542867543933 
 0.625055192527  0.625055192528 
 0.719685673001  0.719685673007 
 0.828642772855  0.828642772857 
 0.95409547635  0.954095476348 
 1.09854114199  1.098541142 
 1.26485521686  1.26485521652 
 1.4563484775  1.45634847646 
 1.67683293681  1.67683293374 
 1.93069772888  1.93069771874 
 2.22299648253  2.22299645503 
 2.5595479227  2.55954783728 
 2.94705170255  2.94705142457 
 3.3932217719  3.39322083618 
 3.90693993705  3.90693656077 
 4.49843266897  4.49841984528 
 5.17947467923  5.17942253958 
 5.96362331659  5.96339630002 
 6.86648845004  6.8654271173 
 7.90604321091  7.90070238009 
 9.10298177992  9.07422730242 
 10.4811313415  10.3232097738 
 12.0679264064  11.3419998192 
 13.8949549437  11.783806822 
 15.9985871961  11.8823706569 
 18.4206996933  11.8981115932 
 21.2095088792  11.9002544812 
 24.4205309455  11.9005107753 
 28.1176869797  11.9005375415 
 32.3745754282  11.9005400194 
 37.2759372031  11.900540136 
 42.9193426013  11.900540264 
 49.4171336132  11.9005401948 
 56.8986602902  11.900540237 
 65.512855686  11.9005401613 
 75.4312006335  11.9005402643 
 86.8511373751  11.9005402003 
 100.0  11.900540192 
18.4206996933 50 
 0.1  0.1 
 0.115139539933  0.115139539933 
 0.132571136559  0.132571136559 
 0.152641796718  0.152641796718 
 0.175751062485  0.175751062485 
 0.202358964773  0.202358964773 
 0.232995181052  0.232995181052 
 0.268269579528  0.268269579528 
 0.308884359648  0.308884359648 
 0.355648030622  0.355648030622 
 0.409491506238  0.409491506238 
 0.471486636346  0.471486636347 
 0.542867543932  0.542867543934 
 0.625055192527  0.625055192527 
 0.719685673001  0.719685673013 
 0.828642772855  0.828642772849 
 0.95409547635  0.954095476465 
 1.09854114199  1.09854114172 
 1.26485521686  1.26485521581 
 1.4563484775  1.45634847482 
 1.67683293681  1.67683292863 
 1.93069772888  1.93069770476 
 2.22299648253  2.22299640975 
 2.5595479227  2.55954770396 
 2.94705170255  2.94705101031 
 3.3932217719  3.39321947791 
 3.90693993705  3.90693191109 
 4.49843266897  4.49840316488 
 5.17947467923  5.17935958943 
 5.96362331659  5.96314485029 
 6.86648845004  6.8643594581 
 7.90604321091  7.89588516821 
 9.10298177992  9.0515763784 
 10.4811313415  10.2245293036 
 12.0679264064  11.0644712586 
 13.8949549437  11.3769643458 
 15.9985871961  11.4433049977 
 18.4206996933  11.4540622832 
 21.2095088792  11.455561611 
 24.4205309455  11.4557446089 
 28.1176869797  11.455763993 
 32.3745754282  11.455765954 
 37.2759372031  11.4557658557 
 42.9193426013  11.4557659508 
 49.4171336132  11.4557657745 
 56.8986602902  11.4557660779 
 65.512855686  11.4557659386 
 75.4312006335  11.4557659554 
 86.8511373751  11.4557658651 
 100.0  11.45576607 
30.8884359648 50 
 0.1  0.1 
 0.115139539933  0.115139539933 
 0.132571136559  0.132571136559 
 0.152641796718  0.152641796718 
 0.175751062485  0.175751062486 
 0.202358964773  0.202358964773 
 0.232995181052  0.232995181052 
 0.268269579528  0.268269579528 
 0.308884359648  0.308884359648 
 0.355648030622  0.355648030622 
 0.409491506238  0.409491506238 
 0.471486636346  0.471486636348 
 0.542867543932  0.542867543933 
 0.625055192527  0.625055192533 
 0.719685673001  0.719685673015 
 0.828642772855  0.828642772822 
 0.95409547635  0.954095476148 
 1.09854114199  1.0985411413 
 1.26485521686  1.26485521459 
 1.4563484775  1.45634847054 
 1.67683293681  1.6768329161 
 1.93069772888  1.93069766888 
 2.22299648253  2.22299630818 
 2.5595479227  2.5595474227 
 2.94705170255  2.94705012808 
 3.3932217719  3.39321678728 
 3.90693993705  3.90692337182 
 4.49843266897  4.49837470545 
 5.17947467923  5.17925970106 
 5.96362331659  5.96277311941 
 6.86648845004  6.86288538566 
 7.90604321091  7.88965726746 
 9.10298177992  9.02444291876 
 10.4811313415  10.1207084852 
 12.0679264064  10.8236519091 
 13.8949549437  11.0594573076 
 15.9985871961  11.1080814612 
 18.4206996933  11.1160068225 
 21.2095088792  11.1171216139 
 24.4205309455  11.1172582271 
 28.1176869797  11.1172732951 
 32.3745754282  11.1172747056 
 37.2759372031  11.1172747742 
 42.9193426013  11.1172747709 
 49.4171336132  11.1172748402 
 56.8986602902  11.117274835 
 65.512855686  11.1172747778 
 75.4312006335  11.1172747591 
 86.8511373751  11.1172747905 
 100.0  11.1172747614 
51.7947467923 50 
 0.1  0.1 
 0.115139539933  0.115139539933 
 0.132571136559  0.132571136559 
 0.152641796718  0.152641796718 
 0.175751062485  0.175751062486 
 0.202358964773  0.202358964773 
 0.232995181052  0.232995181052 
 0.268269579528  0.268269579528 
 0.308884359648  0.308884359648 
 0.355648030622  0.355648030622 
 0.409491506238  0.40949150624 
 0.471486636346  0.471486636349 
 0.542867543932  0.54286754393 
 0.625055192527  0.625055192544 
 0.719685673001  0.719685672961 
 0.828642772855  0.828642772677 
 0.95409547635  0.954095475923 
 1.09854114199  1.09854114068 
 1.26485521686  1.26485521253 
 1.4563484775  1.45634846162 
 1.67683293681  1.67683289442 
 1.93069772888  1.9306976058 
 2.22299648253  2.22299612947 
 2.5595479227  2.5595469032 
 2.94705170255  2.94704869274 
 3.3932217719  3.39321270543 
 3.90693993705  3.90691113187 
 4.49843266897  4.49833631737 
 5.17947467923  5.17913263792 
 5.96362331659  5.962323179 
 6.86648845004  6.86117588406 
 7.90604321091  7.88272153681 
 9.10298177992  8.99577344741 
 10.4811313415  10.0216192615 
 12.0679264064  10.6223601456 
 13.8949549437  10.8095510306 
 15.9985871961  10.847343855 
 18.4206996933  10.8535037703 
 21.2095088792  10.8543729376 
 24.4205309455  10.8544800254 
 28.1176869797  10.8544916018 
 32.3745754282  10.8544926796 
 37.2759372031  10.8544928202 
 42.9193426013  10.8544924036 
 49.4171336132  10.8544927471 
 56.8986602902  10.8544927694 
 65.512855686  10.8544928071 
 75.4312006335  10.8544927572 
 86.8511373751  10.854492747 
 100.0  10.8544927011 
86.8511373751 50 
 0.1  0.100000000001 
 0.115139539933  0.115139539934 
 0.132571136559  0.13257113656 
 0.152641796718  0.152641796719 
 0.175751062485  0.175751062486 
 0.202358964773  0.202358964773 
 0.232995181052  0.232995181052 
 0.268269579528  0.268269579527 
 0.308884359648  0.308884359647 
 0.355648030622  0.355648030623 
 0.409491506238  0.409491506242 
 0.471486636346  0.471486636345 
 0.542867543932  0.542867543907 
 0.625055192527  0.625055192509 
 0.719685673001  0.719685672865 
 0.828642772855  0.828642772704 
 0.95409547635  0.954095475392 
 1.09854114199  1.09854114015 
 1.26485521686  1.26485520713 
 1.4563484775  1.45634844818 
 1.67683293681  1.67683284853 
 1.93069772888  1.93069748756 
 2.22299648253  2.22299585376 
 2.5595479227  2.55954615285 
 2.94705170255  2.94704679898 
 3.3932217719  3.39320754027 
 3.90693993705  3.90689650078 
 4.49843266897  4.4982924335 
 5.17947467923  5.17899157521 
 5.96362331659  5.96183636402 
 6.86648845004  6.85936500368 
 7.90604321091  7.875531084 
 9.10298177992  8.96712731419 
 10.4811313415  9.93029336811 
 12.0679264064  10.4535289637 
 13.8949549437  10.6077880819 
 15.9985871961  10.6384276904 
 18.4206996933  10.6434130874 
 21.2095088792  10.6441170072 
 24.4205309455  10.6442040363 
 28.1176869797  10.6442133946 
 32.3745754282  10.6442141295 
 37.2759372031  10.6442141464 
 42.9193426013  10.6442143033 
 49.4171336132  10.6442141907 
 56.8986602902  10.6442141958 
 65.512855686  10.6442141809 
 75.4312006335  10.6442143541 
 86.8511373751  10.6442142968 
 100.0  10.6442143559 
145.63484775 50 
 0.1  0.100000000001 
 0.115139539933  0.115139539934 
 0.132571136559  0.13257113656 
 0.152641796718  0.152641796719 
 0.175751062485  0.175751062486 
 0.202358964773  0.202358964771 
 0.232995181052  0.23299518105 
 0.268269579528  0.268269579526 
 0.308884359648  0.308884359645 
 0.355648030622  0.355648030626 
 0.409491506238  0.409491506243 
 0.471486636346  0.471486636324 
 0.542867543932  0.542867543915 
 0.625055192527  0.6250551925 
 0.719685673001  0.719685672837 
 0.828642772855  0.828642772662 
 0.95409547635  0.954095475514 
 1.09854114199  1.09854113808 
 1.26485521686  1.26485520193 
 1.4563484775  1.45634842355 
 1.67683293681  1.67683278658 
 1.93069772888  1.93069732906 
 2.22299648253  2.22299547612 
 2.5595479227  2.5595453193 
 2.94705170255  2.94704461907 
 3.3932217719  3.39320190148 
 3.90693993705  3.90688094932 
 4.49843266897  4.49824615293 
 5.17947467923  5.17884483681 
 5.96362331659  5.96133495621 
 6.86648845004  6.85751754916 
 7.90604321091  7.86828859641 
 9.10298177992  8.93910108242 
 10.4811313415  9.84676767509 
 12.0679264064  10.3096729855 
 13.8949549437  10.4403864808 
 15.9985871961  10.466018865 
 18.4206996933  10.4701813089 
 21.2095088792  10.4707692599 
 24.4205309455  10.4708418138 
 28.1176869797  10.4708494013 
 32.3745754282  10.470850258 
 37.2759372031  10.4708503182 
 42.9193426013  10.4708502994 
 49.4171336132  10.4708503241 
 56.8986602902  10.4708502432 
 65.512855686  10.4708503519 
 75.4312006335  10.4708503072 
 86.8511373751  10.4708503672 
 100.0  10.4708502743 
244.205309455 50 
 0.1  0.100000000001 
 0.115139539933  0.115139539932 
 0.132571136559  0.132571136557 
 0.152641796718  0.152641796715 
 0.175751062485  0.175751062482 
 0.202358964773  0.20235896477 
 0.232995181052  0.23299518105 
 0.268269579528  0.268269579528 
 0.308884359648  0.308884359651 
 0.355648030622  0.355648030632 
 0.409491506238  0.40949150623 
 0.471486636346  0.471486636338 
 0.542867543932  0.542867543976 
 0.625055192527  0.625055192407 
 0.719685673001  0.719685672719 
 0.828642772855  0.828642771834 
 0.95409547635  0.954095473262 
 1.09854114199  1.09854113203 
 1.26485521686  1.26485518626 
 1.4563484775  1.45634839151 
 1.67683293681  1.67683271156 
 1.93069772888  1.93069717575 
 2.22299648253  2.222995114 
 2.5595479227  2.55954444971 
 2.94705170255  2.94704236944 
 3.3932217719  3.39319597109 
 3.90693993705  3.90686468347 
 4.49843266897  4.49819879644 
 5.17947467923  5.17869571164 
 5.96362331659  5.96082848515 
 6.86648845004  6.85566042977 
 7.90604321091  7.86107175001 
 9.10298177992  8.91187681365 
 10.4811313415  9.77022228482 
 12.0679264064  10.1849744379 
 13.8949549437  10.2981206233 
 15.9985871961  10.3200842467 
 18.4206996933  10.323644583 
 21.2095088792  10.3241473519 
 24.4205309455  10.3242092725 
 28.1176869797  10.3242160069 
 32.3745754282  10.3242165221 
 37.2759372031  10.3242166864 
 42.9193426013  10.3242167338 
 49.4171336132  10.3242167307 
 56.8986602902  10.3242166736 
 65.512855686  10.3242165392 
 75.4312006335  10.3242165985 
 86.8511373751  10.3242171073 
 100.0  10.3242167947 
409.491506238 50 
 0.1  0.0999999999943 
 0.115139539933  0.115139539928 
 0.132571136559  0.132571136555 
 0.152641796718  0.152641796715 
 0.175751062485  0.175751062484 
 0.202358964773  0.202358964772 
 0.232995181052  0.232995181053 
 0.268269579528  0.268269579533 
 0.308884359648  0.308884359661 
 0.355648030622  0.35564803061 
 0.409491506238  0.409491506228 
 0.471486636346  0.471486636355 
 0.542867543932  0.542867543947 
 0.625055192527  0.625055192381 
 0.719685673001  0.719685673258 
 0.828642772855  0.828642772461 
 0.95409547635  0.954095477129 
 1.09854114199  1.09854112805 
 1.26485521686  1.26485517201 
 1.4563484775  1.45634836684 
 1.67683293681  1.67683263568 
 1.93069772888  1.93069699804 
 2.22299648253  2.2229947195 
 2.5595479227  2.55954343162 
 2.94705170255  2.94704006987 
 3.3932217719  3.3931900207 
 3.90693993705  3.90684842692 
 4.49843266897  4.49815118294 
 5.17947467923  5.17854587978 
 5.96362331659  5.96032047666 
 6.86648845004  6.85380263474 
 7.90604321091  7.85390697135 
 9.10298177992  8.88548027126 
 10.4811313415  9.69973364589 
 12.0679264064  10.0752110522 
 13.8949549437  10.1747981291 
 15.9985871961  10.193973296 
 18.4206996933  10.1970768829 
 21.2095088792  10.1975150935 
 24.4205309455  10.1975692097 
 28.1176869797  10.197574956 
 32.3745754282  10.1975754958 
 37.2759372031  10.1975756158 
 42.9193426013  10.1975757262 
 49.4171336132  10.1975755911 
 56.8986602902  10.1975755676 
 65.512855686  10.1975756045 
 75.4312006335  10.1975754952 
 86.8511373751  10.1975759354 
 100.0  10.1975755985 
686.648845004 50 
 0.1  0.0999999999982 
 0.115139539933  0.115139539931 
 0.132571136559  0.132571136558 
 0.152641796718  0.152641796718 
 0.175751062485  0.175751062487 
 0.202358964773  0.202358964776 
 0.232995181052  0.23299518106 
 0.268269579528  0.268269579541 
 0.308884359648  0.308884359636 
 0.355648030622  0.355648030614 
 0.409491506238  0.409491506239 
 0.471486636346  0.471486636405 
 0.542867543932  0.54286754394 
 0.625055192527  0.625055192568 
 0.719685673001  0.719685672366 
 0.828642772855  0.828642772924 
 0.95409547635  0.954095469843 
 1.09854114199  1.0985411214 
 1.26485521686  1.26485515872 
 1.4563484775  1.45634832391 
 1.67683293681  1.67683255506 
 1.93069772888  1.9306968718 
 2.22299648253  2.22299428636 
 2.5595479227  2.55954247885 
 2.94705170255  2.94703773433 
 3.3932217719  3.39318405196 
 3.90693993705  3.90683209112 
 4.49843266897  4.49810347074 
 5.17947467923  5.1783959866 
 5.96362331659  5.95981226739 
 6.86648845004  6.85194838526 
 7.90604321091  7.84680319061 
 9.10298177992  8.85988727634 
 10.4811313415  9.63447903222 
 12.0679264064  9.97733341664 
 13.8949549437  10.0661641479 
 15.9985871961  10.0831559283 
 18.4206996933  10.0859027589 
 21.2095088792  10.0862903969 
 24.4205309455  10.0863381617 
 28.1176869797  10.0863434516 
 32.3745754282  10.0863438626 
 37.2759372031  10.0863439587 
 42.9193426013  10.0863438621 
 49.4171336132  10.0863438386 
 56.8986602902  10.086343835 
 65.512855686  10.0863438244 
 75.4312006335  10.0863437564 
 86.8511373751  14.296963782 
 100.0  51.4646412182 
1151.39539933 50 
 0.1  0.100000000002 
 0.115139539933  0.115139539935 
 0.132571136559  0.132571136563 
 0.152641796718  0.152641796723 
 0.175751062485  0.175751062496 
 0.202358964773  0.202358964797 
 0.232995181052  0.23299518103 
 0.268269579528  0.268269579516 
 0.308884359648  0.308884359642 
 0.355648030622  0.355648030622 
 0.409491506238  0.409491506259 
 0.471486636346  0.471486636262 
 0.542867543932  0.542867543855 
 0.625055192527  0.625055192828 
 0.719685673001  0.719685672751 
 0.828642772855  0.828642773776 
 0.95409547635  0.954095467484 
 1.09854114199  1.09854111643 
 1.26485521686  1.26485514838 
 1.4563484775  1.45634829612 
 1.67683293681  1.67683250266 
 1.93069772888  1.93069664208 
 2.22299648253  2.22299386206 
 2.5595479227  2.55954148703 
 2.94705170255  2.94703541434 
 3.3932217719  3.39317804197 
 3.90693993705  3.90681574885 
 4.49843266897  4.4980557039 
 5.17947467923  5.17824604418 
 5.96362331659  5.95930391412 
 6.86648845004  6.85009803154 
 7.90604321091  7.83976273999 
 9.10298177992  8.83506050883 
 10.4811313415  9.57376754159 
 12.0679264064  9.88910461754 
 13.8949549437  9.96920886342 
 15.9985871961  9.98444861855 
 18.4206996933  9.98690951475 
 21.2095088792  9.98725692197 
 24.4205309455  9.98729984072 
 28.1176869797  9.987304387 
 32.3745754282  9.98730491788 
 37.2759372031  9.98730456486 
 42.9193426013  9.98730468513 
 49.4171336132  9.98730474101 
 56.8986602902  9.98730483631 
 65.512855686  9.98730480069 
 75.4312006335  36.2744927017 
 86.8511373751  56.2331103502 
 100.0  74.9054719846 
1930.69772888 50 
 0.1  0.100000000014 
 0.115139539933  0.115139539953 
 0.132571136559  0.132571136596 
 0.152641796718  0.152641796742 
 0.175751062485  0.175751062462 
 0.202358964773  0.202358964762 
 0.232995181052  0.232995181046 
 0.268269579528  0.268269579525 
 0.308884359648  0.308884359648 
 0.355648030622  0.355648030634 
 0.409491506238  0.409491506096 
 0.471486636346  0.471486636216 
 0.542867543932  0.542867543957 
 0.625055192527  0.625055192083 
 0.719685673001  0.719685672957 
 0.828642772855  0.828642769503 
 0.95409547635  0.954095466498 
 1.09854114199  1.09854111295 
 1.26485521686  1.26485517435 
 1.4563484775  1.4563482686 
 1.67683293681  1.67683241067 
 1.93069772888  1.93069652415 
 2.22299648253  2.22299345398 
 2.5595479227  2.55954056552 
 2.94705170255  2.94703304712 
 3.3932217719  3.39317205426 
 3.90693993705  3.90679939843 
 4.49843266897  4.49800786944 
 5.17947467923  5.1780960027 
 5.96362331659  5.95879631498 
 6.86648845004  6.84825223578 
 7.90604321091  7.8327857608 
 9.10298177992  8.81095890533 
 10.4811313415  9.51702842433 
 12.0679264064  9.80884951987 
 13.8949549437  9.88174135453 
 15.9985871961  9.89554554565 
 18.4206996933  9.89777302051 
 21.2095088792  9.8980871356 
 24.4205309455  9.89812601737 
 28.1176869797  9.89813001707 
 32.3745754282  9.89813109323 
 37.2759372031  9.89813029255 
 42.9193426013  9.89813062965 
 49.4171336132  9.89813039039 
 56.8986602902  25.1555039595 
 65.512855686  41.0435980448 
 75.4312006335  55.4911381805 
 86.8511373751  70.2040524863 
 100.0  85.9114949395 
3237.45754282 50 
 0.1  0.0999999999776 
 0.115139539933  0.115139539919 
 0.132571136559  0.13257113655 
 0.152641796718  0.152641796711 
 0.175751062485  0.175751062481 
 0.202358964773  0.20235896477 
 0.232995181052  0.232995181051 
 0.268269579528  0.26826957953 
 0.308884359648  0.308884359659 
 0.355648030622  0.355648030507 
 0.409491506238  0.409491506312 
 0.471486636346  0.471486636344 
 0.542867543932  0.542867544125 
 0.625055192527  0.625055191836 
 0.719685673001  0.719685673132 
 0.828642772855  0.828642767135 
 0.95409547635  0.954095474704 
 1.09854114199  1.09854110579 
 1.26485521686  1.26485512105 
 1.4563484775  1.45634823462 
 1.67683293681  1.67683232656 
 1.93069772888  1.93069631557 
 2.22299648253  2.22299304535 
 2.5595479227  2.55953962388 
 2.94705170255  2.94703100192 
 3.3932217719  3.39316604286 
 3.90693993705  3.9067830778 
 4.49843266897  4.49796009948 
 5.17947467923  5.17794590814 
 5.96362331659  5.95828890214 
 6.86648845004  6.84641111425 
 7.90604321091  7.82587140212 
 9.10298177992  8.78754350275 
 10.4811313415  9.46378843069 
 12.0679264064  9.7352869479 
 13.8949549437  9.80212192068 
 15.9985871961  9.81473055415 
 18.4206996933  9.81676346032 
 21.2095088792  9.81705009814 
 24.4205309455  9.81708556909 
 28.1176869797  9.81708937727 
 32.3745754282  9.81708980208 
 37.2759372031  9.8170898044 
 42.9193426013  17.02608908 
 49.4171336132  29.8184322374 
 56.8986602902  41.0279166175 
 65.512855686  52.3090689107 
 75.4312006335  64.2830071629 
 86.8511373751  77.3517209974 
 100.0  91.8554468636 
5428.67543932 50 
 0.1  0.0999999999959 
 0.115139539933  0.11513953993 
 0.132571136559  0.132571136557 
 0.152641796718  0.152641796716 
 0.175751062485  0.175751062485 
 0.202358964773  0.202358964774 
 0.232995181052  0.232995181056 
 0.268269579528  0.268269579543 
 0.308884359648  0.308884359554 
 0.355648030622  0.355648030605 
 0.409491506238  0.409491506233 
 0.471486636346  0.471486636373 
 0.542867543932  0.542867543801 
 0.625055192527  0.625055192436 
 0.719685673001  0.71968566803 
 0.828642772855  0.828642772772 
 0.95409547635  0.954095476649 
 1.09854114199  1.09854109881 
 1.26485521686  1.26485510587 
 1.4563484775  1.45634819868 
 1.67683293681  1.6768322557 
 1.93069772888  1.93069613026 
 2.22299648253  2.22299263314 
 2.5595479227  2.55953861341 
 2.94705170255  2.94702834906 
 3.3932217719  3.39316005818 
 3.90693993705  3.90676665969 
 4.49843266897  4.4979123485 
 5.17947467923  5.17779596552 
 5.96362331659  5.95778192674 
 6.86648845004  6.8445748749 
 7.90604321091  7.81901832956 
 9.10298177992  8.76477689685 
 10.4811313415  9.41365215861 
 12.0679264064  9.66741569888 
 13.8949549437  9.72909672335 
 15.9985871961  9.74069480454 
 18.4206996933  9.74256370906 
 21.2095088792  9.74282725698 
 24.4205309455  9.74285971968 
 28.1176869797  9.74286351778 
 32.3745754282  9.74286355686 
 37.2759372031  21.5439519096 
 42.9193426013  30.2696087766 
 49.4171336132  38.9312894281 
 56.8986602902  48.0658664674 
 65.512855686  57.9992677972 
 75.4312006335  68.9982241876 
 86.8511373751  81.3183557684 
 100.0  95.2257187278 
9102.98177992 50 
 0.1  0.1 
 0.115139539933  0.115139539933 
 0.132571136559  0.13257113656 
 0.152641796718  0.15264179672 
 0.175751062485  0.17575106249 
 0.202358964773  0.202358964783 
 0.232995181052  0.232995181107 
 0.268269579528  0.268269579505 
 0.308884359648  0.308884359637 
 0.355648030622  0.355648030618 
 0.409491506238  0.409491506247 
 0.471486636346  0.471486637296 
 0.542867543932  0.542867543735 
 0.625055192527  0.625055192659 
 0.719685673001  0.719685673085 
 0.828642772855  0.828642773173 
 0.95409547635  0.954095457403 
 1.09854114199  1.09854109456 
 1.26485521686  1.26485509393 
 1.4563484775  1.45634816282 
 1.67683293681  1.67683215506 
 1.93069772888  1.93069590917 
 2.22299648253  2.22299224989 
 2.5595479227  2.55953765492 
 2.94705170255  2.94702603071 
 3.3932217719  3.39315402542 
 3.90693993705  3.90675023384 
 4.49843266897  4.49786456233 
 5.17947467923  5.17764596242 
 5.96362331659  5.9572752567 
 6.86648845004  6.84274322548 
 7.90604321091  7.81222610096 
 9.10298177992  8.74262526519 
 10.4811313415  9.36628726311 
 12.0679264064  9.60444221916 
 13.8949549437  9.66168669838 
 15.9985871961  9.67241937008 
 18.4206996933  9.67414770149 
 21.2095088792  9.67439165191 
 24.4205309455  9.67442174252 
 28.1176869797  15.428222588 
 32.3745754282  22.2793114624 
 37.2759372031  28.940173718 
 42.9193426013  35.9142305177 
 49.4171336132  43.4680716309 
 56.8986602902  51.8117205239 
 65.512855686  61.1425199963 
 75.4312006335  71.6637645018 
 86.8511373751  83.5952175648 
 100.0  97.1806696289 
15264.1796718 50 
 0.1  0.100000000006 
 0.115139539933  0.11513953994 
 0.132571136559  0.13257113657 
 0.152641796718  0.152641796739 
 0.175751062485  0.175751062762 
 0.202358964773  0.202358964733 
 0.232995181052  0.23299518104 
 0.268269579528  0.268269579522 
 0.308884359648  0.308884359646 
 0.355648030622  0.355648030627 
 0.409491506238  0.409491506315 
 0.471486636346  0.471486636386 
 0.542867543932  0.542867543935 
 0.625055192527  0.625055193361 
 0.719685673001  0.719685672887 
 0.828642772855  0.828642767887 
 0.95409547635  0.954095460968 
 1.09854114199  1.09854109143 
 1.26485521686  1.26485507448 
 1.4563484775  1.45634811005 
 1.67683293681  1.67683207709 
 1.93069772888  1.93069575097 
 2.22299648253  2.22299181283 
 2.5595479227  2.55953667153 
 2.94705170255  2.94702367112 
 3.3932217719  3.39314803417 
 3.90693993705  3.9067339198 
 4.49843266897  4.49781672242 
 5.17947467923  5.17749613361 
 5.96362331659  5.95676858229 
 6.86648845004  6.84091627039 
 7.90604321091  7.80549331989 
 9.10298177992  8.72105708189 
 10.4811313415  9.32141108045 
 12.0679264064  9.54572541893 
 13.8949549437  9.59911167501 
 15.9985871961  9.609096242 
 18.4206996933  9.61070328663 
 21.2095088792  9.6109300992 
 24.4205309455  16.3392469429 
 28.1176869797  21.4852572949 
 32.3745754282  26.8147721864 
 37.2759372031  32.5620069009 
 42.9193426013  38.8934036766 
 49.4171336132  45.9617085593 
 56.8986602902  53.9224726601 
 65.512855686  62.9428313313 
 75.4312006335  73.2075801842 
 86.8511373751  84.9242944066 
 100.0  98.3282609319 
25595.479227 50 
 0.1  0.100000000066 
 0.115139539933  0.115139539771 
 0.132571136559  0.13257113653 
 0.152641796718  0.152641796704 
 0.175751062485  0.175751062478 
 0.202358964773  0.202358964768 
 0.232995181052  0.232995181049 
 0.268269579528  0.268269579528 
 0.308884359648  0.308884359652 
 0.355648030622  0.355648030661 
 0.409491506238  0.409491506212 
 0.471486636346  0.471486636334 
 0.542867543932  0.542867544006 
 0.625055192527  0.625055192698 
 0.719685673001  0.719685673031 
 0.828642772855  0.828642772638 
 0.95409547635  0.954095454649 
 1.09854114199  1.09854108432 
 1.26485521686  1.26485506187 
 1.4563484775  1.45634809471 
 1.67683293681  1.67683198442 
 1.93069772888  1.93069559549 
 2.22299648253  2.22299136198 
 2.5595479227  2.55953575781 
 2.94705170255  2.94702129814 
 3.3932217719  3.39314196476 
 3.90693993705  3.90671760458 
 4.49843266897  4.49776900878 
 5.17947467923  5.1773462625 
 5.96362331659  5.95626308764 
 6.86648845004  6.83909400884 
 7.90604321091  7.79881918267 
 9.10298177992  8.70004472002 
 10.4811313415  9.27878181877 
 12.0679264064  9.49074101156 
 13.8949549437  9.54074240402 
 15.9985871961  9.55007357329 
 18.4206996933  9.55157513825 
 21.2095088792  15.9087139431 
 24.4205309455  20.0044235034 
 28.1176869797  24.3802717996 
 32.3745754282  29.1864023896 
 37.2759372031  34.5420280342 
 42.9193426013  40.5663717591 
 49.4171336132  47.3866483485 
 56.8986602902  55.1430011861 
 65.512855686  63.9925259476 
 75.4312006335  74.1130768108 
 86.8511373751  85.7071984433 
 100.0  99.0063907207 
42919.3426013 50 
 0.1  0.0999999999923 
 0.115139539933  0.115139539927 
 0.132571136559  0.132571136555 
 0.152641796718  0.152641796715 
 0.175751062485  0.175751062484 
 0.202358964773  0.202358964772 
 0.232995181052  0.232995181053 
 0.268269579528  0.268269579534 
 0.308884359648  0.308884359688 
 0.355648030622  0.355648030598 
 0.409491506238  0.409491506227 
 0.471486636346  0.471486636357 
 0.542867543932  0.542867542937 
 0.625055192527  0.625055192341 
 0.719685673001  0.719685673816 
 0.828642772855  0.828642772695 
 0.95409547635  0.954095452104 
 1.09854114199  1.09854107473 
 1.26485521686  1.26485505243 
 1.4563484775  1.4563480601 
 1.67683293681  1.67683194183 
 1.93069772888  1.93069536151 
 2.22299648253  2.22299098427 
 2.5595479227  2.55953480675 
 2.94705170255  2.9470190887 
 3.3932217719  3.39313603107 
 3.90693993705  3.90670122623 
 4.49843266897  4.49772128429 
 5.17947467923  5.17719645436 
 5.96362331659  5.95575750274 
 6.86648845004  6.83727619448 
 7.90604321091  7.79220228309 
 9.10298177992  8.67955855445 
 10.4811313415  9.23819097368 
 12.0679264064  9.43905520842 
 13.8949549437  9.48606500088 
 15.9985871961  9.49482040513 
 18.4206996933  14.8719881455 
 21.2095088792  18.2428181467 
 24.4205309455  21.8945458622 
 28.1176869797  25.9535889027 
 32.3745754282  30.5132988816 
 37.2759372031  35.6706926366 
 42.9193426013  41.5321085741 
 49.4171336132  48.2164740614 
 56.8986602902  55.858255075 
 65.512855686  64.6104633242 
 75.4312006335  74.6478978164 
 86.8511373751  86.1707432121 
 100.0  99.4086284232 
71968.5673001 50 
 0.1  0.0999999999983 
 0.115139539933  0.115139539932 
 0.132571136559  0.132571136559 
 0.152641796718  0.152641796718 
 0.175751062485  0.175751062487 
 0.202358964773  0.202358964777 
 0.232995181052  0.232995181063 
 0.268269579528  0.268269579855 
 0.308884359648  0.308884359629 
 0.355648030622  0.355648030614 
 0.409491506238  0.40949150624 
 0.471486636346  0.471486636435 
 0.542867543932  0.54286754424 
 0.625055192527  0.625055192579 
 0.719685673001  0.719685672307 
 0.828642772855  0.828642773017 
 0.95409547635  0.95409544857 
 1.09854114199  1.09854108046 
 1.26485521686  1.26485503817 
 1.4563484775  1.45634802619 
 1.67683293681  1.6768318369 
 1.93069772888  1.93069524483 
 2.22299648253  2.22299059784 
 2.5595479227  2.55953381651 
 2.94705170255  2.9470166088 
 3.3932217719  3.39313020295 
 3.90693993705  3.90668483269 
 4.49843266897  4.49767343665 
 5.17947467923  5.17704659534 
 5.96362331659  5.95525246044 
 6.86648845004  6.83546307067 
 7.90604321091  7.78564226683 
 9.10298177992  8.65957487282 
 10.4811313415  9.19945733251 
 12.0679264064  9.39030441056 
 13.8949549437  9.43465088414 
 15.9985871961  13.547440737 
 18.4206996933  16.4121197183 
 21.2095088792  19.4954057336 
 24.4205309455  22.9476103002 
 28.1176869797  26.8480670661 
 32.3745754282  31.2778830117 
 37.2759372031  36.3271431524 
 42.9193426013  42.0975304802 
 49.4171336132  48.7046514955 
 56.8986602902  56.2805032554 
 65.512855686  64.9762003584 
 75.4312006335  74.9650446454 
 86.8511373751  86.4460134372 
 100.0  99.6477451081 
120679.264064 50 
 0.1  0.100000000002 
 0.115139539933  0.115139539936 
 0.132571136559  0.132571136563 
 0.152641796718  0.152641796725 
 0.175751062485  0.1757510625 
 0.202358964773  0.202358964864 
 0.232995181052  0.232995181012 
 0.268269579528  0.268269579517 
 0.308884359648  0.308884359643 
 0.355648030622  0.355648030623 
 0.409491506238  0.409491506264 
 0.471486636346  0.47148663627 
 0.542867543932  0.542867543853 
 0.625055192527  0.625055192712 
 0.719685673001  0.719685672777 
 0.828642772855  0.828642774158 
 0.95409547635  0.954095445467 
 1.09854114199  1.09854107013 
 1.26485521686  1.26485502344 
 1.4563484775  1.45634798804 
 1.67683293681  1.67683178483 
 1.93069772888  1.93069496759 
 2.22299648253  2.22299020131 
 2.5595479227  2.5595328259 
 2.94705170255  2.9470142981 
 3.3932217719  3.39312400671 
 3.90693993705  3.9066685757 
 4.49843266897  4.49762570548 
 5.17947467923  5.17689692983 
 5.96362331659  5.95474706599 
 6.86648845004  6.83365481574 
 7.90604321091  7.77913774265 
 9.10298177992  8.64006995403 
 10.4811313415  9.16242268155 
 12.0679264064  9.34418143176 
 13.8949549437  12.0048694972 
 15.9985871961  14.6209336131 
 18.4206996933  17.2531519012 
 21.2095088792  20.2049135051 
 24.4205309455  23.5532175982 
 28.1176869797  27.3676105765 
 32.3745754282  31.7251018872 
 37.2759372031  36.7130547361 
 42.9193426013  42.431153429 
 49.4171336132  48.9934773424 
 56.8986602902  56.5308235186 
 65.512855686  65.1933425291 
 75.4312006335  75.153547669 
 86.8511373751  86.6097623097 
 100.0  99.7900761273 
202358.964773 50 
 0.1  0.100000000019 
 0.115139539933  0.115139539964 
 0.132571136559  0.132571136768 
 0.152641796718  0.152641796561 
 0.175751062485  0.175751062465 
 0.202358964773  0.202358964763 
 0.232995181052  0.232995181046 
 0.268269579528  0.268269579525 
 0.308884359648  0.308884359649 
 0.355648030622  0.355648030637 
 0.409491506238  0.409491506094 
 0.471486636346  0.471486636233 
 0.542867543932  0.542867543963 
 0.625055192527  0.625055192173 
 0.719685673001  0.71968567297 
 0.828642772855  0.828642770029 
 0.95409547635  0.95409544491 
 1.09854114199  1.09854106651 
 1.26485521686  1.26485500359 
 1.4563484775  1.45634796007 
 1.67683293681  1.67683169317 
 1.93069772888  1.93069481607 
 2.22299648253  2.22298979106 
 2.5595479227  2.55953188067 
 2.94705170255  2.94701193908 
 3.3932217719  3.39311804975 
 3.90693993705  3.90665212827 
 4.49843266897  4.49757789434 
 5.17947467923  5.17674727097 
 5.96362331659  5.95424331733 
 6.86648845004  6.83185082901 
 7.90604321091  7.77268792989 
 9.10298177992  8.62102206812 
 10.4811313415  9.1269482688 
 12.0679264064  9.3004252235 
 13.8949549437  12.9104922888 
 15.9985871961  15.1981490956 
 18.4206996933  17.7341441981 
 21.2095088792  20.6163271294 
 24.4205309455  23.907081923 
 28.1176869797  27.6728122798 
 32.3745754282  31.9888372169 
 37.2759372031  36.9412845032 
 42.9193426013  42.6288753304 
 49.4171336132  49.1649183047 
 56.8986602902  56.6795819361 
 65.512855686  65.3224968018 
 75.4312006335  75.2657410341 
 86.8511373751  86.7072703649 
 100.0  99.8748617119 
339322.17719 50 
 0.1  0.099999999982 
 0.115139539933  0.115139539921 
 0.132571136559  0.132571136551 
 0.152641796718  0.152641796712 
 0.175751062485  0.175751062482 
 0.202358964773  0.20235896477 
 0.232995181052  0.232995181051 
 0.268269579528  0.26826957953 
 0.308884359648  0.308884359661 
 0.355648030622  0.355648030454 
 0.409491506238  0.409491506713 
 0.471486636346  0.471486636346 
 0.542867543932  0.54286754419 
 0.625055192527  0.625055192009 
 0.719685673001  0.719685673198 
 0.828642772855  0.828642772706 
 0.95409547635  0.954095442956 
 1.09854114199  1.09854105944 
 1.26485521686  1.26485499638 
 1.4563484775  1.45634792633 
 1.67683293681  1.67683160914 
 1.93069772888  1.93069468207 
 2.22299648253  2.22298936066 
 2.5595479227  2.55953097614 
 2.94705170255  2.947009679 
 3.3932217719  3.39311203647 
 3.90693993705  3.90663581551 
 4.49843266897  4.49753023343 
 5.17947467923  5.17659746003 
 5.96362331659  5.95373951826 
 6.86648845004  6.8300514271 
 7.90604321091  7.76629203719 
 9.10298177992  8.6024104421 
 10.4811313415  9.09291041967 
 12.0679264064  11.2035736552 
 13.8949549437  13.3348722329 
 15.9985871961  15.5277314897 
 18.4206996933  18.0145428852 
 21.2095088792  20.8577960427 
 24.4205309455  24.1156437791 
 28.1176869797  27.8532340971 
 32.3745754282  32.1450914722 
 37.2759372031  37.0767253905 
 42.9193426013  42.7463555329 
 49.4171336132  49.2668765699 
 56.8986602902  56.7681113698 
 65.512855686  65.3993990189 
 75.4312006335  75.3325701078 
 86.8511373751  86.7653689058 
 100.0  99.9253908476 
568986.602902 50 
 0.1  0.0999999999965 
 0.115139539933  0.11513953993 
 0.132571136559  0.132571136557 
 0.152641796718  0.152641796717 
 0.175751062485  0.175751062486 
 0.202358964773  0.202358964774 
 0.232995181052  0.232995181056 
 0.268269579528  0.268269579547 
 0.308884359648  0.308884359589 
 0.355648030622  0.355648030607 
 0.409491506238  0.409491506234 
 0.471486636346  0.471486636378 
 0.542867543932  0.54286754384 
 0.625055192527  0.625055192447 
 0.719685673001  0.719685670435 
 0.828642772855  0.828642772825 
 0.95409547635  0.954095438946 
 1.09854114199  1.09854105872 
 1.26485521686  1.26485498116 
 1.4563484775  1.45634788934 
 1.67683293681  1.6768315201 
 1.93069772888  1.93069446767 
 2.22299648253  2.22298893851 
 2.5595479227  2.55952995959 
 2.94705170255  2.94700729327 
 3.3932217719  3.39310601694 
 3.90693993705  3.90661945402 
 4.49843266897  4.49748245745 
 5.17947467923  5.17644790343 
 5.96362331659  5.95323566233 
 6.86648845004  6.82825656708 
 7.90604321091  7.75994902951 
 9.10298177992  8.58421658174 
 10.4811313415  9.06020131023 
 12.0679264064  11.6420213784 
 13.8949549437  13.5684190377 
 15.9985871961  15.719932294 
 18.4206996933  18.1796149702 
 21.2095088792  21.0004719949 
 24.4205309455  24.2391688186 
 28.1176869797  27.9602777213 
 32.3745754282  32.23791598 
 37.2759372031  37.1572629439 
 42.9193426013  42.8162634268 
 49.4171336132  49.3275807987 
 56.8986602902  56.8208417191 
 65.512855686  65.4452179038 
 75.4312006335  75.3723964978 
 86.8511373751  86.799998378 
 100.0  99.9555125269 
954095.47635 50 
 0.1  0.1 
 0.115139539933  0.115139539934 
 0.132571136559  0.132571136561 
 0.152641796718  0.152641796721 
 0.175751062485  0.175751062491 
 0.202358964773  0.202358964785 
 0.232995181052  0.232995181182 
 0.268269579528  0.268269579501 
 0.308884359648  0.308884359638 
 0.355648030622  0.355648030619 
 0.409491506238  0.409491506249 
 0.471486636346  0.471486635537 
 0.542867543932  0.542867543777 
 0.625055192527  0.625055192683 
 0.719685673001  0.719685673712 
 0.828642772855  0.828642773161 
 0.95409547635  0.954095436167 
 1.09854114199  1.09854104821 
 1.26485521686  1.26485497072 
 1.4563484775  1.45634785032 
 1.67683293681  1.67683143798 
 1.93069772888  1.93069426702 
 2.22299648253  2.22298853156 
 2.5595479227  2.55952901522 
 2.94705170255  2.94700494213 
 3.3932217719  3.39310000359 
 3.90693993705  3.90660310128 
 4.49843266897  4.4974346208 
 5.17947467923  5.17629821521 
 5.96362331659  5.95273253232 
 6.86648845004  6.82646637019 
 7.90604321091  7.75365810101 
 9.10298177992  8.56642180025 
 10.4811313415  9.02872347102 
 12.0679264064  11.8315969644 
 13.8949549437  13.7025650472 
 15.9985871961  15.8331409237 
 18.4206996933  18.2773215536 
 21.2095088792  21.0850973749 
 24.4205309455  24.3125360674 
 28.1176869797  28.0239202445 
 32.3745754282  32.2931463199 
 37.2759372031  37.2052097663 
 42.9193426013  42.8578997908 
 49.4171336132  49.3637471487 
 56.8986602902  56.8522649702 
 65.512855686  65.472527408 
 75.4312006335  75.396137532 
 86.8511373751  86.8206435897 
 100.0  99.9734716981 
1599858.71961 50 
 0.1  0.100000000007 
 0.115139539933  0.115139539942 
 0.132571136559  0.132571136573 
 0.152641796718  0.152641796748 
 0.175751062485  0.175751062366 
 0.202358964773  0.202358964746 
 0.232995181052  0.232995181042 
 0.268269579528  0.268269579523 
 0.308884359648  0.308884359646 
 0.355648030622  0.355648030629 
 0.409491506238  0.409491506347 
 0.471486636346  0.471486636453 
 0.542867543932  0.542867543941 
 0.625055192527  0.625055192449 
 0.719685673001  0.719685672907 
 0.828642772855  0.828642759003 
 0.95409547635  0.954095444017 
 1.09854114199  1.09854102418 
 1.26485521686  1.26485494949 
 1.4563484775  1.45634780888 
 1.67683293681  1.67683133412 
 1.93069772888  1.93069409326 
 2.22299648253  2.22298812942 
 2.5595479227  2.55952803551 
 2.94705170255  2.94700250631 
 3.3932217719  3.39309403549 
 3.90693993705  3.90658669498 
 4.49843266897  4.49738689306 
 5.17947467923  5.1761486933 
 5.96362331659  5.95222972297 
 6.86648845004  6.8246803994 
 7.90604321091  7.74741875177 
 9.10298177992  8.54901054515 
 10.4811313415  10.2714376325 
 12.0679264064  11.9319187559 
 13.8949549437  13.7809989783 
 15.9985871961  15.9001760878 
 18.4206996933  18.3353336987 
 21.2095088792  21.1354029553 
 24.4205309455  24.3561844375 
 28.1176869797  28.0618056687 
 32.3745754282  32.3260388029 
 37.2759372031  37.2337741449 
 42.9193426013  42.8827109791 
 49.4171336132  49.3853028499 
 56.8986602902  56.8709963972 
 65.512855686  65.4888083877 
 75.4312006335  75.4102922653 
 86.8511373751  86.832953305 
 100.0  99.984180356 
2682695.79528 50 
 0.1  0.100000000302 
 0.115139539933  0.115139539878 
 0.132571136559  0.132571136539 
 0.152641796718  0.152641796706 
 0.175751062485  0.175751062479 
 0.202358964773  0.20235896477 
 0.232995181052  0.23299518105 
 0.268269579528  0.26826957953 
 0.308884359648  0.308884359655 
 0.355648030622  0.355648030677 
 0.409491506238  0.409491506223 
 0.471486636346  0.471486636341 
 0.542867543932  0.542867544029 
 0.625055192527  0.625055192979 
 0.719685673001  0.719685673076 
 0.828642772855  0.828642773884 
 0.95409547635  0.9540954342 
 1.09854114199  1.09854103931 
 1.26485521686  1.26485493332 
 1.4563484775  1.45634776659 
 1.67683293681  1.67683128655 
 1.93069772888  1.93069390585 
 2.22299648253  2.22298761563 
 2.5595479227  2.55952704959 
 2.94705170255  2.94700065536 
 3.3932217719  3.39308800658 
 3.90693993705  3.90657035082 
 4.49843266897  4.49733933293 
 5.17947467923  5.17599913339 
 5.96362331659  5.95172732021 
 6.86648845004  6.82289901198 
 7.90604321091  7.74122974503 
 9.10298177992  8.53196729559 
 10.4811313415  10.3754095466 
 12.0679264064  11.9883657153 
 13.8949549437  13.827262036 
 15.9985871961  15.9399879525 
 18.4206996933  18.3698398888 
 21.2095088792  21.1653462175 
 24.4205309455  24.382177528 
 28.1176869797  28.0843748279 
 32.3745754282  32.3456387577 
 37.2759372031  37.2507984698 
 42.9193426013  42.8975006323 
 49.4171336132  49.3981534017 
 56.8986602902  56.8821641963 
 65.512855686  65.498515838 
 75.4312006335  75.4187323617 
 86.8511373751  86.8402935339 
 100.0  99.9905660575 
4498432.66897 50 
 0.1  0.0999999999937 
 0.115139539933  0.115139539931 
 0.132571136559  0.132571136557 
 0.152641796718  0.152641796715 
 0.175751062485  0.175751062487 
 0.202358964773  0.202358964774 
 0.232995181052  0.232995181056 
 0.268269579528  0.268269579539 
 0.308884359648  0.308884359712 
 0.355648030622  0.355648030611 
 0.409491506238  0.409491506232 
 0.471486636346  0.47148663636 
 0.542867543932  0.542867543455 
 0.625055192527  0.625055192408 
 0.719685673001  0.719685674108 
 0.828642772855  0.828642773592 
 0.95409547635  0.954095436958 
 1.09854114199  1.09854103349 
 1.26485521686  1.26485492082 
 1.4563484775  1.45634773994 
 1.67683293681  1.67683122469 
 1.93069772888  1.93069372186 
 2.22299648253  2.22298731926 
 2.5595479227  2.55952615454 
 2.94705170255  2.94699800837 
 3.3932217719  3.39308200964 
 3.90693993705  3.90655396531 
 4.49843266897  4.49729150291 
 5.17947467923  5.17584970427 
 5.96362331659  5.95122534533 
 6.86648845004  6.82112199401 
 7.90604321091  7.73509068569 
 9.10298177992  8.51527585377 
 10.4811313415  10.4227082926 
 12.0679264064  12.020993993 
 13.8949549437  13.8546779758 
 15.9985871961  15.963672376 
 18.4206996933  18.3903862796 
 21.2095088792  21.1831830444 
 24.4205309455  24.3976656606 
 28.1176869797  28.0978256116 
 32.3745754282  32.3573217949 
 37.2759372031  37.2609474444 
 42.9193426013  42.9063182068 
 49.4171336132  49.4058154036 
 56.8986602902  56.8888232136 
 65.512855686  65.5043043159 
 75.4312006335  75.4237652718 
 86.8511373751  86.8446706779 
 100.0  99.9943740577 
7543120.06335 50 
 0.1  0.100000000001 
 0.115139539933  0.115139539938 
 0.132571136559  0.132571136566 
 0.152641796718  0.15264179672 
 0.175751062485  0.175751062494 
 0.202358964773  0.202358964778 
 0.232995181052  0.232995181074 
 0.268269579528  0.268269579325 
 0.308884359648  0.308884359648 
 0.355648030622  0.355648030615 
 0.409491506238  0.409491506255 
 0.471486636346  0.471486636464 
 0.542867543932  0.542867545349 
 0.625055192527  0.625055192739 
 0.719685673001  0.719685672091 
 0.828642772855  0.828642773488 
 0.95409547635  0.954095428169 
 1.09854114199  1.09854102687 
 1.26485521686  1.26485490787 
 1.4563484775  1.45634771593 
 1.67683293681  1.6768311162 
 1.93069772888  1.93069353896 
 2.22299648253  2.2229868727 
 2.5595479227  2.55952518913 
 2.94705170255  2.94699557371 
 3.3932217719  3.39307600496 
 3.90693993705  3.90653776563 
 4.49843266897  4.49724374678 
 5.17947467923  5.17570028253 
 5.96362331659  5.95072355216 
 6.86648845004  6.81934959296 
 7.90604321091  7.72900019305 
 9.10298177992  9.04887658373 
 10.4811313415  10.4476571016 
 12.0679264064  12.0401137004 
 13.8949549437  13.8709677518 
 15.9985871961  15.9777764861 
 18.4206996933  18.402628111 
 21.2095088792  21.19381309 
 24.4205309455  24.4068975262 
 28.1176869797  28.105844094 
 32.3745754282  32.3642871155 
 37.2759372031  37.2669985992 
 42.9193426013  42.911575817 
 49.4171336132  49.4103841699 
 56.8986602902  56.8927940317 
 65.512855686  65.5077561043 
 75.4312006335  75.4267665513 
 86.8511373751  86.8472809378 
 100.0  99.9966449375 
12648552.1686 50 
 0.1  0.100000000011 
 0.115139539933  0.115139539936 
 0.132571136559  0.132571136578 
 0.152641796718  0.152641796732 
 0.175751062485  0.175751062504 
 0.202358964773  0.202358964761 
 0.232995181052  0.232995181041 
 0.268269579528  0.268269579519 
 0.308884359648  0.308884359662 
 0.355648030622  0.355648030626 
 0.409491506238  0.409491506306 
 0.471486636346  0.471486636313 
 0.542867543932  0.542867543994 
 0.625055192527  0.625055192817 
 0.719685673001  0.719685672162 
 0.828642772855  0.828642774761 
 0.95409547635  0.954095425984 
 1.09854114199  1.09854102405 
 1.26485521686  1.26485489242 
 1.4563484775  1.45634766386 
 1.67683293681  1.67683105562 
 1.93069772888  1.93069337375 
 2.22299648253  2.22298647996 
 2.5595479227  2.55952418367 
 2.94705170255  2.94699318227 
 3.3932217719  3.39307001962 
 3.90693993705  3.90652124683 
 4.49843266897  4.49719606271 
 5.17947467923  5.17555090774 
 5.96362331659  5.95022136867 
 6.86648845004  6.81758134043 
 7.90604321091  7.72295794853 
 9.10298177992  9.07641692272 
 10.4811313415  10.4616092061 
 12.0679264064  12.0514011523 
 13.8949549437  13.8806613453 
 15.9985871961  15.9861804356 
 18.4206996933  18.4099246832 
 21.2095088792  21.2001499044 
 24.4205309455  24.4124014031 
 28.1176869797  28.1106249281 
 32.3745754282  32.3684402587 
 37.2759372031  37.2706068137 
 42.9193426013  42.9147109523 
 49.4171336132  49.4131086099 
 56.8986602902  56.895161947 
 65.512855686  65.509814535 
 75.4312006335  75.428556345 
 86.8511373751  86.8488375616 
 100.0  99.9979991805 
21209508.8792 50 
 0.1  0.100000000042 
 0.115139539933  0.115139539988 
 0.132571136559  0.132571136405 
 0.152641796718  0.152641796679 
 0.175751062485  0.175751062472 
 0.202358964773  0.202358964772 
 0.232995181052  0.232995181047 
 0.268269579528  0.268269579534 
 0.308884359648  0.30888435965 
 0.355648030622  0.355648030656 
 0.409491506238  0.409491506205 
 0.471486636346  0.471486636308 
 0.542867543932  0.542867543985 
 0.625055192527  0.625055191973 
 0.719685673001  0.719685671922 
 0.828642772855  0.82864276935 
 0.95409547635  0.954095429752 
 1.09854114199  1.09854101786 
 1.26485521686  1.26485487966 
 1.4563484775  1.45634763535 
 1.67683293681  1.67683095401 
 1.93069772888  1.93069322852 
 2.22299648253  2.22298608716 
 2.5595479227  2.55952322198 
 2.94705170255  2.94699084277 
 3.3932217719  3.3930640297 
 3.90693993705  3.90650488137 
 4.49843266897  4.49714829685 
 5.17947467923  5.17540154812 
 5.96362331659  5.94972115298 
 6.86648845004  6.81581756572 
 7.90604321091  7.7169634146 
 9.10298177992  9.08848623858 
 10.4811313415  10.4696373747 
 12.0679264064  12.0580928432 
 13.8949549437  13.8864348366 
 15.9985871961  15.9911896787 
 18.4206996933  18.4142746652 
 21.2095088792  21.2039280377 
 24.4205309455  24.4156831181 
 28.1176869797  28.1134756513 
 32.3745754282  32.3709167838 
 37.2759372031  37.2727584511 
 42.9193426013  42.9165805202 
 49.4171336132  49.4147332921 
 56.8986602902  56.8965740358 
 65.512855686  65.511042075 
 75.4312006335  75.4296236905 
 86.8511373751  86.8497658602 
 100.0  99.9988067914 
35564803.0622 50 
 0.1  0.100000000007 
 0.115139539933  0.115139539935 
 0.132571136559  0.132571136556 
 0.152641796718  0.152641796732 
 0.175751062485  0.175751062494 
 0.202358964773  0.202358964788 
 0.232995181052  0.232995181057 
 0.268269579528  0.268269579552 
 0.308884359648  0.308884359678 
 0.355648030622  0.355648030569 
 0.409491506238  0.409491506826 
 0.471486636346  0.471486636464 
 0.542867543932  0.542867544422 
 0.625055192527  0.625055191661 
 0.719685673001  0.719685673261 
 0.828642772855  0.828642770315 
 0.95409547635  0.954095421705 
 1.09854114199  1.09854101152 
 1.26485521686  1.26485486516 
 1.4563484775  1.45634755762 
 1.67683293681  1.67683088586 
 1.93069772888  1.93069300338 
 2.22299648253  2.22298565468 
 2.5595479227  2.55952230385 
 2.94705170255  2.94698864152 
 3.3932217719  3.39305803427 
 3.90693993705  3.90648849138 
 4.49843266897  4.49710073649 
 5.17947467923  5.17525219525 
 5.96362331659  5.94922060424 
 6.86648845004  6.81405839312 
 7.90604321091  7.89231767348 
 9.10298177992  9.09473244704 
 10.4811313415  10.4743278654 
 12.0679264064  12.0620696176 
 13.8949549437  13.8898753115 
 15.9985871961  15.9941760953 
 18.4206996933  18.4168683266 
 21.2095088792  21.2061808528 
 24.4205309455  24.4176399995 
 28.1176869797  28.1151755779 
 32.3745754282  32.3723936001 
 37.2759372031  37.2740415477 
 42.9193426013  42.9176954215 
 49.4171336132  49.4157021661 
 56.8986602902  56.8974161358 
 65.512855686  65.5117741227 
 75.4312006335  75.4302602081 
 86.8511373751  86.8503194579 
 100.0  99.999288417 
59636233.1659 50 
 0.1  0.100000000031 
 0.115139539933  0.11513953995 
 0.132571136559  0.132571136573 
 0.152641796718  0.152641796738 
 0.175751062485  0.175751062505 
 0.202358964773  0.202358964796 
 0.232995181052  0.232995181077 
 0.268269579528  0.26826957958 
 0.308884359648  0.308884359639 
 0.355648030622  0.355648030658 
 0.409491506238  0.409491506258 
 0.471486636346  0.47148663642 
 0.542867543932  0.542867543722 
 0.625055192527  0.625055192304 
 0.719685673001  0.719685670728 
 0.828642772855  0.828642769382 
 0.95409547635  0.954095419547 
 1.09854114199  1.09854100725 
 1.26485521686  1.26485485089 
 1.4563484775  1.45634756193 
 1.67683293681  1.67683080596 
 1.93069772888  1.93069285387 
 2.22299648253  2.22298523008 
 2.5595479227  2.55952128113 
 2.94705170255  2.94698620878 
 3.3932217719  3.3930520401 
 3.90693993705  3.90647227804 
 4.49843266897  4.49705295403 
 5.17947467923  5.17510292022 
 5.96362331659  5.94872031091 
 6.86648845004  6.81230343483 
 7.90604321091  7.89944316286 
 9.10298177992  9.09818909681 
 10.4811313415  10.4770918409 
 12.0679264064  12.0644363207 
 13.8949549437  13.8919261533 
 15.9985871961  15.9959567595 
 18.4206996933  18.4184149094 
 21.2095088792  21.2075242327 
 24.4205309455  24.4188069354 
 28.1176869797  28.1161893012 
 32.3745754282  32.3732742858 
 37.2759372031  37.2748067172 
 42.9193426013  42.9183602929 
 49.4171336132  49.4162799571 
 56.8986602902  56.8979183266 
 65.512855686  65.5122106845 
 75.4312006335  75.4306398006 
 86.8511373751  86.850649601 
 100.0  99.9995756393 
100000000.0 50 
 0.1  0.100000000013 
 0.115139539933  0.115139539956 
 0.132571136559  0.132571136582 
 0.152641796718  0.152641796785 
 0.175751062485  0.175751062513 
 0.202358964773  0.202358964811 
 0.232995181052  0.232995180511 
 0.268269579528  0.268269579538 
 0.308884359648  0.308884359676 
 0.355648030622  0.355648030672 
 0.409491506238  0.409491506305 
 0.471486636346  0.471486636156 
 0.542867543932  0.54286754357 
 0.625055192527  0.625055192334 
 0.719685673001  0.719685675194 
 0.828642772855  0.828642768914 
 0.95409547635  0.954095417402 
 1.09854114199  1.09854100274 
 1.26485521686  1.26485483698 
 1.4563484775  1.45634754102 
 1.67683293681  1.67683073515 
 1.93069772888  1.93069261432 
 2.22299648253  2.22298486086 
 2.5595479227  2.55952034657 
 2.94705170255  2.94698389904 
 3.3932217719  3.39304606063 
 3.90693993705  3.90645581645 
 4.49843266897  4.49700524734 
 5.17947467923  5.17495360846 
 5.96362331659  5.94822090314 
 6.86648845004  6.81055241454 
 7.90604321091  7.9024709956 
 9.10298177992  9.10016621956 
 10.4811313415  10.4787286098 
 12.0679264064  12.0658460021 
 13.8949549437  13.8931488687 
 15.9985871961  15.9970185659 
 18.4206996933  18.4193371694 
 21.2095088792  21.2083253332 
 24.4205309455  24.4195028254 
 28.1176869797  28.1167938303 
 32.3745754282  32.3737994821 
 37.2759372031  37.275263028 
 42.9193426013  42.9187567923 
 49.4171336132  49.4166245266 
 56.8986602902  56.8982178122 
 65.512855686  65.5124710321 
 75.4312006335  75.4308661744 
 86.8511373751  86.8508464853 
 100.0  99.9997469275 
