0.001 50 
 0.1  0.1 
 0.115139539933  0.115139539933 
 0.132571136559  0.132571136559 
 0.152641796718  0.152641796718 
 0.175751062485  0.175751062485 
 0.202358964773  0.202358964773 
 0.232995181052  0.232995181052 
 0.268269579528  0.268269579528 
 0.308884359648  0.308884359648 
 0.355648030622  0.355648030622 
 0.409491506238  0.409491506238 
 0.471486636346  0.471486636346 
 0.542867543932  0.542867543932 
 0.625055192527  0.625055192527 
 0.719685673001  0.719685673001 
 0.828642772855  0.828642772855 
 0.95409547635  0.95409547635 
 1.09854114199  1.09854114199 
 1.26485521686  1.26485521686 
 1.4563484775  1.4563484775 
 1.67683293681  1.67683293681 
 1.93069772888  1.93069772888 
 2.22299648253  2.22299648253 
 2.5595479227  2.5595479227 
 2.94705170255  2.94705170255 
 3.3932217719  3.3932217719 
 3.90693993705  3.90693993705 
 4.49843266897  4.49843266897 
 5.17947467923  5.17947467923 
 5.96362331659  5.96362331659 
 6.86648845004  6.86648845004 
 7.90604321091  7.9060432109 
 9.10298177992  9.1029817799 
 10.4811313415  10.4811313414 
 12.0679264064  12.0679264055 
 13.8949549437  13.8949549362 
 15.9985871961  15.998587126 
 18.4206996933  18.4206989478 
 21.2095088792  21.2094997719 
 24.4205309455  24.4204021453 
 28.1176869797  28.1155602153 
 32.3745754282  32.333649987 
 37.2759372031  36.7282988588 
 42.9193426013  42.1279107671 
 49.4171336132  48.4890535925 
 56.8986602902  55.8190582644 
 65.512855686  64.2573463914 
 75.4312006335  73.9711353172 
 86.8511373751  85.1531904932 
 100.0  98.0254167315 
0.00167683293681 50 
 0.1  0.1 
 0.115139539933  0.115139539933 
 0.132571136559  0.132571136559 
 0.152641796718  0.152641796718 
 0.175751062485  0.175751062485 
 0.202358964773  0.202358964773 
 0.232995181052  0.232995181052 
 0.268269579528  0.268269579528 
 0.308884359648  0.308884359648 
 0.355648030622  0.355648030622 
 0.409491506238  0.409491506238 
 0.471486636346  0.471486636346 
 0.542867543932  0.542867543932 
 0.625055192527  0.625055192527 
 0.719685673001  0.719685673001 
 0.828642772855  0.828642772855 
 0.95409547635  0.95409547635 
 1.09854114199  1.09854114199 
 1.26485521686  1.26485521686 
 1.4563484775  1.4563484775 
 1.67683293681  1.67683293681 
 1.93069772888  1.93069772888 
 2.22299648253  2.22299648253 
 2.5595479227  2.5595479227 
 2.94705170255  2.94705170255 
 3.3932217719  3.3932217719 
 3.90693993705  3.90693993705 
 4.49843266897  4.49843266897 
 5.17947467923  5.17947467923 
 5.96362331659  5.96362331659 
 6.86648845004  6.86648845004 
 7.90604321091  7.90604321091 
 9.10298177992  9.10298177986 
 10.4811313415  10.4811313412 
 12.0679264064  12.0679264038 
 13.8949549437  13.8949549227 
 15.9985871961  15.9985869991 
 18.4206996933  18.4206975971 
 21.2095088792  21.2094832717 
 24.4205309455  24.4201688226 
 28.1176869797  28.1117153783 
 32.3745754282  32.2622476834 
 37.2759372031  36.2836456291 
 42.9193426013  41.5973148584 
 49.4171336132  47.8713561578 
 56.8986602902  55.1008102922 
 65.512855686  63.4222199809 
 75.4312006335  73.0001153767 
 86.8511373751  84.0241673758 
 100.0  96.7126841242 
0.00281176869797 50 
 0.1  0.1 
 0.115139539933  0.115139539933 
 0.132571136559  0.132571136559 
 0.152641796718  0.152641796718 
 0.175751062485  0.175751062485 
 0.202358964773  0.202358964773 
 0.232995181052  0.232995181052 
 0.268269579528  0.268269579528 
 0.308884359648  0.308884359648 
 0.355648030622  0.355648030622 
 0.409491506238  0.409491506238 
 0.471486636346  0.471486636346 
 0.542867543932  0.542867543932 
 0.625055192527  0.625055192527 
 0.719685673001  0.719685673001 
 0.828642772855  0.828642772855 
 0.95409547635  0.95409547635 
 1.09854114199  1.09854114199 
 1.26485521686  1.26485521686 
 1.4563484775  1.4563484775 
 1.67683293681  1.67683293681 
 1.93069772888  1.93069772888 
 2.22299648253  2.22299648253 
 2.5595479227  2.5595479227 
 2.94705170255  2.94705170255 
 3.3932217719  3.3932217719 
 3.90693993705  3.90693993705 
 4.49843266897  4.49843266897 
 5.17947467923  5.17947467923 
 5.96362331659  5.96362331659 
 6.86648845004  6.86648845005 
 7.90604321091  7.90604321088 
 9.10298177992  9.10298177977 
 10.4811313415  10.4811313406 
 12.0679264064  12.0679263992 
 13.8949549437  13.8949548845 
 15.9985871961  15.9985866423 
 18.4206996933  18.4206937992 
 21.2095088792  21.2094368783 
 24.4205309455  24.4195130043 
 28.1176869797  28.1009619153 
 32.3745754282  32.0780874793 
 37.2759372031  35.5556563273 
 42.9193426013  40.7238883929 
 49.4171336132  46.8544369354 
 56.8986602902  53.9185582887 
 65.512855686  62.0478402222 
 75.4312006335  71.4023955807 
 86.8511373751  82.1668231448 
 100.0  94.5535376664 
0.00471486636346 50 
 0.1  0.1 
 0.115139539933  0.115139539933 
 0.132571136559  0.132571136559 
 0.152641796718  0.152641796718 
 0.175751062485  0.175751062485 
 0.202358964773  0.202358964773 
 0.232995181052  0.232995181052 
 0.268269579528  0.268269579528 
 0.308884359648  0.308884359648 
 0.355648030622  0.355648030622 
 0.409491506238  0.409491506238 
 0.471486636346  0.471486636346 
 0.542867543932  0.542867543932 
 0.625055192527  0.625055192527 
 0.719685673001  0.719685673001 
 0.828642772855  0.828642772855 
 0.95409547635  0.95409547635 
 1.09854114199  1.09854114199 
 1.26485521686  1.26485521686 
 1.4563484775  1.4563484775 
 1.67683293681  1.67683293681 
 1.93069772888  1.93069772888 
 2.22299648253  2.22299648253 
 2.5595479227  2.5595479227 
 2.94705170255  2.94705170255 
 3.3932217719  3.3932217719 
 3.90693993705  3.90693993705 
 4.49843266897  4.49843266897 
 5.17947467923  5.17947467923 
 5.96362331659  5.96362331659 
 6.86648845004  6.86648845005 
 7.90604321091  7.90604321085 
 9.10298177992  9.1029817795 
 10.4811313415  10.4811313388 
 12.0679264064  12.0679263863 
 13.8949549437  13.8949547771 
 15.9985871961  15.9985856389 
 18.4206996933  18.4206831207 
 21.2095088792  21.2093064406 
 24.4205309455  24.4176708172 
 28.1176869797  28.0711693715 
 32.3745754282  31.6569970233 
 37.2759372031  34.3870746303 
 42.9193426013  39.3041966244 
 49.4171336132  45.2008689899 
 56.8986602902  51.9966882119 
 65.512855686  59.8143425513 
 75.4312006335  68.8067680676 
 86.8511373751  79.1503757378 
 100.0  91.0480724469 
0.00790604321091 50 
 0.1  0.1 
 0.115139539933  0.115139539933 
 0.132571136559  0.132571136559 
 0.152641796718  0.152641796718 
 0.175751062485  0.175751062485 
 0.202358964773  0.202358964773 
 0.232995181052  0.232995181052 
 0.268269579528  0.268269579528 
 0.308884359648  0.308884359648 
 0.355648030622  0.355648030622 
 0.409491506238  0.409491506238 
 0.471486636346  0.471486636346 
 0.542867543932  0.542867543932 
 0.625055192527  0.625055192527 
 0.719685673001  0.719685673001 
 0.828642772855  0.828642772855 
 0.95409547635  0.95409547635 
 1.09854114199  1.09854114199 
 1.26485521686  1.26485521686 
 1.4563484775  1.4563484775 
 1.67683293681  1.67683293681 
 1.93069772888  1.93069772888 
 2.22299648253  2.22299648253 
 2.5595479227  2.5595479227 
 2.94705170255  2.94705170255 
 3.3932217719  3.3932217719 
 3.90693993705  3.90693993705 
 4.49843266897  4.49843266897 
 5.17947467923  5.17947467923 
 5.96362331659  5.9636233166 
 6.86648845004  6.86648845008 
 7.90604321091  7.90604321071 
 9.10298177992  9.10298177875 
 10.4811313415  10.4811313339 
 12.0679264064  12.0679263498 
 13.8949549437  13.8949544753 
 15.9985871961  15.9985828177 
 18.4206996933  18.4206530956 
 21.2095088792  21.2089397487 
 24.4205309455  24.4125053666 
 28.1176869797  27.9907094491 
 32.3745754282  30.8767206706 
 37.2759372031  32.593799426 
 42.9193426013  37.0464737942 
 49.4171336132  42.5670828547 
 56.8986602902  48.9368426049 
 65.512855686  56.2601842005 
 75.4312006335  64.6785217831 
 86.8511373751  74.3553755517 
 100.0  85.4787049363 
0.0132571136559 50 
 0.1  0.1 
 0.115139539933  0.115139539933 
 0.132571136559  0.132571136559 
 0.152641796718  0.152641796718 
 0.175751062485  0.175751062485 
 0.202358964773  0.202358964773 
 0.232995181052  0.232995181052 
 0.268269579528  0.268269579528 
 0.308884359648  0.308884359648 
 0.355648030622  0.355648030622 
 0.409491506238  0.409491506238 
 0.471486636346  0.471486636346 
 0.542867543932  0.542867543932 
 0.625055192527  0.625055192527 
 0.719685673001  0.719685673001 
 0.828642772855  0.828642772855 
 0.95409547635  0.95409547635 
 1.09854114199  1.09854114199 
 1.26485521686  1.26485521686 
 1.4563484775  1.4563484775 
 1.67683293681  1.67683293681 
 1.93069772888  1.93069772888 
 2.22299648253  2.22299648253 
 2.5595479227  2.5595479227 
 2.94705170255  2.94705170255 
 3.3932217719  3.3932217719 
 3.90693993705  3.90693993705 
 4.49843266897  4.49843266897 
 5.17947467923  5.17947467923 
 5.96362331659  5.9636233166 
 6.86648845004  6.86648845035 
 7.90604321091  7.90604321037 
 9.10298177992  9.10298177665 
 10.4811313415  10.48113132 
 12.0679264064  12.0679262472 
 13.8949549437  13.8949536267 
 15.9985871961  15.9985748851 
 18.4206996933  18.4205686759 
 21.2095088792  21.2079092707 
 24.4205309455  24.3980935351 
 28.1176869797  27.7869458604 
 32.3745754282  29.7542531777 
 37.2759372031  30.2332977182 
 42.9193426013  33.6040317462 
 49.4171336132  38.5148207507 
 56.8986602902  44.2307376292 
 65.512855686  50.7984082963 
 75.4312006335  58.3400385027 
 86.8511373751  66.9996269346 
 100.0  76.9426195948 
0.0222299648253 50 
 0.1  0.1 
 0.115139539933  0.115139539933 
 0.132571136559  0.132571136559 
 0.152641796718  0.152641796718 
 0.175751062485  0.175751062485 
 0.202358964773  0.202358964773 
 0.232995181052  0.232995181052 
 0.268269579528  0.268269579528 
 0.308884359648  0.308884359648 
 0.355648030622  0.355648030622 
 0.409491506238  0.409491506238 
 0.471486636346  0.471486636346 
 0.542867543932  0.542867543932 
 0.625055192527  0.625055192527 
 0.719685673001  0.719685673001 
 0.828642772855  0.828642772855 
 0.95409547635  0.95409547635 
 1.09854114199  1.09854114199 
 1.26485521686  1.26485521686 
 1.4563484775  1.4563484775 
 1.67683293681  1.67683293681 
 1.93069772888  1.93069772888 
 2.22299648253  2.22299648253 
 2.5595479227  2.5595479227 
 2.94705170255  2.94705170255 
 3.3932217719  3.3932217719 
 3.90693993705  3.90693993705 
 4.49843266897  4.49843266897 
 5.17947467923  5.17947467927 
 5.96362331659  5.9636233166 
 6.86648845004  6.86648845065 
 7.90604321091  7.90604320938 
 9.10298177992  9.10298177074 
 10.4811313415  10.4811312808 
 12.0679264064  12.0679259587 
 13.8949549437  13.8949512405 
 15.9985871961  15.9985525808 
 18.4206996933  18.4203313443 
 21.2095088792  21.205016986 
 24.4205309455  24.3584310372 
 28.1176869797  27.3377895821 
 32.3745754282  28.4348062654 
 37.2759372031  28.5326472413 
 42.9193426013  29.1093013995 
 49.4171336132  32.6592342972 
 56.8986602902  37.3958247632 
 65.512855686  42.87466066 
 75.4312006335  49.1574008625 
 86.8511373751  56.3586236819 
 100.0  64.612091738 
0.0372759372031 50 
 0.1  0.1 
 0.115139539933  0.115139539933 
 0.132571136559  0.132571136559 
 0.152641796718  0.152641796718 
 0.175751062485  0.175751062485 
 0.202358964773  0.202358964773 
 0.232995181052  0.232995181052 
 0.268269579528  0.268269579528 
 0.308884359648  0.308884359648 
 0.355648030622  0.355648030622 
 0.409491506238  0.409491506238 
 0.471486636346  0.471486636346 
 0.542867543932  0.542867543932 
 0.625055192527  0.625055192527 
 0.719685673001  0.719685673001 
 0.828642772855  0.828642772855 
 0.95409547635  0.95409547635 
 1.09854114199  1.09854114199 
 1.26485521686  1.26485521686 
 1.4563484775  1.4563484775 
 1.67683293681  1.67683293681 
 1.93069772888  1.93069772888 
 2.22299648253  2.22299648253 
 2.5595479227  2.5595479227 
 2.94705170255  2.94705170255 
 3.3932217719  3.3932217719 
 3.90693993705  3.90693993706 
 4.49843266897  4.49843266897 
 5.17947467923  5.17947467931 
 5.96362331659  5.96362331691 
 6.86648845004  6.86648845074 
 7.90604321091  7.9060432066 
 9.10298177992  9.10298175411 
 10.4811313415  10.4811311708 
 12.0679264064  12.0679251476 
 13.8949549437  13.894944531 
 15.9985871961  15.9984898691 
 18.4206996933  18.4196643059 
 21.2095088792  21.1969227188 
 24.4205309455  24.2531655391 
 28.1176869797  26.5481319366 
 32.3745754282  27.049157422 
 37.2759372031  27.0837719679 
 42.9193426013  27.0854269776 
 49.4171336132  27.0854909043 
 56.8986602902  28.6132916937 
 65.512855686  32.4286915109 
 75.4312006335  37.0587590176 
 86.8511373751  42.3699783257 
 100.0  48.4405443681 
0.0625055192527 50 
 0.1  0.1 
 0.115139539933  0.115139539933 
 0.132571136559  0.132571136559 
 0.152641796718  0.152641796718 
 0.175751062485  0.175751062485 
 0.202358964773  0.202358964773 
 0.232995181052  0.232995181052 
 0.268269579528  0.268269579528 
 0.308884359648  0.308884359648 
 0.355648030622  0.355648030622 
 0.409491506238  0.409491506238 
 0.471486636346  0.471486636346 
 0.542867543932  0.542867543932 
 0.625055192527  0.625055192527 
 0.719685673001  0.719685673001 
 0.828642772855  0.828642772855 
 0.95409547635  0.95409547635 
 1.09854114199  1.09854114199 
 1.26485521686  1.26485521686 
 1.4563484775  1.4563484775 
 1.67683293681  1.67683293681 
 1.93069772888  1.93069772888 
 2.22299648253  2.22299648253 
 2.5595479227  2.5595479227 
 2.94705170255  2.94705170255 
 3.3932217719  3.3932217719 
 3.90693993705  3.90693993706 
 4.49843266897  4.49843266903 
 5.17947467923  5.17947467932 
 5.96362331659  5.96362331794 
 6.86648845004  6.86648844973 
 7.90604321091  7.90604319878 
 9.10298177992  9.10298170737 
 10.4811313415  10.4811308615 
 12.0679264064  12.0679228671 
 13.8949549437  13.8949256659 
 15.9985871961  15.9983135594 
 18.4206996933  18.4177909912 
 21.2095088792  21.1744614358 
 24.4205309455  23.9971872026 
 28.1176869797  25.4672363777 
 32.3745754282  25.6646591273 
 37.2759372031  25.6767010091 
 42.9193426013  25.677276046 
 49.4171336132  25.6772981213 
 56.8986602902  25.6772995645 
 65.512855686  25.6772998527 
 75.4312006335  25.6772950352 
 86.8511373751  26.9172061609 
 100.0  30.2997845119 
0.104811313415 50 
 0.1  0.1 
 0.115139539933  0.115139539933 
 0.132571136559  0.132571136559 
 0.152641796718  0.152641796718 
 0.175751062485  0.175751062485 
 0.202358964773  0.202358964773 
 0.232995181052  0.232995181052 
 0.268269579528  0.268269579528 
 0.308884359648  0.308884359648 
 0.355648030622  0.355648030622 
 0.409491506238  0.409491506238 
 0.471486636346  0.471486636346 
 0.542867543932  0.542867543932 
 0.625055192527  0.625055192527 
 0.719685673001  0.719685673001 
 0.828642772855  0.828642772855 
 0.95409547635  0.95409547635 
 1.09854114199  1.09854114199 
 1.26485521686  1.26485521686 
 1.4563484775  1.4563484775 
 1.67683293681  1.67683293681 
 1.93069772888  1.93069772888 
 2.22299648253  2.22299648253 
 2.5595479227  2.5595479227 
 2.94705170255  2.94705170255 
 3.3932217719  3.39322177191 
 3.90693993705  3.90693993706 
 4.49843266897  4.49843266915 
 5.17947467923  5.17947467919 
 5.96362331659  5.963623319 
 6.86648845004  6.86648844741 
 7.90604321091  7.90604317677 
 9.10298177992  9.10298157594 
 10.4811313415  10.4811299919 
 12.0679264064  12.0679164542 
 13.8949549437  13.8948726234 
 15.9985871961  15.9978179908 
 18.4206996933  18.4125412238 
 21.2095088792  21.1135417639 
 24.4205309455  23.4735876726 
 28.1176869797  24.2364823827 
 32.3745754282  24.3083104448 
 37.2759372031  24.3124753456 
 42.9193426013  24.3126755122 
 49.4171336132  24.3126839158 
 56.8986602902  24.3126842236 
 65.512855686  24.3126816754 
 75.4312006335  24.3126813813 
 86.8511373751  24.3126804347 
 100.0  24.3126808023 
0.175751062485 50 
 0.1  0.1 
 0.115139539933  0.115139539933 
 0.132571136559  0.132571136559 
 0.152641796718  0.152641796718 
 0.175751062485  0.175751062485 
 0.202358964773  0.202358964773 
 0.232995181052  0.232995181052 
 0.268269579528  0.268269579528 
 0.308884359648  0.308884359648 
 0.355648030622  0.355648030622 
 0.409491506238  0.409491506238 
 0.471486636346  0.471486636346 
 0.542867543932  0.542867543932 
 0.625055192527  0.625055192527 
 0.719685673001  0.719685673001 
 0.828642772855  0.828642772855 
 0.95409547635  0.95409547635 
 1.09854114199  1.09854114199 
 1.26485521686  1.26485521686 
 1.4563484775  1.4563484775 
 1.67683293681  1.67683293681 
 1.93069772888  1.93069772888 
 2.22299648253  2.22299648253 
 2.5595479227  2.5595479227 
 2.94705170255  2.94705170256 
 3.3932217719  3.39322177192 
 3.90693993705  3.90693993715 
 4.49843266897  4.49843266924 
 5.17947467923  5.1794746789 
 5.96362331659  5.96362331892 
 6.86648845004  6.86648843236 
 7.90604321091  7.90604311493 
 9.10298177992  9.10298120637 
 10.4811313415  10.4811275466 
 12.0679264064  12.0678984248 
 13.8949549437  13.8947234986 
 15.9985871961  15.9964259166 
 18.4206996933  18.3979171655 
 21.2095088792  20.9576687506 
 24.4205309455  22.6367929246 
 28.1176869797  22.9645295767 
 32.3745754282  22.9897728039 
 37.2759372031  22.991206792 
 42.9193426013  22.9912768134 
 49.4171336132  22.9912796525 
 56.8986602902  22.9912773401 
 65.512855686  22.9912783279 
 75.4312006335  22.9912785004 
 86.8511373751  22.9912784308 
 100.0  22.9912781676 
0.294705170255 50 
 0.1  0.1 
 0.115139539933  0.115139539933 
 0.132571136559  0.132571136559 
 0.152641796718  0.152641796718 
 0.175751062485  0.175751062485 
 0.202358964773  0.202358964773 
 0.232995181052  0.232995181052 
 0.268269579528  0.268269579528 
 0.308884359648  0.308884359648 
 0.355648030622  0.355648030622 
 0.409491506238  0.409491506238 
 0.471486636346  0.471486636346 
 0.542867543932  0.542867543932 
 0.625055192527  0.625055192527 
 0.719685673001  0.719685673001 
 0.828642772855  0.828642772855 
 0.95409547635  0.95409547635 
 1.09854114199  1.09854114199 
 1.26485521686  1.26485521686 
 1.4563484775  1.4563484775 
 1.67683293681  1.67683293681 
 1.93069772888  1.93069772888 
 2.22299648253  2.22299648253 
 2.5595479227  2.5595479227 
 2.94705170255  2.94705170258 
 3.3932217719  3.39322177191 
 3.90693993705  3.90693993745 
 4.49843266897  4.49843266913 
 5.17947467923  5.17947467972 
 5.96362331659  5.96362330657 
 6.86648845004  6.86648840033 
 7.90604321091  7.90604294103 
 9.10298177992  9.10298016726 
 10.4811313415  10.4811206711 
 12.0679264064  12.0678477319 
 13.8949549437  13.8943043341 
 15.9985871961  15.992522372 
 18.4206996933  18.3578420701 
 21.2095088792  20.6070622835 
 24.4205309455  21.5790167921 
 28.1176869797  21.7034565455 
 32.3745754282  21.7122058176 
 37.2759372031  21.7127001308 
 42.9193426013  21.7127234108 
 49.4171336132  21.712724068 
 56.8986602902  21.712724271 
 65.512855686  21.7127235967 
 75.4312006335  21.7127244044 
 86.8511373751  21.7127249169 
 100.0  21.7127243186 
0.494171336132 50 
 0.1  0.1 
 0.115139539933  0.115139539933 
 0.132571136559  0.132571136559 
 0.152641796718  0.152641796718 
 0.175751062485  0.175751062485 
 0.202358964773  0.202358964773 
 0.232995181052  0.232995181052 
 0.268269579528  0.268269579528 
 0.308884359648  0.308884359648 
 0.355648030622  0.355648030622 
 0.409491506238  0.409491506238 
 0.471486636346  0.471486636346 
 0.542867543932  0.542867543932 
 0.625055192527  0.625055192527 
 0.719685673001  0.719685673001 
 0.828642772855  0.828642772855 
 0.95409547635  0.95409547635 
 1.09854114199  1.09854114199 
 1.26485521686  1.26485521686 
 1.4563484775  1.4563484775 
 1.67683293681  1.67683293681 
 1.93069772888  1.93069772889 
 2.22299648253  2.22299648253 
 2.5595479227  2.55954792272 
 2.94705170255  2.9470517026 
 3.3932217719  3.39322177187 
 3.90693993705  3.90693993778 
 4.49843266897  4.49843266861 
 5.17947467923  5.17947467305 
 5.96362331659  5.96362328841 
 6.86648845004  6.86648831027 
 7.90604321091  7.90604245209 
 9.10298177992  9.10297724396 
 10.4811313415  10.4811013396 
 12.0679264064  12.0677052144 
 13.8949549437  13.8931268479 
 15.9985871961  15.981629762 
 18.4206996933  18.2526378385 
 21.2095088792  19.9732111427 
 24.4205309455  20.4290050534 
 28.1176869797  20.4734745231 
 32.3745754282  20.4764910362 
 37.2759372031  20.4766615417 
 42.9193426013  20.4766696699 
 49.4171336132  20.4766701719 
 56.8986602902  20.4766701661 
 65.512855686  20.4766696253 
 75.4312006335  20.4766706195 
 86.8511373751  20.4766697284 
 100.0  20.4766699622 
0.828642772855 50 
 0.1  0.1 
 0.115139539933  0.115139539933 
 0.132571136559  0.132571136559 
 0.152641796718  0.152641796718 
 0.175751062485  0.175751062485 
 0.202358964773  0.202358964773 
 0.232995181052  0.232995181052 
 0.268269579528  0.268269579528 
 0.308884359648  0.308884359648 
 0.355648030622  0.355648030622 
 0.409491506238  0.409491506238 
 0.471486636346  0.471486636346 
 0.542867543932  0.542867543932 
 0.625055192527  0.625055192527 
 0.719685673001  0.719685673001 
 0.828642772855  0.828642772855 
 0.95409547635  0.95409547635 
 1.09854114199  1.09854114199 
 1.26485521686  1.26485521686 
 1.4563484775  1.4563484775 
 1.67683293681  1.67683293681 
 1.93069772888  1.93069772889 
 2.22299648253  2.22299648252 
 2.5595479227  2.55954792278 
 2.94705170255  2.94705170259 
 3.3932217719  3.39322177179 
 3.90693993705  3.90693993776 
 4.49843266897  4.49843266483 
 5.17947467923  5.17947466184 
 5.96362331659  5.96362323736 
 6.86648845004  6.86648805703 
 7.90604321091  7.9060410772 
 9.10298177992  9.1029690311 
 10.4811313415  10.4810469908 
 12.0679264064  12.0673046736 
 13.8949549437  13.8898247136 
 15.9985871961  15.9516409507 
 18.4206996933  18.002960009 
 21.2095088792  19.0841428858 
 24.4205309455  19.2662105277 
 28.1176869797  19.2817103081 
 32.3745754282  19.2827483502 
 37.2759372031  19.2828069256 
 42.9193426013  19.282809865 
 49.4171336132  19.2828099101 
 56.8986602902  19.2828096817 
 65.512855686  19.2828098359 
 75.4312006335  19.2828101871 
 86.8511373751  19.2828094827 
 100.0  19.2828100732 
1.38949549437 50 
 0.1  0.1 
 0.115139539933  0.115139539933 
 0.132571136559  0.132571136559 
 0.152641796718  0.152641796718 
 0.175751062485  0.175751062485 
 0.202358964773  0.202358964773 
 0.232995181052  0.232995181052 
 0.268269579528  0.268269579528 
 0.308884359648  0.308884359648 
 0.355648030622  0.355648030622 
 0.409491506238  0.409491506238 
 0.471486636346  0.471486636346 
 0.542867543932  0.542867543932 
 0.625055192527  0.625055192527 
 0.719685673001  0.719685673001 
 0.828642772855  0.828642772855 
 0.95409547635  0.95409547635 
 1.09854114199  1.09854114199 
 1.26485521686  1.26485521686 
 1.4563484775  1.4563484775 
 1.67683293681  1.67683293682 
 1.93069772888  1.93069772889 
 2.22299648253  2.2229964826 
 2.5595479227  2.55954792282 
 2.94705170255  2.9470517025 
 3.3932217719  3.39322177227 
 3.90693993705  3.90693993407 
 4.49843266897  4.49843265734 
 5.17947467923  5.17947463032 
 5.96362331659  5.96362309381 
 6.86648845004  6.86648734368 
 7.90604321091  7.90603721243 
 9.10298177992  9.10294593839 
 10.4811313415  10.4808942309 
 12.0679264064  12.0661798151 
 13.8949549437  13.8806078714 
 15.9985871961  15.8719736812 
 18.4206996933  17.5129915516 
 21.2095088792  18.0586637198 
 24.4205309455  18.1252175194 
 28.1176869797  18.1305713237 
 32.3745754282  18.1309287536 
 37.2759372031  18.1309489886 
 42.9193426013  18.130949857 
 49.4171336132  18.1309499386 
 56.8986602902  18.1309501204 
 65.512855686  18.1309499527 
 75.4312006335  18.1309500868 
 86.8511373751  18.1309496015 
 100.0  18.130949269 
2.32995181052 50 
 0.1  0.1 
 0.115139539933  0.115139539933 
 0.132571136559  0.132571136559 
 0.152641796718  0.152641796718 
 0.175751062485  0.175751062485 
 0.202358964773  0.202358964773 
 0.232995181052  0.232995181052 
 0.268269579528  0.268269579528 
 0.308884359648  0.308884359648 
 0.355648030622  0.355648030622 
 0.409491506238  0.409491506238 
 0.471486636346  0.471486636346 
 0.542867543932  0.542867543932 
 0.625055192527  0.625055192527 
 0.719685673001  0.719685673001 
 0.828642772855  0.828642772855 
 0.95409547635  0.954095476351 
 1.09854114199  1.09854114199 
 1.26485521686  1.26485521685 
 1.4563484775  1.45634847751 
 1.67683293681  1.67683293682 
 1.93069772888  1.93069772888 
 2.22299648253  2.22299648271 
 2.5595479227  2.55954792279 
 2.94705170255  2.94705170187 
 3.3932217719  3.39322176959 
 3.90693993705  3.90693992867 
 4.49843266897  4.49843263627 
 5.17947467923  5.17947454111 
 5.96362331659  5.96362268995 
 6.86648845004  6.86648534376 
 7.90604321091  7.90602634885 
 9.10298177992  9.10288104022 
 10.4811313415  10.4804651495 
 12.0679264064  12.0630278147 
 13.8949549437  13.8552146737 
 15.9985871961  15.6778606604 
 18.4206996933  16.7668334507 
 21.2095088792  16.9957642185 
 24.4205309455  17.0191923131 
 28.1176869797  17.0210391404 
 32.3745754282  17.0211624468 
 37.2759372031  17.0211695019 
 42.9193426013  17.0211698107 
 49.4171336132  17.0211693544 
 56.8986602902  17.0211697619 
 65.512855686  17.0211697615 
 75.4312006335  17.0211693957 
 86.8511373751  17.0211698199 
 100.0  17.0211696092 
3.90693993705 50 
 0.1  0.1 
 0.115139539933  0.115139539933 
 0.132571136559  0.132571136559 
 0.152641796718  0.152641796718 
 0.175751062485  0.175751062485 
 0.202358964773  0.202358964772 
 0.232995181052  0.232995181051 
 0.268269579528  0.268269579528 
 0.308884359648  0.308884359648 
 0.355648030622  0.355648030622 
 0.409491506238  0.409491506238 
 0.471486636346  0.471486636346 
 0.542867543932  0.542867543932 
 0.625055192527  0.625055192527 
 0.719685673001  0.719685673001 
 0.828642772855  0.828642772855 
 0.95409547635  0.954095476351 
 1.09854114199  1.09854114199 
 1.26485521686  1.26485521687 
 1.4563484775  1.45634847752 
 1.67683293681  1.67683293682 
 1.93069772888  1.93069772884 
 2.22299648253  2.22299648281 
 2.5595479227  2.5595479221 
 2.94705170255  2.94705170064 
 3.3932217719  3.39322176541 
 3.90693993705  3.90693991348 
 4.49843266897  4.49843257704 
 5.17947467923  5.17947429276 
 5.96362331659  5.96362155614 
 6.86648845004  6.86647972083 
 7.90604321091  7.90599583581 
 9.10298177992  9.1026988508 
 10.4811313415  10.4792621319 
 12.0679264064  12.0542497508 
 13.8949549437  13.7876374564 
 15.9985871961  15.2798191584 
 18.4206996933  15.8593457667 
 21.2095088792  15.9453469767 
 24.4205309455  15.9535109624 
 28.1176869797  15.954151698 
 32.3745754282  15.9541951036 
 37.2759372031  15.9541973264 
 42.9193426013  15.9541974718 
 49.4171336132  15.9541973226 
 56.8986602902  15.9541974202 
 65.512855686  15.9541973257 
 75.4312006335  15.9541975486 
 86.8511373751  15.9541972172 
 100.0  15.9541972105 
6.5512855686 50 
 0.1  0.1 
 0.115139539933  0.115139539933 
 0.132571136559  0.132571136559 
 0.152641796718  0.152641796717 
 0.175751062485  0.175751062485 
 0.202358964773  0.202358964772 
 0.232995181052  0.232995181051 
 0.268269579528  0.268269579528 
 0.308884359648  0.308884359648 
 0.355648030622  0.355648030622 
 0.409491506238  0.409491506238 
 0.471486636346  0.471486636345 
 0.542867543932  0.542867543932 
 0.625055192527  0.625055192527 
 0.719685673001  0.719685673001 
 0.828642772855  0.828642772854 
 0.95409547635  0.954095476348 
 1.09854114199  1.09854114198 
 1.26485521686  1.26485521688 
 1.4563484775  1.45634847751 
 1.67683293681  1.67683293678 
 1.93069772888  1.93069772899 
 2.22299648253  2.22299648197 
 2.5595479227  2.55954792102 
 2.94705170255  2.94705169718 
 3.3932217719  3.39322175358 
 3.90693993705  3.90693987074 
 4.49843266897  4.49843241068 
 5.17947467923  5.17947359354 
 5.96362331659  5.96361837268 
 6.86648845004  6.86646394306 
 7.90604321091  7.90591029862 
 9.10298177992  9.10218877361 
 10.4811313415  10.4759066316 
 12.0679264064  12.0302138461 
 13.8949549437  13.6224074234 
 15.9985871961  14.6440443799 
 18.4206996933  14.8981714441 
 21.2095088792  14.9291357239 
 24.4205309455  14.9320091009 
 28.1176869797  14.932236303 
 32.3745754282  14.9322516273 
 37.2759372031  14.932252763 
 42.9193426013  14.9322528856 
 49.4171336132  14.9322528721 
 56.8986602902  14.9322526776 
 65.512855686  14.9322527646 
 75.4312006335  14.9322525319 
 86.8511373751  14.9322524374 
 100.0  14.9322526194 
10.9854114199 50 
 0.1  0.0999999999998 
 0.115139539933  0.115139539932 
 0.132571136559  0.132571136559 
 0.152641796718  0.152641796717 
 0.175751062485  0.175751062485 
 0.202358964773  0.202358964772 
 0.232995181052  0.232995181051 
 0.268269579528  0.268269579527 
 0.308884359648  0.308884359647 
 0.355648030622  0.355648030621 
 0.409491506238  0.409491506236 
 0.471486636346  0.471486636344 
 0.542867543932  0.54286754393 
 0.625055192527  0.625055192524 
 0.719685673001  0.719685672996 
 0.828642772855  0.828642772847 
 0.95409547635  0.954095476339 
 1.09854114199  1.09854114197 
 1.26485521686  1.26485521686 
 1.4563484775  1.45634847745 
 1.67683293681  1.67683293666 
 1.93069772888  1.9306977292 
 2.22299648253  2.22299648074 
 2.5595479227  2.55954791863 
 2.94705170255  2.94705168746 
 3.3932217719  3.39322172069 
 3.90693993705  3.9069397511 
 4.49843266897  4.49843194414 
 5.17947467923  5.17947163391 
 5.96362331659  5.96360946374 
 6.86648845004  6.86641985976 
 7.90604321091  7.90567177222 
 9.10298177992  9.10077168411 
 10.4811313415  10.4666798588 
 12.0679264064  11.9672758228 
 13.8949549437  13.282410668 
 15.9985871961  13.8485306908 
 18.4206996933  13.9484282624 
 21.2095088792  13.9596859932 
 24.4205309455  13.9607391976 
 28.1176869797  13.9608247948 
 32.3745754282  13.960830883 
 37.2759372031  13.9608312914 
 42.9193426013  13.9608312028 
 49.4171336132  13.9608313297 
 56.8986602902  13.9608311687 
 65.512855686  13.9608311087 
 75.4312006335  13.9608313158 
 86.8511373751  13.960831048 
 100.0  13.9608310247 
18.4206996933 50 
 0.1  0.0999999999999 
 0.115139539933  0.115139539933 
 0.132571136559  0.132571136559 
 0.152641796718  0.152641796717 
 0.175751062485  0.175751062485 
 0.202358964773  0.202358964772 
 0.232995181052  0.23299518105 
 0.268269579528  0.268269579525 
 0.308884359648  0.308884359645 
 0.355648030622  0.35564803062 
 0.409491506238  0.409491506235 
 0.471486636346  0.471486636339 
 0.542867543932  0.542867543919 
 0.625055192527  0.62505519251 
 0.719685673001  0.719685672981 
 0.828642772855  0.828642772828 
 0.95409547635  0.954095476268 
 1.09854114199  1.09854114169 
 1.26485521686  1.26485521674 
 1.4563484775  1.45634847653 
 1.67683293681  1.67683293555 
 1.93069772888  1.93069772546 
 2.22299648253  2.22299647513 
 2.5595479227  2.55954790864 
 2.94705170255  2.94705166424 
 3.3932217719  3.39322162831 
 3.90693993705  3.90693941603 
 4.49843266897  4.49843064207 
 5.17947467923  5.17946617295 
 5.96362331659  5.96358473154 
 6.86648845004  6.8662979965 
 7.90604321091  7.90501630377 
 9.10298177992  9.09691647338 
 10.4811313415  10.4422560379 
 12.0679264064  11.8192145402 
 13.8949549437  12.7426321451 
 15.9985871961  13.0080635075 
 18.4206996933  13.0470833505 
 21.2095088792  13.051471116 
 24.4205309455  13.0518974571 
 28.1176869797  13.0519340531 
 32.3745754282  13.0519365572 
 37.2759372031  13.051937041 
 42.9193426013  13.0519369131 
 49.4171336132  13.0519369259 
 56.8986602902  13.0519369626 
 65.512855686  13.051936962 
 75.4312006335  13.0519367167 
 86.8511373751  13.0519370374 
 100.0  13.0519369475 
30.8884359648 50 
 0.1  0.1 
 0.115139539933  0.115139539933 
 0.132571136559  0.132571136559 
 0.152641796718  0.152641796717 
 0.175751062485  0.175751062483 
 0.202358964773  0.202358964771 
 0.232995181052  0.23299518105 
 0.268269579528  0.268269579527 
 0.308884359648  0.308884359647 
 0.355648030622  0.355648030621 
 0.409491506238  0.409491506223 
 0.471486636346  0.471486636317 
 0.542867543932  0.54286754391 
 0.625055192527  0.625055192505 
 0.719685673001  0.719685672971 
 0.828642772855  0.828642772572 
 0.95409547635  0.9540954755 
 1.09854114199  1.09854114075 
 1.26485521686  1.26485521503 
 1.4563484775  1.4563484739 
 1.67683293681  1.67683292967 
 1.93069772888  1.93069771407 
 2.22299648253  2.22299645135 
 2.5595479227  2.55954784903 
 2.94705170255  2.94705153174 
 3.3932217719  3.39322130623 
 3.90693993705  3.90693847908 
 4.49843266897  4.49842705402 
 5.17947467923  5.17945124198 
 5.96362331659  5.96351758771 
 6.86648845004  6.86597079424 
 7.90604321091  7.90328323676 
 9.10298177992  9.08698079062 
 10.4811313415  10.3833751544 
 12.0679264064  11.5370036181 
 13.8949549437  12.0893470266 
 15.9985871961  12.2087901156 
 18.4206996933  12.2255898723 
 21.2095088792  12.2275707686 
 24.4205309455  12.2277762751 
 28.1176869797  12.2277951207 
 32.3745754282  12.227796617 
 37.2759372031  12.2277965984 
 42.9193426013  12.2277967079 
 49.4171336132  12.2277968196 
 56.8986602902  12.2277968157 
 65.512855686  12.2277966891 
 75.4312006335  12.2277965605 
 86.8511373751  12.2277967146 
 100.0  12.2277967318 
51.7947467923 50 
 0.1  0.1 
 0.115139539933  0.115139539933 
 0.132571136559  0.132571136557 
 0.152641796718  0.152641796717 
 0.175751062485  0.175751062485 
 0.202358964773  0.202358964772 
 0.232995181052  0.232995181052 
 0.268269579528  0.268269579528 
 0.308884359648  0.308884359647 
 0.355648030622  0.355648030599 
 0.409491506238  0.409491506229 
 0.471486636346  0.471486636343 
 0.542867543932  0.542867543929 
 0.625055192527  0.625055192515 
 0.719685673001  0.71968567273 
 0.828642772855  0.828642772452 
 0.95409547635  0.954095476063 
 1.09854114199  1.0985411397 
 1.26485521686  1.26485521263 
 1.4563484775  1.45634846813 
 1.67683293681  1.67683292357 
 1.93069772888  1.9306976888 
 2.22299648253  2.22299637949 
 2.5595479227  2.55954767764 
 2.94705170255  2.94705107609 
 3.3932217719  3.39322011618 
 3.90693993705  3.90693508303 
 4.49843266897  4.49841674941 
 5.17947467923  5.17941210813 
 5.96362331659  5.963345366 
 6.86648845004  6.86515351263 
 7.90604321091  7.89910411208 
 9.10298177992  9.0643368376 
 10.4811313415  10.2661707188 
 12.0679264064  11.1390767427 
 13.8949549437  11.4496579964 
 15.9985871961  11.5089988665 
 18.4206996933  11.5176074619 
 21.2095088792  11.5186900527 
 24.4205309455  11.5188101648 
 28.1176869797  11.5188218998 
 32.3745754282  11.5188228453 
 37.2759372031  11.5188229133 
 42.9193426013  11.518822841 
 49.4171336132  11.5188228651 
 56.8986602902  11.5188228654 
 65.512855686  11.5188228384 
 75.4312006335  11.5188228446 
 86.8511373751  11.5188228952 
 100.0  11.5188228561 
86.8511373751 50 
 0.1  0.0999999999995 
 0.115139539933  0.115139539933 
 0.132571136559  0.132571136559 
 0.152641796718  0.152641796718 
 0.175751062485  0.175751062486 
 0.202358964773  0.202358964773 
 0.232995181052  0.232995181052 
 0.268269579528  0.268269579521 
 0.308884359648  0.308884359645 
 0.355648030622  0.355648030629 
 0.409491506238  0.409491506248 
 0.471486636346  0.471486636354 
 0.542867543932  0.542867543928 
 0.625055192527  0.625055192369 
 0.719685673001  0.719685672786 
 0.828642772855  0.828642773022 
 0.95409547635  0.954095476279 
 1.09854114199  1.09854113968 
 1.26485521686  1.26485521563 
 1.4563484775  1.45634846204 
 1.67683293681  1.67683290133 
 1.93069772888  1.93069764679 
 2.22299648253  2.22299628737 
 2.5595479227  2.55954738918 
 2.94705170255  2.94705022039 
 3.3932217719  3.39321746468 
 3.90693993705  3.90692665896 
 4.49843266897  4.49838849772 
 5.17947467923  5.17931258701 
 5.96362331659  5.96295346797 
 6.86648845004  6.86339685125 
 7.90604321091  7.89067507999 
 9.10298177992  9.02284207335 
 10.4811313415  10.0910690241 
 12.0679264064  10.7208318287 
 13.8949549437  10.906711644 
 15.9985871961  10.9412700196 
 18.4206996933  10.9464954291 
 21.2095088792  10.9471844655 
 24.4205309455  10.9472642881 
 28.1176869797  10.9472719579 
 32.3745754282  10.9472727848 
 37.2759372031  10.9472728309 
 42.9193426013  10.9472728435 
 49.4171336132  10.9472726788 
 56.8986602902  10.9472726242 
 65.512855686  10.9472728056 
 75.4312006335  10.9472726115 
 86.8511373751  10.9472727151 
 100.0  10.9472728731 
145.63484775 50 
 0.1  0.1 
 0.115139539933  0.115139539933 
 0.132571136559  0.13257113656 
 0.152641796718  0.152641796718 
 0.175751062485  0.175751062486 
 0.202358964773  0.202358964773 
 0.232995181052  0.232995181047 
 0.268269579528  0.268269579537 
 0.308884359648  0.308884359663 
 0.355648030622  0.35564803064 
 0.409491506238  0.409491506252 
 0.471486636346  0.471486636293 
 0.542867543932  0.542867543885 
 0.625055192527  0.625055192693 
 0.719685673001  0.719685673346 
 0.828642772855  0.828642772939 
 0.95409547635  0.954095475297 
 1.09854114199  1.09854114275 
 1.26485521686  1.26485521857 
 1.4563484775  1.45634845521 
 1.67683293681  1.67683289188 
 1.93069772888  1.93069762127 
 2.22299648253  2.22299620861 
 2.5595479227  2.55954716883 
 2.94705170255  2.94704953051 
 3.3932217719  3.39321496089 
 3.90693993705  3.90691733327 
 4.49843266897  4.49835277246 
 5.17947467923  5.17916756498 
 5.96362331659  5.96232993895 
 6.86648845004  6.86055201947 
 7.90604321091  7.87740713422 
 9.10298177992  8.96466822137 
 10.4811313415  9.89406876355 
 12.0679264064  10.3577871786 
 13.8949549437  10.4815218204 
 15.9985871961  10.5044659107 
 18.4206996933  10.5080197486 
 21.2095088792  10.5084995386 
 24.4205309455  10.5085561828 
 28.1176869797  10.508562047 
 32.3745754282  10.508562262 
 37.2759372031  10.5085622547 
 42.9193426013  10.508562284 
 49.4171336132  10.5085623336 
 56.8986602902  10.5085623393 
 65.512855686  10.5085621597 
 75.4312006335  10.5085621508 
 86.8511373751  10.5085623398 
 100.0  10.5085623037 
244.205309455 50 
 0.1  0.100000000001 
 0.115139539933  0.115139539933 
 0.132571136559  0.13257113656 
 0.152641796718  0.152641796718 
 0.175751062485  0.175751062472 
 0.202358964773  0.20235896478 
 0.232995181052  0.232995181069 
 0.268269579528  0.268269579552 
 0.308884359648  0.308884359673 
 0.355648030622  0.35564803064 
 0.409491506238  0.409491506043 
 0.471486636346  0.471486636399 
 0.542867543932  0.542867544141 
 0.625055192527  0.625055193044 
 0.719685673001  0.719685673231 
 0.828642772855  0.828642772584 
 0.95409547635  0.954095475961 
 1.09854114199  1.09854113565 
 1.26485521686  1.26485521423 
 1.4563484775  1.45634845301 
 1.67683293681  1.67683293571 
 1.93069772888  1.93069760421 
 2.22299648253  2.22299615463 
 2.5595479227  2.55954703098 
 2.94705170255  2.94704901666 
 3.3932217719  3.39321322568 
 3.90693993705  3.90691111394 
 4.49843266897  4.49832729476 
 5.17947467923  5.17905759377 
 5.96362331659  5.96181843565 
 6.86648845004  6.85799916122 
 7.90604321091  7.86401837678 
 9.10298177992  8.901410119 
 10.4811313415  9.70874288774 
 12.0679264064  10.0663429787 
 13.8949549437  10.1562813173 
 15.9985871961  10.1729098476 
 18.4206996933  10.1755108095 
 21.2095088792  10.1758653278 
 24.4205309455  10.175907339 
 28.1176869797  10.1759116519 
 32.3745754282  10.175911945 
 37.2759372031  10.1759119804 
 42.9193426013  10.1759118994 
 49.4171336132  10.1759117756 
 56.8986602902  10.1759120299 
 65.512855686  10.1759120762 
 75.4312006335  10.1759121764 
 86.8511373751  10.1759120625 
 100.0  10.1759119705 
409.491506238 50 
 0.1  0.100000000001 
 0.115139539933  0.115139539933 
 0.132571136559  0.132571136559 
 0.152641796718  0.152641796722 
 0.175751062485  0.175751062503 
 0.202358964773  0.202358964799 
 0.232995181052  0.232995181085 
 0.268269579528  0.268269579562 
 0.308884359648  0.308884359671 
 0.355648030622  0.355648030557 
 0.409491506238  0.409491506343 
 0.471486636346  0.471486636606 
 0.542867543932  0.542867544635 
 0.625055192527  0.62505519292 
 0.719685673001  0.719685673163 
 0.828642772855  0.828642772715 
 0.95409547635  0.954095476442 
 1.09854114199  1.09854114555 
 1.26485521686  1.2648552166 
 1.4563484775  1.45634845213 
 1.67683293681  1.67683293534 
 1.93069772888  1.93069759654 
 2.22299648253  2.22299612946 
 2.5595479227  2.55954691939 
 2.94705170255  2.94704868121 
 3.3932217719  3.39321216114 
 3.90693993705  3.9069070626 
 4.49843266897  4.49831170598 
 5.17947467923  5.17898909606 
 5.96362331659  5.96149656385 
 6.86648845004  6.85636300411 
 7.90604321091  7.85530094066 
 9.10298177992  8.85870005501 
 10.4811313415  9.5703248062 
 12.0679264064  9.83876163309 
 13.8949549437  9.90397565612 
 15.9985871961  9.91677539224 
 18.4206996933  9.91878351438 
 21.2095088792  9.91905820014 
 24.4205309455  9.9190907906 
 28.1176869797  9.91909382526 
 32.3745754282  9.91909434764 
 37.2759372031  9.91909437957 
 42.9193426013  9.91909440071 
 49.4171336132  9.91909450533 
 56.8986602902  9.9190944718 
 65.512855686  9.91909447931 
 75.4312006335  9.91909443978 
 86.8511373751  9.91909442252 
 100.0  9.91909444419 
686.648845004 50 
 0.1  0.1 
 0.115139539933  0.115139539937 
 0.132571136559  0.132571136573 
 0.152641796718  0.152641796746 
 0.175751062485  0.175751062525 
 0.202358964773  0.202358964811 
 0.232995181052  0.232995181093 
 0.268269579528  0.26826957955 
 0.308884359648  0.308884359684 
 0.355648030622  0.355648030796 
 0.409491506238  0.40949150658 
 0.471486636346  0.47148663697 
 0.542867543932  0.542867544499 
 0.625055192527  0.625055192962 
 0.719685673001  0.719685673646 
 0.828642772855  0.82864277386 
 0.95409547635  0.954095476554 
 1.09854114199  1.09854113591 
 1.26485521686  1.26485520926 
 1.4563484775  1.45634847061 
 1.67683293681  1.67683292755 
 1.93069772888  1.93069758879 
 2.22299648253  2.22299611268 
 2.5595479227  2.55954687105 
 2.94705170255  2.94704853962 
 3.3932217719  3.39321155771 
 3.90693993705  3.90690477932 
 4.49843266897  4.49830226877 
 5.17947467923  5.17894839202 
 5.96362331659  5.96130328673 
 6.86648845004  6.85537915805 
 7.90604321091  7.85008433277 
 9.10298177992  8.83399711795 
 10.4811313415  9.49807989228 
 12.0679264064  9.7247569884 
 13.8949549437  9.76685654305 
 15.9985871961  9.77254798738 
 18.4206996933  9.77330450753 
 21.2095088792  9.77340829839 
 24.4205309455  9.77342069819 
 28.1176869797  9.7734220261 
 32.3745754282  9.7734220344 
 37.2759372031  9.77342206623 
 42.9193426013  9.77342210161 
 49.4171336132  9.77342206686 
 56.8986602902  9.77342208359 
 65.512855686  9.77342207322 
 75.4312006335  9.77342209025 
 86.8511373751  9.77342207765 
 100.0  9.77342200499 
1151.39539933 50 
 0.1  0.100000000015 
 0.115139539933  0.115139539938 
 0.132571136559  0.132571136584 
 0.152641796718  0.152641796719 
 0.175751062485  0.175751062538 
 0.202358964773  0.202358964819 
 0.232995181052  0.232995181056 
 0.268269579528  0.268269579631 
 0.308884359648  0.308884359919 
 0.355648030622  0.355648031087 
 0.409491506238  0.409491506938 
 0.471486636346  0.471486637065 
 0.542867543932  0.542867543788 
 0.625055192527  0.625055194171 
 0.719685673001  0.719685673347 
 0.828642772855  0.828642772921 
 0.95409547635  0.954095475268 
 1.09854114199  1.09854114118 
 1.26485521686  1.26485520466 
 1.4563484775  1.45634846431 
 1.67683293681  1.67683292011 
 1.93069772888  1.9306975888 
 2.22299648253  2.22299610242 
 2.5595479227  2.55954684142 
 2.94705170255  2.94704843513 
 3.3932217719  3.39321119039 
 3.90693993705  3.90690337017 
 4.49843266897  4.49829654825 
 5.17947467923  5.17892407049 
 5.96362331659  5.96118792792 
 6.86648845004  6.8547928719 
 7.90604321091  7.84698884088 
 9.10298177992  8.81966019687 
 10.4811313415  9.45859909879 
 12.0679264064  9.66737449312 
 13.8949549437  9.70486762261 
 15.9985871961  9.70987692407 
 18.4206996933  9.71044812835 
 21.2095088792  9.71050605148 
 24.4205309455  9.71051252031 
 28.1176869797  9.71051313753 
 32.3745754282  9.71051313779 
 37.2759372031  9.71051312939 
 42.9193426013  9.71051320242 
 49.4171336132  9.71051321035 
 56.8986602902  9.71051302073 
 65.512855686  9.71051334457 
 75.4312006335  9.71051320993 
 86.8511373751  9.71051326976 
 100.0  9.71051325232 
1930.69772888 50 
 0.1  0.100000000002 
 0.115139539933  0.115139539935 
 0.132571136559  0.132571136571 
 0.152641796718  0.152641796783 
 0.175751062485  0.175751062522 
 0.202358964773  0.202358964779 
 0.232995181052  0.232995181058 
 0.268269579528  0.268269579918 
 0.308884359648  0.308884360276 
 0.355648030622  0.355648031312 
 0.409491506238  0.409491505407 
 0.471486636346  0.471486636334 
 0.542867543932  0.542867544501 
 0.625055192527  0.625055192645 
 0.719685673001  0.719685670589 
 0.828642772855  0.828642767805 
 0.95409547635  0.954095470403 
 1.09854114199  1.09854113911 
 1.26485521686  1.26485520973 
 1.4563484775  1.45634844987 
 1.67683293681  1.67683287177 
 1.93069772888  1.93069760372 
 2.22299648253  2.22299607701 
 2.5595479227  2.55954682308 
 2.94705170255  2.94704835967 
 3.3932217719  3.3932109629 
 3.90693993705  3.90690247199 
 4.49843266897  4.49829322787 
 5.17947467923  5.17890940122 
 5.96362331659  5.96111889285 
 6.86648845004  6.85444296477 
 7.90604321091  7.84514869943 
 9.10298177992  8.81125567913 
 10.4811313415  9.43618973927 
 12.0679264064  9.63580295367 
 13.8949549437  9.67113000614 
 15.9985871961  9.67583174421 
 18.4206996933  9.67636741646 
 21.2095088792  9.6764208652 
 24.4205309455  9.67642532863 
 28.1176869797  9.67642570917 
 32.3745754282  9.676425715 
 37.2759372031  9.67642578221 
 42.9193426013  9.6764259048 
 49.4171336132  9.67642600036 
 56.8986602902  9.67642587821 
 65.512855686  9.6764257324 
 75.4312006335  9.67642590469 
 86.8511373751  9.67642577948 
 100.0  42.5056386038 
3237.45754282 50 
 0.1  0.100000000014 
 0.115139539933  0.115139540012 
 0.132571136559  0.132571136619 
 0.152641796718  0.152641796719 
 0.175751062485  0.175751062497 
 0.202358964773  0.202358964805 
 0.232995181052  0.232995181033 
 0.268269579528  0.26826958014 
 0.308884359648  0.308884360151 
 0.355648030622  0.355648030762 
 0.409491506238  0.409491506343 
 0.471486636346  0.471486636848 
 0.542867543932  0.542867544959 
 0.625055192527  0.625055193797 
 0.719685673001  0.719685673417 
 0.828642772855  0.828642772099 
 0.95409547635  0.954095472968 
 1.09854114199  1.09854113906 
 1.26485521686  1.26485520186 
 1.4563484775  1.45634845655 
 1.67683293681  1.67683286428 
 1.93069772888  1.93069757622 
 2.22299648253  2.22299607557 
 2.5595479227  2.55954680911 
 2.94705170255  2.94704833145 
 3.3932217719  3.39321082135 
 3.90693993705  3.90690203066 
 4.49843266897  4.49829111628 
 5.17947467923  5.17890071292 
 5.96362331659  5.96107795968 
 6.86648845004  6.85423430887 
 7.90604321091  7.84405430517 
 9.10298177992  8.80629487121 
 10.4811313415  9.42319874458 
 12.0679264064  9.61778022491 
 13.8949549437  9.65195945445 
 15.9985871961  9.65649980073 
 18.4206996933  9.65701810993 
 21.2095088792  9.65706893747 
 24.4205309455  9.65707332905 
 28.1176869797  9.65707411121 
 32.3745754282  9.65707370194 
 37.2759372031  9.65707360026 
 42.9193426013  9.6570736383 
 49.4171336132  9.65707360226 
 56.8986602902  9.6570735393 
 65.512855686  16.3704989902 
 75.4312006335  30.1309424104 
 86.8511373751  51.6930284046 
 100.0  71.1126102278 
5428.67543932 50 
 0.1  0.100000000073 
 0.115139539933  0.115139539928 
 0.132571136559  0.132571136581 
 0.152641796718  0.152641796737 
 0.175751062485  0.175751062487 
 0.202358964773  0.202358964795 
 0.232995181052  0.232995181251 
 0.268269579528  0.268269580152 
 0.308884359648  0.308884360035 
 0.355648030622  0.355648030885 
 0.409491506238  0.409491506743 
 0.471486636346  0.471486636824 
 0.542867543932  0.542867544413 
 0.625055192527  0.625055192845 
 0.719685673001  0.719685673464 
 0.828642772855  0.828642772449 
 0.95409547635  0.954095474681 
 1.09854114199  1.09854113784 
 1.26485521686  1.26485521277 
 1.4563484775  1.45634845208 
 1.67683293681  1.6768328755 
 1.93069772888  1.93069755885 
 2.22299648253  2.22299608287 
 2.5595479227  2.5595467399 
 2.94705170255  2.94704831711 
 3.3932217719  3.39321075867 
 3.90693993705  3.90690154188 
 4.49843266897  4.4982899615 
 5.17947467923  5.1788953332 
 5.96362331659  5.96105329688 
 6.86648845004  6.85410977171 
 7.90604321091  7.84340250449 
 9.10298177992  8.80335376071 
 10.4811313415  9.41557800962 
 12.0679264064  9.60729545231 
 13.8949549437  9.64083283071 
 15.9985871961  9.64528394278 
 18.4206996933  9.64579090927 
 21.2095088792  9.64584142603 
 24.4205309455  9.64584558119 
 28.1176869797  9.64584590736 
 32.3745754282  15.0899752752 
 37.2759372031  16.9360095092 
 42.9193426013  19.0261843441 
 49.4171336132  22.2524760691 
 56.8986602902  27.7158229418 
 65.512855686  38.0542868884 
 75.4312006335  52.9327902827 
 86.8511373751  67.9467368841 
 100.0  83.8907249303 
9102.98177992 50 
 0.1  0.100000000031 
 0.115139539933  0.115139539977 
 0.132571136559  0.132571136582 
 0.152641796718  0.152641796814 
 0.175751062485  0.175751062514 
 0.202358964773  0.202358965238 
 0.232995181052  0.232995181582 
 0.268269579528  0.268269579723 
 0.308884359648  0.308884360164 
 0.355648030622  0.355648031322 
 0.409491506238  0.409491507034 
 0.471486636346  0.471486636985 
 0.542867543932  0.542867544274 
 0.625055192527  0.625055192344 
 0.719685673001  0.71968567324 
 0.828642772855  0.828642773037 
 0.95409547635  0.95409547281 
 1.09854114199  1.0985411393 
 1.26485521686  1.26485520623 
 1.4563484775  1.45634845984 
 1.67683293681  1.67683286461 
 1.93069772888  1.93069756661 
 2.22299648253  2.22299604217 
 2.5595479227  2.5595467421 
 2.94705170255  2.94704829588 
 3.3932217719  3.39321059892 
 3.90693993705  3.90690152166 
 4.49843266897  4.49828917544 
 5.17947467923  5.1788922129 
 5.96362331659  5.96103872969 
 6.86648845004  6.85403560716 
 7.90604321091  7.84301393418 
 9.10298177992  8.80160567678 
 10.4811313415  9.411076936 
 12.0679264064  9.60113163517 
 13.8949549437  9.63430052097 
 15.9985871961  9.63870025541 
 18.4206996933  13.7826360503 
 21.2095088792  16.4069560021 
 24.4205309455  18.7258308442 
 28.1176869797  21.2904489127 
 32.3745754282  24.18273434 
 37.2759372031  27.4495017395 
 42.9193426013  31.1369357777 
 49.4171336132  35.3030704581 
 56.8986602902  41.1217919464 
 65.512855686  50.8133547568 
 75.4312006335  62.9187457672 
 86.8511373751  76.1034685461 
 100.0  90.7131050179 
15264.1796718 50 
 0.1  0.100000000001 
 0.115139539933  0.115139539926 
 0.132571136559  0.132571136687 
 0.152641796718  0.152641797018 
 0.175751062485  0.175751062709 
 0.202358964773  0.202358965032 
 0.232995181052  0.232995181529 
 0.268269579528  0.268269580415 
 0.308884359648  0.308884360406 
 0.355648030622  0.355648030696 
 0.409491506238  0.409491507126 
 0.471486636346  0.471486636963 
 0.542867543932  0.542867545564 
 0.625055192527  0.625055192925 
 0.719685673001  0.719685671168 
 0.828642772855  0.828642771838 
 0.95409547635  0.954095479674 
 1.09854114199  1.09854114045 
 1.26485521686  1.26485520672 
 1.4563484775  1.45634847103 
 1.67683293681  1.67683286642 
 1.93069772888  1.9306975613 
 2.22299648253  2.22299606954 
 2.5595479227  2.559546747 
 2.94705170255  2.94704818162 
 3.3932217719  3.39321061352 
 3.90693993705  3.90690128089 
 4.49843266897  4.49828871589 
 5.17947467923  5.17889002578 
 5.96362331659  5.96102988763 
 6.86648845004  6.85399144653 
 7.90604321091  7.84278241478 
 9.10298177992  8.80056568062 
 10.4811313415  9.4084077705 
 12.0679264064  9.59748681292 
 13.8949549437  9.63044023142 
 15.9985871961  14.3494881669 
 18.4206996933  16.8319949131 
 21.2095088792  19.3316876078 
 24.4205309455  22.158756949 
 28.1176869797  25.3885839098 
 32.3745754282  29.0815380306 
 37.2759372031  33.3030566745 
 42.9193426013  38.1271153761 
 49.4171336132  43.637658285 
 56.8986602902  49.9299115242 
 65.512855686  57.439533097 
 75.4312006335  68.2260161996 
 86.8511373751  80.6018728252 
 100.0  94.5635888907 
25595.479227 50 
 0.1  0.100000000172 
 0.115139539933  0.115139540032 
 0.132571136559  0.132571136561 
 0.152641796718  0.152641796807 
 0.175751062485  0.175751062829 
 0.202358964773  0.202358965158 
 0.232995181052  0.232995181438 
 0.268269579528  0.268269579596 
 0.308884359648  0.308884359819 
 0.355648030622  0.355648031065 
 0.409491506238  0.409491506221 
 0.471486636346  0.471486636265 
 0.542867543932  0.542867543831 
 0.625055192527  0.625055192619 
 0.719685673001  0.719685673139 
 0.828642772855  0.82864277261 
 0.95409547635  0.954095474567 
 1.09854114199  1.09854114113 
 1.26485521686  1.26485520728 
 1.4563484775  1.45634846075 
 1.67683293681  1.67683286973 
 1.93069772888  1.93069755274 
 2.22299648253  2.22299607415 
 2.5595479227  2.55954674293 
 2.94705170255  2.94704819617 
 3.3932217719  3.39321058158 
 3.90693993705  3.9069012464 
 4.49843266897  4.49828855671 
 5.17947467923  5.17888886081 
 5.96362331659  5.96102458384 
 6.86648845004  6.85396510165 
 7.90604321091  7.84264392555 
 9.10298177992  8.7999468912 
 10.4811313415  9.40682131714 
 12.0679264064  9.59532381173 
 13.8949549437  9.62815043262 
 15.9985871961  15.4772954624 
 18.4206996933  17.8416087507 
 21.2095088792  20.5154131849 
 24.4205309455  23.5817997956 
 28.1176869797  27.1034160932 
 32.3745754282  31.1480150219 
 37.2759372031  35.7927425676 
 42.9193426013  41.1259388846 
 49.4171336132  47.2487949901 
 56.8986602902  54.2771973022 
 65.512855686  62.3438257793 
 75.4312006335  71.6005437741 
 86.8511373751  83.1767847951 
 100.0  96.7920516904 
42919.3426013 50 
 0.1  0.100000000005 
 0.115139539933  0.115139539943 
 0.132571136559  0.132571136688 
 0.152641796718  0.152641796867 
 0.175751062485  0.175751062656 
 0.202358964773  0.202358964833 
 0.232995181052  0.232995181889 
 0.268269579528  0.26826958046 
 0.308884359648  0.308884359873 
 0.355648030622  0.355648030817 
 0.409491506238  0.409491507908 
 0.471486636346  0.471486636502 
 0.542867543932  0.542867543187 
 0.625055192527  0.62505519096 
 0.719685673001  0.719685672392 
 0.828642772855  0.828642773281 
 0.95409547635  0.954095475778 
 1.09854114199  1.09854113598 
 1.26485521686  1.2648552041 
 1.4563484775  1.45634844892 
 1.67683293681  1.67683286986 
 1.93069772888  1.93069755266 
 2.22299648253  2.22299606591 
 2.5595479227  2.55954673267 
 2.94705170255  2.94704819212 
 3.3932217719  3.39321052703 
 3.90693993705  3.90690129712 
 4.49843266897  4.49828839782 
 5.17947467923  5.17888826309 
 5.96362331659  5.96102143019 
 6.86648845004  6.85394934614 
 7.90604321091  7.84256147018 
 9.10298177992  8.79957700386 
 10.4811313415  9.40587740762 
 12.0679264064  9.5940378448 
 13.8949549437  13.6599992703 
 15.9985871961  15.8190042816 
 18.4206996933  18.2128624922 
 21.2095088792  20.9591716356 
 24.4205309455  24.1176788244 
 28.1176869797  27.7511527129 
 32.3745754282  31.9309618523 
 37.2759372031  36.739046315 
 42.9193426013  42.2695771936 
 49.4171336132  48.6307836427 
 56.8986602902  55.9470408156 
 65.512855686  64.3612645237 
 75.4312006335  74.0376580347 
 86.8511373751  85.164862245 
 100.0  98.0986235174 
71968.5673001 50 
 0.1  0.100000000005 
 0.115139539933  0.115139539961 
 0.132571136559  0.13257113665 
 0.152641796718  0.152641796869 
 0.175751062485  0.175751062637 
 0.202358964773  0.202358965186 
 0.232995181052  0.23299518114 
 0.268269579528  0.268269580212 
 0.308884359648  0.30888435974 
 0.355648030622  0.355648030923 
 0.409491506238  0.409491506483 
 0.471486636346  0.471486637169 
 0.542867543932  0.542867545532 
 0.625055192527  0.625055192947 
 0.719685673001  0.719685670856 
 0.828642772855  0.82864277224 
 0.95409547635  0.954095470664 
 1.09854114199  1.0985411459 
 1.26485521686  1.26485521152 
 1.4563484775  1.45634845566 
 1.67683293681  1.67683286676 
 1.93069772888  1.93069758255 
 2.22299648253  2.22299606782 
 2.5595479227  2.55954675488 
 2.94705170255  2.94704816924 
 3.3932217719  3.39321046885 
 3.90693993705  3.90690124161 
 4.49843266897  4.498288299 
 5.17947467923  5.17888792681 
 5.96362331659  5.96101951991 
 6.86648845004  6.85393974053 
 7.90604321091  7.84251224796 
 9.10298177992  8.79935682306 
 10.4811313415  9.40531489318 
 12.0679264064  9.59327242642 
 13.8949549437  13.8297064856 
 15.9985871961  15.9357865926 
 18.4206996933  18.3465876741 
 21.2095088792  21.120034201 
 24.4205309455  24.3122358997 
 28.1176869797  27.9865812729 
 32.3745754282  32.2158522864 
 37.2759372031  37.0837803371 
 42.9193426013  42.6867115109 
 49.4171336132  49.135505787 
 56.8986602902  56.5577193788 
 65.512855686  65.1001141255 
 75.4312006335  74.9315429322 
 86.8511373751  86.2462673985 
 100.0  99.2677720942 
120679.264064 50 
 0.1  0.1 
 0.115139539933  0.115139539971 
 0.132571136559  0.132571136589 
 0.152641796718  0.152641796804 
 0.175751062485  0.175751062863 
 0.202358964773  0.202358964981 
 0.232995181052  0.232995181082 
 0.268269579528  0.268269579803 
 0.308884359648  0.30888435965 
 0.355648030622  0.355648030687 
 0.409491506238  0.409491506968 
 0.471486636346  0.471486635183 
 0.542867543932  0.542867543634 
 0.625055192527  0.625055193272 
 0.719685673001  0.71968567614 
 0.828642772855  0.828642772665 
 0.95409547635  0.954095476563 
 1.09854114199  1.09854113609 
 1.26485521686  1.2648552115 
 1.4563484775  1.45634845859 
 1.67683293681  1.67683289016 
 1.93069772888  1.93069759767 
 2.22299648253  2.22299607372 
 2.5595479227  2.55954676152 
 2.94705170255  2.94704818417 
 3.3932217719  3.39321048199 
 3.90693993705  3.90690117445 
 4.49843266897  4.49828810853 
 5.17947467923  5.1788875938 
 5.96362331659  5.96101853527 
 6.86648845004  6.85393395441 
 7.90604321091  7.84248291677 
 9.10298177992  8.79922521525 
 10.4811313415  9.40497976455 
 12.0679264064  9.592815985 
 13.8949549437  13.8742225983 
 15.9985871961  15.9764788393 
 18.4206996933  18.394329209 
 21.2095088792  21.1776324413 
 24.4205309455  24.3819415426 
 28.1176869797  28.0709642066 
 32.3745754282  32.3180045027 
 37.2759372031  37.2074424921 
 42.9193426013  42.8364111161 
 49.4171336132  49.3167228181 
 56.8986602902  56.7770865292 
 65.512855686  65.3656591117 
 75.4312006335  75.2529816859 
 86.8511373751  86.6353588189 
 100.0  99.738747271 
202358.964773 50 
 0.1  0.0999999998285 
 0.115139539933  0.115139540019 
 0.132571136559  0.132571136593 
 0.152641796718  0.152641796731 
 0.175751062485  0.175751062853 
 0.202358964773  0.202358964971 
 0.232995181052  0.232995182442 
 0.268269579528  0.268269581077 
 0.308884359648  0.308884360121 
 0.355648030622  0.355648030843 
 0.409491506238  0.4094915066 
 0.471486636346  0.471486636697 
 0.542867543932  0.542867543988 
 0.625055192527  0.625055191456 
 0.719685673001  0.719685673841 
 0.828642772855  0.828642772586 
 0.95409547635  0.954095473138 
 1.09854114199  1.09854113953 
 1.26485521686  1.26485520931 
 1.4563484775  1.45634845621 
 1.67683293681  1.67683286328 
 1.93069772888  1.93069758414 
 2.22299648253  2.22299608345 
 2.5595479227  2.55954672374 
 2.94705170255  2.94704818587 
 3.3932217719  3.39321044475 
 3.90693993705  3.90690121089 
 4.49843266897  4.49828808879 
 5.17947467923  5.17888767962 
 5.96362331659  5.96101764782 
 6.86648845004  6.85393072833 
 7.90604321091  7.84246517438 
 9.10298177992  8.7991470528 
 10.4811313415  9.40477984907 
 12.0679264064  12.0557494057 
 13.8949549437  13.8880133091 
 15.9985871961  15.9907735021 
 18.4206996933  18.4113221748 
 21.2095088792  21.1981654329 
 24.4205309455  24.4067972892 
 28.1176869797  28.1010580396 
 32.3745754282  32.3544407031 
 37.2759372031  37.2515576016 
 42.9193426013  42.8898232351 
 49.4171336132  49.3813909476 
 56.8986602902  56.8553823772 
 65.512855686  65.4604540178 
 75.4312006335  75.3677518475 
 86.8511373751  86.7743126714 
 100.0  99.9069796841 
339322.17719 50 
 0.1  0.10000000004 
 0.115139539933  0.115139540027 
 0.132571136559  0.132571136719 
 0.152641796718  0.152641796856 
 0.175751062485  0.175751062828 
 0.202358964773  0.202358965295 
 0.232995181052  0.23299518169 
 0.268269579528  0.268269579576 
 0.308884359648  0.308884361759 
 0.355648030622  0.355648030829 
 0.409491506238  0.409491507959 
 0.471486636346  0.471486636955 
 0.542867543932  0.542867540747 
 0.625055192527  0.625055192716 
 0.719685673001  0.719685672679 
 0.828642772855  0.828642772844 
 0.95409547635  0.954095469645 
 1.09854114199  1.09854113803 
 1.26485521686  1.26485520298 
 1.4563484775  1.45634846363 
 1.67683293681  1.6768328711 
 1.93069772888  1.93069757693 
 2.22299648253  2.22299608243 
 2.5595479227  2.55954672137 
 2.94705170255  2.9470482026 
 3.3932217719  3.39321042367 
 3.90693993705  3.90690119147 
 4.49843266897  4.49828805555 
 5.17947467923  5.17888739531 
 5.96362331659  5.96101723605 
 6.86648845004  6.85392851953 
 7.90604321091  7.84245502569 
 9.10298177992  8.79910041596 
 10.4811313415  9.40466072688 
 12.0679264064  12.0650946287 
 13.8949549437  13.8925690879 
 15.9985871961  15.9958188815 
 18.4206996933  18.4173653172 
 21.2095088792  21.2054738296 
 24.4205309455  24.415645413 
 28.1176869797  28.1117714015 
 32.3745754282  32.367412605 
 37.2759372031  37.2672641654 
 42.9193426013  42.9088409384 
 49.4171336132  49.4044177828 
 56.8986602902  56.8832634646 
 65.512855686  65.494212615 
 75.4312006335  75.4086268945 
 86.8511373751  86.8238042478 
 100.0  99.9669040452 
568986.602902 50 
 0.1  0.100000000011 
 0.115139539933  0.115139539958 
 0.132571136559  0.132571136655 
 0.152641796718  0.152641796812 
 0.175751062485  0.175751062613 
 0.202358964773  0.202358965524 
 0.232995181052  0.232995181477 
 0.268269579528  0.268269580748 
 0.308884359648  0.308884359868 
 0.355648030622  0.355648031281 
 0.409491506238  0.409491507413 
 0.471486636346  0.471486636931 
 0.542867543932  0.542867543801 
 0.625055192527  0.625055192553 
 0.719685673001  0.719685672822 
 0.828642772855  0.828642771095 
 0.95409547635  0.954095471558 
 1.09854114199  1.09854113232 
 1.26485521686  1.26485519965 
 1.4563484775  1.45634846388 
 1.67683293681  1.6768328663 
 1.93069772888  1.93069759212 
 2.22299648253  2.22299606398 
 2.5595479227  2.55954673611 
 2.94705170255  2.94704819321 
 3.3932217719  3.39321050468 
 3.90693993705  3.90690105143 
 4.49843266897  4.49828816302 
 5.17947467923  5.17888727753 
 5.96362331659  5.96101702895 
 6.86648845004  6.85392756081 
 7.90604321091  7.84244860009 
 9.10298177992  8.79907252994 
 10.4811313415  9.40459010936 
 12.0679264064  12.0670908785 
 13.8949549437  13.8941230735 
 15.9985871961  15.99760493 
 18.4206996933  18.419514044 
 21.2095088792  21.208073738 
 24.4205309455  24.418793267 
 28.1176869797  28.1155829228 
 32.3745754282  32.3720277378 
 37.2759372031  37.2728523405 
 42.9193426013  42.9156073059 
 49.4171336132  49.4126107443 
 56.8986602902  56.8931837915 
 65.512855686  65.5062244894 
 75.4312006335  75.423171277 
 86.8511373751  86.8414150643 
 100.0  99.9882277852 
954095.47635 50 
 0.1  0.100000000048 
 0.115139539933  0.115139540132 
 0.132571136559  0.132571136904 
 0.152641796718  0.152641796811 
 0.175751062485  0.175751062834 
 0.202358964773  0.202358964793 
 0.232995181052  0.23299518105 
 0.268269579528  0.268269580039 
 0.308884359648  0.30888435986 
 0.355648030622  0.355648030643 
 0.409491506238  0.409491507192 
 0.471486636346  0.471486636809 
 0.542867543932  0.542867544387 
 0.625055192527  0.625055193077 
 0.719685673001  0.719685671485 
 0.828642772855  0.828642767195 
 0.95409547635  0.954095471428 
 1.09854114199  1.09854114502 
 1.26485521686  1.26485521051 
 1.4563484775  1.45634846611 
 1.67683293681  1.67683286618 
 1.93069772888  1.93069755709 
 2.22299648253  2.22299623629 
 2.5595479227  2.55954676432 
 2.94705170255  2.94704818791 
 3.3932217719  3.39321046267 
 3.90693993705  3.90690106214 
 4.49843266897  4.49828795338 
 5.17947467923  5.17888734905 
 5.96362331659  5.96101679199 
 6.86648845004  6.85392682202 
 7.90604321091  7.84244463899 
 9.10298177992  8.79905585827 
 10.4811313415  10.480315149 
 12.0679264064  12.067656643 
 13.8949549437  13.8946625154 
 15.9985871961  15.9982383425 
 18.4206996933  18.420278073 
 21.2095088792  21.2089984665 
 24.4205309455  24.4199129251 
 28.1176869797  28.1169386516 
 32.3745754282  32.3736693159 
 37.2759372031  37.2748400381 
 42.9193426013  42.9180141003 
 49.4171336132  49.4155249994 
 56.8986602902  56.8967125022 
 65.512855686  65.5104972096 
 75.4312006335  75.4283448758 
 86.8511373751  86.8476794852 
 100.0  99.9958130195 
1599858.71961 50 
 0.1  0.100000000793 
 0.115139539933  0.115139539961 
 0.132571136559  0.132571136591 
 0.152641796718  0.152641796755 
 0.175751062485  0.175751062616 
 0.202358964773  0.202358964942 
 0.232995181052  0.232995181331 
 0.268269579528  0.268269580201 
 0.308884359648  0.308884359723 
 0.355648030622  0.355648031304 
 0.409491506238  0.409491504747 
 0.471486636346  0.471486635822 
 0.542867543932  0.54286754503 
 0.625055192527  0.625055191601 
 0.719685673001  0.71968566945 
 0.828642772855  0.828642768218 
 0.95409547635  0.954095474635 
 1.09854114199  1.0985411368 
 1.26485521686  1.26485521545 
 1.4563484775  1.45634845222 
 1.67683293681  1.67683286962 
 1.93069772888  1.930697597 
 2.22299648253  2.22299606257 
 2.5595479227  2.55954673953 
 2.94705170255  2.94704815619 
 3.3932217719  3.3932104431 
 3.90693993705  3.90690117218 
 4.49843266897  4.49828791327 
 5.17947467923  5.17888734946 
 5.96362331659  5.96101674775 
 6.86648845004  6.85392627358 
 7.90604321091  7.84244263302 
 9.10298177992  8.79904588642 
 10.4811313415  10.4810037229 
 12.0679264064  12.0678354634 
 13.8949549437  13.8948516556 
 15.9985871961  15.9984632309 
 18.4206996933  18.4205497572 
 21.2095088792  21.2093273516 
 24.4205309455  24.4203111455 
 28.1176869797  28.1174208352 
 32.3745754282  32.3742531672 
 37.2759372031  37.2755469935 
 42.9193426013  42.9188701161 
 49.4171336132  49.4165615048 
 56.8986602902  56.8979675529 
 65.512855686  65.5120168853 
 75.4312006335  75.4301849721 
 86.8511373751  86.849907562 
 100.0  99.9985108814 
2682695.79528 50 
 0.1  0.100000000051 
 0.115139539933  0.115139539987 
 0.132571136559  0.13257113661 
 0.152641796718  0.152641796828 
 0.175751062485  0.175751062508 
 0.202358964773  0.20235896536 
 0.232995181052  0.232995181224 
 0.268269579528  0.268269579937 
 0.308884359648  0.308884359652 
 0.355648030622  0.35564803096 
 0.409491506238  0.409491506763 
 0.471486636346  0.471486636384 
 0.542867543932  0.542867543875 
 0.625055192527  0.62505519242 
 0.719685673001  0.719685672744 
 0.828642772855  0.828642773493 
 0.95409547635  0.954095472444 
 1.09854114199  1.09854113682 
 1.26485521686  1.26485520374 
 1.4563484775  1.45634844393 
 1.67683293681  1.67683286647 
 1.93069772888  1.9306975603 
 2.22299648253  2.22299605186 
 2.5595479227  2.55954668959 
 2.94705170255  2.94704810931 
 3.3932217719  3.39321047863 
 3.90693993705  3.9069010635 
 4.49843266897  4.49828793851 
 5.17947467923  5.1788871371 
 5.96362331659  5.96101669717 
 6.86648845004  6.85392585939 
 7.90604321091  7.84244131791 
 9.10298177992  8.79903989776 
 10.4811313415  10.4810972922 
 12.0679264064  12.0678950369 
 13.8949549437  13.8949183592 
 15.9985871961  15.9985431302 
 18.4206996933  18.4206463716 
 21.2095088792  21.2094443194 
 24.4205309455  24.4204527738 
 28.1176869797  28.1175923256 
 32.3745754282  32.3744608162 
 37.2759372031  37.2757984252 
 42.9193426013  42.9191745621 
 49.4171336132  49.416930143 
 56.8986602902  56.8984139182 
 65.512855686  65.5125573665 
 75.4312006335  75.4308394134 
 86.8511373751  86.8506999918 
 100.0  99.9994703944 
4498432.66897 50 
 0.1  0.100000000563 
 0.115139539933  0.115139540007 
 0.132571136559  0.132571136618 
 0.152641796718  0.152641796743 
 0.175751062485  0.17575106256 
 0.202358964773  0.202358965799 
 0.232995181052  0.232995181195 
 0.268269579528  0.268269579612 
 0.308884359648  0.308884359958 
 0.355648030622  0.355648031357 
 0.409491506238  0.40949150618 
 0.471486636346  0.471486633564 
 0.542867543932  0.542867544105 
 0.625055192527  0.625055194377 
 0.719685673001  0.719685673068 
 0.828642772855  0.828642771636 
 0.95409547635  0.954095472626 
 1.09854114199  1.09854113821 
 1.26485521686  1.26485521099 
 1.4563484775  1.45634845129 
 1.67683293681  1.67683286811 
 1.93069772888  1.93069755109 
 2.22299648253  2.22299603408 
 2.5595479227  2.55954672107 
 2.94705170255  2.94704819504 
 3.3932217719  3.39321043053 
 3.90693993705  3.90690107668 
 4.49843266897  4.49828802156 
 5.17947467923  5.17888709305 
 5.96362331659  5.96101669331 
 6.86648845004  6.85392584716 
 7.90604321091  7.84244025228 
 9.10298177992  9.10289407491 
 10.4811313415  10.4811208206 
 12.0679264064  12.0679154467 
 13.8949549437  13.8949419641 
 15.9985871961  15.9985715288 
 18.4206996933  18.4206807301 
 21.2095088792  21.2094859187 
 24.4205309455  24.4205031438 
 28.1176869797  28.1176533161 
 32.3745754282  32.3745346666 
 37.2759372031  37.275887847 
 42.9193426013  42.9192828384 
 49.4171336132  49.4170612493 
 56.8986602902  56.8985726683 
 65.512855686  65.512749589 
 75.4312006335  75.4310721661 
 86.8511373751  86.8509818203 
 100.0  99.9998116464 
7543120.06335 50 
 0.1  0.100000000128 
 0.115139539933  0.115139540532 
 0.132571136559  0.132571136712 
 0.152641796718  0.152641796716 
 0.175751062485  0.175751062756 
 0.202358964773  0.202358965225 
 0.232995181052  0.232995181962 
 0.268269579528  0.268269579694 
 0.308884359648  0.308884359725 
 0.355648030622  0.355648031918 
 0.409491506238  0.409491507016 
 0.471486636346  0.471486637328 
 0.542867543932  0.5428675437 
 0.625055192527  0.625055192691 
 0.719685673001  0.719685671866 
 0.828642772855  0.828642771524 
 0.95409547635  0.954095470465 
 1.09854114199  1.09854113549 
 1.26485521686  1.26485520686 
 1.4563484775  1.45634844871 
 1.67683293681  1.67683287332 
 1.93069772888  1.93069757031 
 2.22299648253  2.22299606449 
 2.5595479227  2.55954673234 
 2.94705170255  2.94704816675 
 3.3932217719  3.39321048514 
 3.90693993705  3.90690111753 
 4.49843266897  4.49828802794 
 5.17947467923  5.17888694795 
 5.96362331659  5.96101680212 
 6.86648845004  6.85392556889 
 7.90604321091  7.8424409771 
 9.10298177992  9.10297597228 
 10.4811313415  10.4811278705 
 12.0679264064  12.0679225492 
 13.8949549437  13.8949503342 
 15.9985871961  15.998581625 
 18.4206996933  18.4206929492 
 21.2095088792  21.2095007133 
 24.4205309455  24.4205210579 
 28.1176869797  28.1176750073 
 32.3745754282  32.3745609314 
 37.2759372031  37.2759196497 
 42.9193426013  42.9193213467 
 49.4171336132  49.4171078771 
 56.8986602902  56.8986291276 
 65.512855686  65.5128179528 
 75.4312006335  75.4311549443 
 86.8511373751  86.8510820523 
 100.0  99.9999330124 
12648552.1686 50 
 0.1  0.10000000039 
 0.115139539933  0.115139539981 
 0.132571136559  0.132571136568 
 0.152641796718  0.152641796924 
 0.175751062485  0.175751062484 
 0.202358964773  0.202358964879 
 0.232995181052  0.23299518192 
 0.268269579528  0.268269579558 
 0.308884359648  0.308884359948 
 0.355648030622  0.355648030559 
 0.409491506238  0.409491506239 
 0.471486636346  0.471486636317 
 0.542867543932  0.542867546107 
 0.625055192527  0.62505519221 
 0.719685673001  0.719685672916 
 0.828642772855  0.828642771799 
 0.95409547635  0.954095473115 
 1.09854114199  1.09854113732 
 1.26485521686  1.26485520424 
 1.4563484775  1.45634844971 
 1.67683293681  1.67683287521 
 1.93069772888  1.93069756687 
 2.22299648253  2.2229960387 
 2.5595479227  2.5595467462 
 2.94705170255  2.94704820513 
 3.3932217719  3.39321052407 
 3.90693993705  3.90690107774 
 4.49843266897  4.49828783529 
 5.17947467923  5.17888700349 
 5.96362331659  5.9610166177 
 6.86648845004  6.85392548234 
 7.90604321091  7.84243997961 
 9.10298177992  9.10298039828 
 10.4811313415  10.481130158 
 12.0679264064  12.0679250431 
 13.8949549437  13.8949533058 
 15.9985871961  15.9985852149 
 18.4206996933  18.4206972948 
 21.2095088792  21.209505975 
 24.4205309455  24.420527429 
 28.1176869797  28.1176827218 
 32.3745754282  32.3745702724 
 37.2759372031  37.2759309603 
 42.9193426013  42.9193350421 
 49.4171336132  49.4171244602 
 56.8986602902  56.8986492073 
 65.512855686  65.5128422662 
 75.4312006335  75.4311843843 
 86.8511373751  86.8511176997 
 100.0  99.999976176 
21209508.8792 50 
 0.1  0.100000000004 
 0.115139539933  0.115139540316 
 0.132571136559  0.132571136568 
 0.152641796718  0.152641796731 
 0.175751062485  0.175751062644 
 0.202358964773  0.202358964858 
 0.232995181052  0.232995181818 
 0.268269579528  0.268269579572 
 0.308884359648  0.308884359813 
 0.355648030622  0.355648030581 
 0.409491506238  0.409491506309 
 0.471486636346  0.471486636596 
 0.542867543932  0.54286754394 
 0.625055192527  0.625055192702 
 0.719685673001  0.719685672672 
 0.828642772855  0.828642771812 
 0.95409547635  0.954095474931 
 1.09854114199  1.09854114127 
 1.26485521686  1.26485520613 
 1.4563484775  1.45634845181 
 1.67683293681  1.67683287402 
 1.93069772888  1.93069756339 
 2.22299648253  2.22299604841 
 2.5595479227  2.55954674104 
 2.94705170255  2.94704816861 
 3.3932217719  3.3932105268 
 3.90693993705  3.90690113274 
 4.49843266897  4.49828773844 
 5.17947467923  5.17888719103 
 5.96362331659  5.96101653882 
 6.86648845004  6.853925927 
 7.90604321091  7.90584611295 
 9.10298177992  9.1029813727 
 10.4811313415  10.4811309307 
 12.0679264064  12.0679259233 
 13.8949549437  13.8949543615 
 15.9985871961  15.9985864915 
 18.4206996933  18.4206988403 
 21.2095088792  21.2095078463 
 24.4205309455  24.4205296948 
 28.1176869797  28.1176854654 
 32.3745754282  32.3745735945 
 37.2759372031  37.2759349829 
 42.9193426013  42.9193399129 
 49.4171336132  49.417130358 
 56.8986602902  56.8986563486 
 65.512855686  65.5128509133 
 75.4312006335  75.4311948545 
 86.8511373751  86.8511303776 
 100.0  99.999991527 
35564803.0622 50 
 0.1  0.100000000048 
 0.115139539933  0.115139539967 
 0.132571136559  0.132571136586 
 0.152641796718  0.15264179698 
 0.175751062485  0.175751062575 
 0.202358964773  0.202358964897 
 0.232995181052  0.232995181074 
 0.268269579528  0.268269579529 
 0.308884359648  0.308884360871 
 0.355648030622  0.355648032277 
 0.409491506238  0.40949150583 
 0.471486636346  0.471486636327 
 0.542867543932  0.542867543905 
 0.625055192527  0.625055192103 
 0.719685673001  0.719685671781 
 0.828642772855  0.82864277173 
 0.95409547635  0.954095475324 
 1.09854114199  1.09854113645 
 1.26485521686  1.2648552047 
 1.4563484775  1.4563484544 
 1.67683293681  1.67683287506 
 1.93069772888  1.93069755995 
 2.22299648253  2.22299607335 
 2.5595479227  2.55954676879 
 2.94705170255  2.94704821002 
 3.3932217719  3.393210541 
 3.90693993705  3.90690103116 
 4.49843266897  4.49828801487 
 5.17947467923  5.17888733454 
 5.96362331659  5.96101668271 
 6.86648845004  6.85392553014 
 7.90604321091  7.90604296178 
 9.10298177992  9.1029816478 
 10.4811313415  10.4811311975 
 12.0679264064  12.067926235 
 13.8949549437  13.8949547367 
 15.9985871961  15.9985869455 
 18.4206996933  18.4206993899 
 21.2095088792  21.2095085119 
 24.4205309455  24.4205305007 
 28.1176869797  28.1176864412 
 32.3745754282  32.374574776 
 37.2759372031  37.2759364135 
 42.9193426013  42.9193416452 
 49.4171336132  49.4171324555 
 56.8986602902  56.8986588884 
 65.512855686  65.5128539886 
 75.4312006335  75.4311985782 
 86.8511373751  86.8511348865 
 100.0  99.9999969866 
59636233.1659 50 
 0.1  0.10000000064 
 0.115139539933  0.11513953998 
 0.132571136559  0.132571136576 
 0.152641796718  0.152641796821 
 0.175751062485  0.175751062745 
 0.202358964773  0.202358964931 
 0.232995181052  0.232995181064 
 0.268269579528  0.268269579548 
 0.308884359648  0.308884359188 
 0.355648030622  0.355648030735 
 0.409491506238  0.409491506178 
 0.471486636346  0.471486636389 
 0.542867543932  0.542867544002 
 0.625055192527  0.625055191858 
 0.719685673001  0.719685672366 
 0.828642772855  0.828642771896 
 0.95409547635  0.954095473262 
 1.09854114199  1.09854113699 
 1.26485521686  1.26485520769 
 1.4563484775  1.45634845017 
 1.67683293681  1.67683286978 
 1.93069772888  1.93069755359 
 2.22299648253  2.22299606215 
 2.5595479227  2.55954670778 
 2.94705170255  2.94704820312 
 3.3932217719  3.39321054993 
 3.90693993705  3.90690109562 
 4.49843266897  4.49828804704 
 5.17947467923  5.17888740381 
 5.96362331659  5.96101667231 
 6.86648845004  6.85392540977 
 7.90604321091  7.90604315638 
 9.10298177992  9.10298173535 
 10.4811313415  10.4811312907 
 12.0679264064  12.0679263455 
 13.8949549437  13.8949548701 
 15.9985871961  15.998587107 
 18.4206996933  18.4206995854 
 21.2095088792  21.2095087486 
 24.4205309455  24.4205307873 
 28.1176869797  28.1176867882 
 32.3745754282  32.3745751962 
 37.2759372031  37.2759369223 
 42.9193426013  42.9193422612 
 49.4171336132  49.4171332015 
 56.8986602902  56.8986597916 
 65.512855686  65.5128550823 
 75.4312006335  75.4311999026 
 86.8511373751  86.85113649 
 100.0  99.9999989283 
100000000.0 50 
 0.1  0.099999999971 
 0.115139539933  0.11513954005 
 0.132571136559  0.132571136559 
 0.152641796718  0.152641796729 
 0.175751062485  0.175751062514 
 0.202358964773  0.202358964807 
 0.232995181052  0.232995181706 
 0.268269579528  0.268269579526 
 0.308884359648  0.308884360117 
 0.355648030622  0.355648030565 
 0.409491506238  0.409491506619 
 0.471486636346  0.471486636403 
 0.542867543932  0.542867543931 
 0.625055192527  0.625055192501 
 0.719685673001  0.719685672912 
 0.828642772855  0.828642772058 
 0.95409547635  0.954095473886 
 1.09854114199  1.09854113653 
 1.26485521686  1.26485521305 
 1.4563484775  1.4563484513 
 1.67683293681  1.67683287557 
 1.93069772888  1.93069756699 
 2.22299648253  2.22299604072 
 2.5595479227  2.55954676593 
 2.94705170255  2.94704818876 
 3.3932217719  3.39321048378 
 3.90693993705  3.90690111226 
 4.49843266897  4.49828792959 
 5.17947467923  5.17888734683 
 5.96362331659  5.96101645663 
 6.86648845004  6.8664874442 
 7.90604321091  7.90604319533 
 9.10298177992  9.10298176454 
 10.4811313415  10.4811313236 
 12.0679264064  12.0679263848 
 13.8949549437  13.8949549176 
 15.9985871961  15.9985871644 
 18.4206996933  18.4206996549 
 21.2095088792  21.2095088327 
 24.4205309455  24.4205308892 
 28.1176869797  28.1176869116 
 32.3745754282  32.3745753457 
 37.2759372031  37.2759371033 
 42.9193426013  42.9193424804 
 49.4171336132  49.4171334668 
 56.8986602902  56.8986601129 
 65.512855686  65.5128554713 
 75.4312006335  75.4312003736 
 86.8511373751  86.8511370604 
 100.0  99.9999996188 
