 0.1  0.1 
 0.115139539933  0.115139539933 
 0.132571136559  0.132571136559 
 0.152641796718  0.152641796718 
 0.175751062485  0.175751062485 
 0.202358964773  0.202358964772 
 0.232995181052  0.232995181048 
 0.268269579528  0.268269579526 
 0.308884359648  0.308884359649 
 0.355648030622  0.355648030625 
 0.409491506238  0.409491506241 
 0.471486636346  0.471486636349 
 0.542867543932  0.542867543935 
 0.625055192527  0.625055192528 
 0.719685673001  0.719685672936 
 0.828642772855  0.828642772852 
 0.95409547635  0.954095476411 
 1.09854114199  1.09854114208 
 1.26485521686  1.26485521692 
 1.4563484775  1.45634847743 
 1.67683293681  1.67683293603 
 1.93069772888  1.93069772825 
 2.22299648253  2.22299648324 
 2.5595479227  2.55954792144 
 2.94705170255  2.94705169012 
 3.3932217719  3.39322174987 
 3.90693993705  3.90693989396 
 4.49843266897  4.49843256739 
 5.17947467923  5.17947442689 
 5.96362331659  5.96362260055 
 6.86648845004  6.86648642463 
 7.90604321091  7.9060373038 
 9.10298177992  9.10296408548 
 10.4811313415  10.4810753632 
 12.0679264064  12.0677409654 
 13.8949549437  13.8943016396 
 15.9985871961  15.9961343702 
 18.4206996933  18.410837185 
 21.2095088792  21.167015181 
 24.4205309455  24.2274118578 
 28.1176869797  27.2627490292 
 32.3745754282  29.3867312766 
 37.2759372031  30.2106040707 
 42.9193426013  30.4138058529 
 49.4171336132  30.4660962119 
 56.8986602902  30.496242205 
 65.512855686  30.5318438934 
 75.4312006335  30.5816560324 
 86.8511373751  30.6535115059 
 100.0  30.7587903615 
