 0.1  0.1 
 0.115139539933  0.115139539933 
 0.132571136559  0.132571136559 
 0.152641796718  0.152641796718 
 0.175751062485  0.175751062485 
 0.202358964773  0.202358964772 
 0.232995181052  0.232995181047 
 0.268269579528  0.268269579528 
 0.308884359648  0.308884359649 
 0.355648030622  0.355648030625 
 0.409491506238  0.409491506241 
 0.471486636346  0.471486636349 
 0.542867543932  0.542867543934 
 0.625055192527  0.625055192527 
 0.719685673001  0.71968567294 
 0.828642772855  0.828642772871 
 0.95409547635  0.954095476413 
 1.09854114199  1.09854114207 
 1.26485521686  1.2648552169 
 1.4563484775  1.45634847724 
 1.67683293681  1.67683293615 
 1.93069772888  1.93069772852 
 2.22299648253  2.22299648325 
 2.5595479227  2.55954792109 
 2.94705170255  2.94705169028 
 3.3932217719  3.39322175193 
 3.90693993705  3.90693989712 
 4.49843266897  4.4984325691 
 5.17947467923  5.17947442838 
 5.96362331659  5.96362259073 
 6.86648845004  6.86648639841 
 7.90604321091  7.90603730612 
 9.10298177992  9.10296396257 
 10.4811313415  10.4810753269 
 12.0679264064  12.0677409988 
 13.8949549437  13.8943015387 
 15.9985871961  15.9961344147 
 18.4206996933  18.4108368586 
 21.2095088792  21.1670152049 
 24.4205309455  24.2274112916 
 28.1176869797  27.2627489905 
 32.3745754282  29.3867312323 
 37.2759372031  30.2106043031 
 42.9193426013  30.4138059271 
 49.4171336132  40.8554722702 
 56.8986602902  50.1721563899 
 65.512855686  60.1237192927 
 75.4312006335  71.1168761768 
 86.8511373751  83.4147065972 
 100.0  97.2841149933 
