 0.1  0.0999999999999 
 0.115139539933  0.115139539933 
 0.132571136559  0.132571136559 
 0.152641796718  0.152641796717 
 0.175751062485  0.175751062485 
 0.202358964773  0.202358964772 
 0.232995181052  0.232995181051 
 0.268269579528  0.268269579528 
 0.308884359648  0.308884359648 
 0.355648030622  0.355648030622 
 0.409491506238  0.409491506238 
 0.471486636346  0.471486636345 
 0.542867543932  0.542867543932 
 0.625055192527  0.625055192527 
 0.719685673001  0.719685673001 
 0.828642772855  0.828642772854 
 0.95409547635  0.95409547635 
 1.09854114199  1.09854114199 
 1.26485521686  1.26485521685 
 1.4563484775  1.4563484775 
 1.67683293681  1.67683293682 
 1.93069772888  1.9306977289 
 2.22299648253  2.22299648254 
 2.5595479227  2.55954792268 
 2.94705170255  2.94705170249 
 3.3932217719  3.39322177225 
 3.90693993705  3.90693993702 
 4.49843266897  4.4984326673 
 5.17947467923  5.17947467465 
 5.96362331659  5.96362330368 
 6.86648845004  6.86648841106 
 7.90604321091  7.90604308567 
 9.10298177992  9.10298134991 
 10.4811313415  10.4811297641 
 12.0679264064  12.0679201972 
 13.8949549437  13.8949286141 
 15.9985871961  15.9984666376 
 18.4206996933  18.420101913 
 21.2095088792  21.206296435 
 24.4205309455  24.4018348256 
 28.1176869797  28.0016545171 
 32.3745754282  31.6717028446 
 37.2759372031  34.1824107585 
 42.9193426013  34.9890960329 
 49.4171336132  35.1347534967 
 56.8986602902  35.1553226011 
 65.512855686  35.1569293507 
 75.4312006335  35.1555756426 
 86.8511373751  35.153284063 
 100.0  35.1500503063 
