 0.1  0.1 
 0.115139539933  0.115139539933 
 0.132571136559  0.132571136559 
 0.152641796718  0.152641796718 
 0.175751062485  0.175751062485 
 0.202358964773  0.202358964772 
 0.232995181052  0.232995181047 
 0.268269579528  0.268269579527 
 0.308884359648  0.308884359649 
 0.355648030622  0.355648030625 
 0.409491506238  0.409491506241 
 0.471486636346  0.471486636349 
 0.542867543932  0.542867543935 
 0.625055192527  0.625055192528 
 0.719685673001  0.719685672933 
 0.828642772855  0.828642772856 
 0.95409547635  0.954095476412 
 1.09854114199  1.09854114208 
 1.26485521686  1.26485521692 
 1.4563484775  1.45634847741 
 1.67683293681  1.67683293605 
 1.93069772888  1.9306977283 
 2.22299648253  2.2229964833 
 2.5595479227  2.5595479214 
 2.94705170255  2.9470516903 
 3.3932217719  3.39322175013 
 3.90693993705  3.90693989462 
 4.49843266897  4.4984325677 
 5.17947467923  5.17947442718 
 5.96362331659  5.96362259984 
 6.86648845004  6.866486425 
 7.90604321091  7.90603730484 
 9.10298177992  9.102964089 
 10.4811313415  10.4810753534 
 12.0679264064  12.0677409673 
 13.8949549437  13.8943017544 
 15.9985871961  15.9961345203 
 18.4206996933  18.4108366665 
 21.2095088792  21.1670151584 
 24.4205309455  24.2274118357 
 28.1176869797  27.2627490499 
 32.3745754282  29.3867312667 
 37.2759372031  30.2106040688 
 42.9193426013  30.4138058518 
 49.4171336132  30.4660962181 
 56.8986602902  30.4962422056 
 65.512855686  30.5318438993 
 75.4312006335  30.5816562412 
 86.8511373751  30.6535114342 
 100.0  30.7587903778 
