 0.1  0.1 
 0.115139539933  0.115139539933 
 0.132571136559  0.132571136559 
 0.152641796718  0.152641796718 
 0.175751062485  0.175751062485 
 0.202358964773  0.202358964772 
 0.232995181052  0.232995181046 
 0.268269579528  0.268269579527 
 0.308884359648  0.308884359649 
 0.355648030622  0.355648030625 
 0.409491506238  0.409491506241 
 0.471486636346  0.471486636349 
 0.542867543932  0.542867543935 
 0.625055192527  0.625055192527 
 0.719685673001  0.719685672934 
 0.828642772855  0.828642772864 
 0.95409547635  0.954095476413 
 1.09854114199  1.09854114207 
 1.26485521686  1.26485521691 
 1.4563484775  1.45634847733 
 1.67683293681  1.67683293609 
 1.93069772888  1.9306977284 
 2.22299648253  2.22299648338 
 2.5595479227  2.5595479213 
 2.94705170255  2.94705169028 
 3.3932217719  3.39322175096 
 3.90693993705  3.90693989577 
 4.49843266897  4.49843256826 
 5.17947467923  5.17947442778 
 5.96362331659  5.96362259834 
 6.86648845004  6.86648642573 
 7.90604321091  7.90603730546 
 9.10298177992  9.10296400944 
 10.4811313415  10.4810753359 
 12.0679264064  12.0677409722 
 13.8949549437  13.8943015492 
 15.9985871961  15.9961344679 
 18.4206996933  18.4108368548 
 21.2095088792  21.1670151832 
 24.4205309455  24.2274109639 
 28.1176869797  27.2627489982 
 32.3745754282  29.3867312491 
 37.2759372031  30.2106043047 
 42.9193426013  30.4138059326 
 49.4171336132  30.4660962941 
 56.8986602902  30.4962422045 
 65.512855686  30.5318440018 
 75.4312006335  30.5816559523 
 86.8511373751  30.9088233322 
 100.0  66.3081418779 
