0.1 0.0999999985231 
0.115139539933 0.115139538375 
0.132571136559 0.132571136559 
0.152641796718 0.152641796718 
0.175751062485 0.175751062485 
0.202358964773 0.202358964773 
0.232995181052 0.232995181052 
0.268269579528 0.268269579528 
0.308884359648 0.308884359648 
0.355648030622 0.355648030622 
0.409491506238 0.409491506238 
0.471486636346 0.471486636346 
0.542867543932 0.542867543932 
0.625055192527 0.625055192527 
0.719685673001 0.719685673001 
0.828642772855 0.828642772854 
0.95409547635 0.95409547635 
1.09854114199 1.09854114199 
1.26485521686 1.26485521685 
1.4563484775 1.4563484775 
1.67683293681 1.6768329368 
1.93069772888 1.93069772886 
2.22299648253 2.22299648245 
2.5595479227 2.55954792251 
2.94705170255 2.94705170207 
3.3932217719 3.39322177067 
3.90693993705 3.9069399341 
4.49843266897 4.4984326623 
5.17947467923 5.17947466444 
5.96362331659 5.96362328074 
6.86648845004 6.8664883559 
7.90604321091 7.90604295008 
9.10298177992 9.10298100729 
10.4811313415 10.4811289063 
12.0679264064 12.067918141 
13.8949549437 13.8949246515 
15.9985871961 15.9984667921 
18.4206996933 18.4201782887 
21.2095088792 21.2070361469 
24.4205309455 24.4076425407 
28.1176869797 28.044124093 
32.3745754282 31.9358234986 
37.2759372031 35.0831307982 
42.9193426013 36.3330641039 
49.4171336132 36.5659908159 
56.8986602902 36.5962671801 
65.512855686 36.5996004947 
75.4312006335 36.5999198027 
86.8511373751 36.5999463714 
100.0 36.5999482481 
