0.1 0.1 
0.115139539933 0.115139539933 
0.132571136559 0.132571136559 
0.152641796718 0.152641796718 
0.175751062485 0.175751062485 
0.202358964773 0.202358964773 
0.232995181052 0.232995181052 
0.268269579528 0.268269579528 
0.308884359648 0.308884359648 
0.355648030622 0.355648030622 
0.409491506238 0.409491506238 
0.471486636346 0.471486636346 
0.542867543932 0.542867543932 
0.625055192527 0.625055192527 
0.719685673001 0.719685673001 
0.828642772855 0.828642772855 
0.95409547635 0.95409547635 
1.09854114199 1.09854114199 
1.26485521686 1.26485521686 
1.4563484775 1.4563484775 
1.67683293681 1.67683293681 
1.93069772888 1.93069772888 
2.22299648253 2.22299648252 
2.5595479227 2.55954792268 
2.94705170255 2.9470517025 
3.3932217719 3.39322177177 
3.90693993705 3.90693993676 
4.49843266897 4.49843266831 
5.17947467923 5.17947467772 
5.96362331659 5.96362331296 
6.86648845004 6.86648844069 
7.90604321091 7.90604318509 
9.10298177992 9.1029817039 
10.4811313415 10.4811311022 
12.0679264064 12.0679255975 
13.8949549437 13.8949519969 
15.9985871961 15.9985755661 
18.4206996933 18.4206497306 
21.2095088792 21.2092739884 
24.4205309455 24.4193157103 
28.1176869797 28.1107339043 
32.3745754282 32.3305291253 
37.2759372031 36.9757063103 
42.9193426013 41.0955502824 
49.4171336132 42.9154064745 
56.8986602902 43.2398952982 
65.512855686 43.2757755028 
75.4312006335 43.2790025571 
86.8511373751 43.2792490951 
100.0 43.2792655183 
