0.1 0.0999999999823 
0.115139539933 0.115139539911 
0.132571136559 0.132571136533 
0.152641796718 0.152641796685 
0.175751062485 0.175751062444 
0.202358964773 0.202358964718 
0.232995181052 0.232995180979 
0.268269579528 0.268269579429 
0.308884359648 0.308884359508 
0.355648030622 0.355648030417 
0.409491506238 0.409491505922 
0.471486636346 0.471486635821 
0.542867543932 0.542867542924 
0.625055192527 0.625055191354 
0.719685673001 0.719685671474 
0.828642772855 0.828642772266 
0.95409547635 0.954095475686 
1.09854114199 1.09854114176 
1.26485521686 1.26485521607 
1.4563484775 1.45634847689 
1.67683293681 1.67683293069 
1.93069772888 1.93069772178 
2.22299648253 2.22299647445 
2.5595479227 2.55954790842 
2.94705170255 2.94705168527 
3.3932217719 3.39322173984 
3.90693993705 3.90693988134 
4.49843266897 4.49843253522 
5.17947467923 5.17947437829 
5.96362331659 5.96362248709 
6.86648845004 6.86648635529 
7.90604321091 7.90603700911 
9.10298177992 9.10296240473 
10.4811313415 10.4810698816 
12.0679264064 12.0677202709 
13.8949549437 13.8942180971 
15.9985871961 15.9957718715 
18.4206996933 18.4091341553 
21.2095088792 21.1583515595 
24.4205309455 24.1815354503 
28.1176869797 27.0505041113 
32.3745754282 28.7984761357 
37.2759372031 37.2001478628 
42.9193426013 42.8426958804 
49.4171336132 49.3262341795 
56.8986602902 56.7888529863 
65.512855686 65.3799339609 
75.4312006335 75.2702667864 
86.8511373751 86.6562854444 
100.0 99.7640820959 
