0.1 0.0999999999982 
0.115139539933 0.11513953993 
0.132571136559 0.132571136556 
0.152641796718 0.152641796714 
0.175751062485 0.175751062481 
0.202358964773 0.202358964767 
0.232995181052 0.232995181044 
0.268269579528 0.268269579517 
0.308884359648 0.308884359632 
0.355648030622 0.355648030599 
0.409491506238 0.409491506208 
0.471486636346 0.4714866363 
0.542867543932 0.542867543861 
0.625055192527 0.625055192405 
0.719685673001 0.719685672784 
0.828642772855 0.828642772473 
0.95409547635 0.954095475646 
1.09854114199 1.09854114062 
1.26485521686 1.26485521402 
1.4563484775 1.45634847261 
1.67683293681 1.67683293474 
1.93069772888 1.93069772767 
2.22299648253 2.22299647182 
2.5595479227 2.55954791175 
2.94705170255 2.94705168962 
3.3932217719 3.3932217465 
3.90693993705 3.90693989251 
4.49843266897 4.49843255956 
5.17947467923 5.17947439575 
5.96362331659 5.96362258091 
6.86648845004 6.86648637189 
7.90604321091 7.90603703248 
9.10298177992 9.10296280028 
10.4811313415 10.4810704879 
12.0679264064 12.0677218008 
13.8949549437 13.8942260295 
15.9985871961 15.9958103398 
18.4206996933 18.40932762 
21.2095088792 21.1594181715 
24.4205309455 24.1876003046 
28.1176869797 27.07974863 
32.3745754282 28.8790694981 
37.2759372031 29.4360848476 
42.9193426013 29.5309402935 
49.4171336132 40.6610293328 
56.8986602902 47.4572009892 
65.512855686 56.9018041122 
75.4312006335 68.0002816128 
86.8511373751 80.4086844873 
100.0 94.3970872624 
