0.1 0.0999999985071 
0.115139539933 0.115139539933 
0.132571136559 0.132571136559 
0.152641796718 0.152641796717 
0.175751062485 0.175751062485 
0.202358964773 0.202358964772 
0.232995181052 0.232995181051 
0.268269579528 0.268269579528 
0.308884359648 0.308884359648 
0.355648030622 0.355648030622 
0.409491506238 0.409491506238 
0.471486636346 0.471486636345 
0.542867543932 0.542867543932 
0.625055192527 0.625055192527 
0.719685673001 0.719685673 
0.828642772855 0.828642772851 
0.95409547635 0.954095476343 
1.09854114199 1.09854114197 
1.26485521686 1.26485521683 
1.4563484775 1.45634847744 
1.67683293681 1.67683293668 
1.93069772888 1.93069772857 
2.22299648253 2.22299648175 
2.5595479227 2.55954792068 
2.94705170255 2.94705169722 
3.3932217719 3.39322175989 
3.90693993705 3.90693990748 
4.49843266897 4.49843260118 
5.17947467923 5.17947451919 
5.96362331659 5.96362292745 
6.86648845004 6.86648744582 
7.90604321091 7.90604045935 
9.10298177992 9.10297398439 
10.4811313415 10.4811075993 
12.0679264064 12.0678493415 
13.8949549437 13.8946872547 
15.9985871961 15.9975857756 
18.4206996933 18.4166496232 
21.2095088792 21.1917232465 
24.4205309455 24.3360262675 
28.1176869797 27.6999885394 
32.3745754282 30.5541762929 
37.2759372031 31.9228342366 
42.9193426013 32.2604187014 
49.4171336132 32.3171681606 
56.8986602902 32.3250459917 
65.512855686 32.3259876549 
75.4312006335 32.3260857808 
86.8511373751 32.3260933556 
100.0 32.3260946667 
