0.1 0.0999999999918 
0.115139539933 0.115139539909 
0.132571136559 0.132571136269 
0.152641796718 0.152641796529 
0.175751062485 0.175751062404 
0.202358964773 0.202358964745 
0.232995181052 0.232995180994 
0.268269579528 0.268269579401 
0.308884359648 0.308884359273 
0.355648030622 0.355648030485 
0.409491506238 0.40949150607 
0.471486636346 0.471486636082 
0.542867543932 0.542867543567 
0.625055192527 0.625055192213 
0.719685673001 0.719685670553 
0.828642772855 0.828642772307 
0.95409547635 0.954095474901 
1.09854114199 1.09854113868 
1.26485521686 1.26485521483 
1.4563484775 1.45634847433 
1.67683293681 1.67683293541 
1.93069772888 1.93069772139 
2.22299648253 2.22299647363 
2.5595479227 2.55954791312 
2.94705170255 2.94705167829 
3.3932217719 3.39322174311 
3.90693993705 3.9069398698 
4.49843266897 4.4984325321 
5.17947467923 5.17947434277 
5.96362331659 5.96362250685 
6.86648845004 6.86648632383 
7.90604321091 7.90603700246 
9.10298177992 9.10296252109 
10.4811313415 10.481069859 
12.0679264064 12.0677198167 
13.8949549437 13.89421674 
15.9985871961 15.9957669992 
18.4206996933 18.4091117424 
21.2095088792 21.1582329843 
24.4205309455 24.4205243936 
28.1176869797 28.1176823796 
32.3745754282 32.3745702475 
37.2759372031 37.2759309999 
42.9193426013 42.9193351021 
49.4171336132 49.4171245347 
56.8986602902 56.8986492977 
65.512855686 65.5128423757 
75.4312006335 75.4311845168 
86.8511373751 86.8511178602 
100.0 99.9999763704 
