0.1 0.0999999999998 
0.115139539933 0.115139539932 
0.132571136559 0.132571136559 
0.152641796718 0.152641796717 
0.175751062485 0.175751062485 
0.202358964773 0.202358964772 
0.232995181052 0.232995181051 
0.268269579528 0.268269579527 
0.308884359648 0.308884359646 
0.355648030622 0.35564803062 
0.409491506238 0.409491506235 
0.471486636346 0.471486636341 
0.542867543932 0.542867543925 
0.625055192527 0.625055192514 
0.719685673001 0.719685672979 
0.828642772855 0.828642772815 
0.95409547635 0.954095476277 
1.09854114199 1.09854114184 
1.26485521686 1.26485521664 
1.4563484775 1.45634847702 
1.67683293681 1.67683293556 
1.93069772888 1.93069772557 
2.22299648253 2.22299647532 
2.5595479227 2.55954790939 
2.94705170255 2.94705168831 
3.3932217719 3.39322174508 
3.90693993705 3.90693989172 
4.49843266897 4.49843256158 
5.17947467923 5.17947439506 
5.96362331659 5.96362261825 
6.86648845004 6.86648647329 
7.90604321091 7.9060374012 
9.10298177992 9.10296403534 
10.4811313415 10.4810751898 
12.0679264064 12.0677407832 
13.8949549437 13.89430684 
15.9985871961 15.9961879845 
18.4206996933 18.4112582936 
21.2095088792 21.1698506272 
24.4205309455 24.2420628073 
28.1176869797 27.3176673537 
32.3745754282 29.492165101 
37.2759372031 30.3107303583 
42.9193426013 30.4882054461 
49.4171336132 30.5171736709 
56.8986602902 30.5211814788 
65.512855686 30.5216609011 
75.4312006335 30.5217107159 
86.8511373751 30.5217153927 
100.0 30.5217158931 
