0.1 0.0999999998524 
0.115139539933 0.115139539749 
0.132571136559 0.132571136318 
0.152641796718 0.152641796374 
0.175751062485 0.175751061914 
0.202358964773 0.20235896331 
0.232995181052 0.232995181046 
0.268269579528 0.268269579526 
0.308884359648 0.308884359617 
0.355648030622 0.355648030522 
0.409491506238 0.409491504775 
0.471486636346 0.471486636268 
0.542867543932 0.542867543587 
0.625055192527 0.625055191257 
0.719685673001 0.719685672822 
0.828642772855 0.82864277102 
0.95409547635 0.954095475858 
1.09854114199 1.09854114065 
1.26485521686 1.26485521296 
1.4563484775 1.45634847228 
1.67683293681 1.67683293235 
1.93069772888 1.93069772147 
2.22299648253 2.22299647642 
2.5595479227 2.55954790889 
2.94705170255 2.94705167856 
3.3932217719 3.39322174077 
3.90693993705 3.90693987265 
4.49843266897 4.49843253163 
5.17947467923 5.179474356 
5.96362331659 5.9636225128 
6.86648845004 6.86648626971 
7.90604321091 7.90603701283 
9.10298177992 9.10296261125 
10.4811313415 10.4810699621 
12.0679264064 12.0677200475 
13.8949549437 13.8942172885 
15.9985871961 15.995768254 
18.4206996933 18.4091140207 
21.2095088792 21.1582445683 
24.4205309455 24.1809293982 
28.1176869797 28.1153812391 
32.3745754282 32.373988135 
37.2759372031 37.275306512 
42.9193426013 42.9185911504 
49.4171336132 49.4162255664 
56.8986602902 56.8975610311 
65.512855686 65.5115246781 
75.4312006335 75.4295889867 
86.8511373751 86.8491859141 
100.0 99.9976370751 
