0.1 0.1 
0.115139539933 0.115139539933 
0.132571136559 0.132571136559 
0.152641796718 0.152641796718 
0.175751062485 0.175751062485 
0.202358964773 0.202358964773 
0.232995181052 0.232995181052 
0.268269579528 0.268269579528 
0.308884359648 0.308884359648 
0.355648030622 0.355648030622 
0.409491506238 0.409491506238 
0.471486636346 0.471486636346 
0.542867543932 0.542867543932 
0.625055192527 0.625055192527 
0.719685673001 0.719685673001 
0.828642772855 0.828642772855 
0.95409547635 0.95409547635 
1.09854114199 1.09854114199 
1.26485521686 1.26485521686 
1.4563484775 1.4563484775 
1.67683293681 1.67683293681 
1.93069772888 1.93069772888 
2.22299648253 2.22299648253 
2.5595479227 2.5595479227 
2.94705170255 2.94705170255 
3.3932217719 3.39322177188 
3.90693993705 3.90693993702 
4.49843266897 4.4984326689 
5.17947467923 5.17947467908 
5.96362331659 5.96362331623 
6.86648845004 6.86648844911 
7.90604321091 7.90604320833 
9.10298177992 9.10298177231 
10.4811313415 10.4811313176 
12.0679264064 12.0679263255 
13.8949549437 13.8949546492 
15.9985871961 15.9985860336 
18.4206996933 18.4206947 
21.2095088792 21.2094854068 
24.4205309455 24.4204095196 
28.1176869797 28.1169916313 
32.3745754282 32.3701419563 
37.2759372031 37.2443702518 
42.9193426013 42.6736306498 
49.4171336132 47.6707790778 
56.8986602902 49.9253718925 
65.512855686 50.2946223826 
75.4312006335 50.3300427899 
86.8511373751 50.3327799838 
100.0 50.3329606008 
