0.001 50 
 0.1  0.1 
 0.115139539933  0.115139539933 
 0.132571136559  0.132571136559 
 0.152641796718  0.152641796718 
 0.175751062485  0.175751062485 
 0.202358964773  0.202358964773 
 0.232995181052  0.232995181052 
 0.268269579528  0.268269579528 
 0.308884359648  0.308884359648 
 0.355648030622  0.355648030622 
 0.409491506238  0.409491506238 
 0.471486636346  0.471486636346 
 0.542867543932  0.542867543932 
 0.625055192527  0.625055192527 
 0.719685673001  0.719685673001 
 0.828642772855  0.828642772855 
 0.95409547635  0.95409547635 
 1.09854114199  1.09854114199 
 1.26485521686  1.26485521686 
 1.4563484775  1.4563484775 
 1.67683293681  1.67683293681 
 1.93069772888  1.93069772888 
 2.22299648253  2.22299648253 
 2.5595479227  2.55954792269 
 2.94705170255  2.94705170248 
 3.3932217719  3.39322177106 
 3.90693993705  3.90693992397 
 4.49843266897  4.49843239056 
 5.17947467923  5.17946631613 
 5.96362331659  5.96325502325 
 6.86648845004  6.8429293806 
 7.90604321091  7.33078105601 
 9.10298177992  7.34877044901 
 10.4811313415  7.34886269132 
 12.0679264064  7.34887502298 
 13.8949549437  7.34886215339 
 15.9985871961  7.34886957483 
 18.4206996933  7.34887682499 
 21.2095088792  7.34887197372 
 24.4205309455  7.34887229738 
 28.1176869797  7.34886945311 
 32.3745754282  7.34886918701 
 37.2759372031  7.34887375873 
 42.9193426013  7.34886872817 
 49.4171336132  7.34887065404 
 56.8986602902  16.1086306267 
 65.512855686  27.1405244111 
 75.4312006335  38.9806617635 
 86.8511373751  52.0304991599 
 100.0  66.6099790449 
0.00167683293681 50 
 0.1  0.1 
 0.115139539933  0.115139539933 
 0.132571136559  0.132571136559 
 0.152641796718  0.152641796718 
 0.175751062485  0.175751062485 
 0.202358964773  0.202358964773 
 0.232995181052  0.232995181052 
 0.268269579528  0.268269579528 
 0.308884359648  0.308884359648 
 0.355648030622  0.355648030622 
 0.409491506238  0.409491506238 
 0.471486636346  0.471486636346 
 0.542867543932  0.542867543932 
 0.625055192527  0.625055192527 
 0.719685673001  0.719685673001 
 0.828642772855  0.828642772855 
 0.95409547635  0.95409547635 
 1.09854114199  1.09854114199 
 1.26485521686  1.26485521686 
 1.4563484775  1.4563484775 
 1.67683293681  1.67683293681 
 1.93069772888  1.93069772888 
 2.22299648253  2.22299648252 
 2.5595479227  2.55954792269 
 2.94705170255  2.94705170243 
 3.3932217719  3.39322177049 
 3.90693993705  3.90693991509 
 4.49843266897  4.49843220151 
 5.17947467923  5.17946063541 
 5.96362331659  5.96300511396 
 6.86648845004  6.82825397322 
 7.90604321091  7.22234402361 
 9.10298177992  7.23318473992 
 10.4811313415  7.23323836019 
 12.0679264064  7.23324136935 
 13.8949549437  7.23323831084 
 15.9985871961  7.23324332002 
 18.4206996933  7.23324521383 
 21.2095088792  7.23324405904 
 24.4205309455  7.23324618375 
 28.1176869797  7.2332431132 
 32.3745754282  7.23324327763 
 37.2759372031  7.23324309246 
 42.9193426013  7.23324677012 
 49.4171336132  7.23324321379 
 56.8986602902  15.493722219 
 65.512855686  26.4975952237 
 75.4312006335  38.2934188357 
 86.8511373751  51.2912049009 
 100.0  65.81314442 
0.00281176869797 50 
 0.1  0.1 
 0.115139539933  0.115139539933 
 0.132571136559  0.132571136559 
 0.152641796718  0.152641796718 
 0.175751062485  0.175751062485 
 0.202358964773  0.202358964773 
 0.232995181052  0.232995181052 
 0.268269579528  0.268269579528 
 0.308884359648  0.308884359648 
 0.355648030622  0.355648030622 
 0.409491506238  0.409491506238 
 0.471486636346  0.471486636346 
 0.542867543932  0.542867543932 
 0.625055192527  0.625055192527 
 0.719685673001  0.719685673001 
 0.828642772855  0.828642772855 
 0.95409547635  0.95409547635 
 1.09854114199  1.09854114199 
 1.26485521686  1.26485521686 
 1.4563484775  1.4563484775 
 1.67683293681  1.67683293681 
 1.93069772888  1.93069772888 
 2.22299648253  2.22299648252 
 2.5595479227  2.55954792268 
 2.94705170255  2.94705170235 
 3.3932217719  3.39322176953 
 3.90693993705  3.90693990015 
 4.49843266897  4.4984318834 
 5.17947467923  5.179451073 
 5.96362331659  5.96258491201 
 6.86648845004  6.80556728174 
 7.90604321091  7.11127010609 
 9.10298177992  7.11775165855 
 10.4811313415  7.11778372341 
 12.0679264064  7.11778520361 
 13.8949549437  7.1177861819 
 15.9985871961  7.11778598017 
 18.4206996933  7.11778814832 
 21.2095088792  7.11778580183 
 24.4205309455  7.11778862015 
 28.1176869797  7.11778655802 
 32.3745754282  7.11778645766 
 37.2759372031  7.11778584577 
 42.9193426013  7.11778621812 
 49.4171336132  7.1177859793 
 56.8986602902  14.4673577857 
 65.512855686  25.4267124379 
 75.4312006335  37.1487873652 
 86.8511373751  50.0594512627 
 100.0  64.4849445811 
0.00471486636346 50 
 0.1  0.1 
 0.115139539933  0.115139539933 
 0.132571136559  0.132571136559 
 0.152641796718  0.152641796718 
 0.175751062485  0.175751062485 
 0.202358964773  0.202358964773 
 0.232995181052  0.232995181052 
 0.268269579528  0.268269579528 
 0.308884359648  0.308884359648 
 0.355648030622  0.355648030622 
 0.409491506238  0.409491506238 
 0.471486636346  0.471486636346 
 0.542867543932  0.542867543932 
 0.625055192527  0.625055192527 
 0.719685673001  0.719685673001 
 0.828642772855  0.828642772855 
 0.95409547635  0.95409547635 
 1.09854114199  1.09854114199 
 1.26485521686  1.26485521686 
 1.4563484775  1.4563484775 
 1.67683293681  1.67683293681 
 1.93069772888  1.93069772888 
 2.22299648253  2.22299648252 
 2.5595479227  2.55954792266 
 2.94705170255  2.94705170221 
 3.3932217719  3.39322176792 
 3.90693993705  3.90693987496 
 4.49843266897  4.49843134684 
 5.17947467923  5.17943493504 
 5.96362331659  5.96187710713 
 6.86648845004  6.77189983605 
 7.90604321091  6.9984562506 
 9.10298177992  7.00230601801 
 10.4811313415  7.00232713943 
 12.0679264064  7.00232594287 
 13.8949549437  7.002326021 
 15.9985871961  7.00232632005 
 18.4206996933  7.0023279376 
 21.2095088792  7.00232603672 
 24.4205309455  7.00232626255 
 28.1176869797  7.00232607216 
 32.3745754282  7.00232771809 
 37.2759372031  7.00232619647 
 42.9193426013  7.00232632158 
 49.4171336132  7.00232797543 
 56.8986602902  12.7581911237 
 65.512855686  23.6510488732 
 75.4312006335  35.2512021792 
 86.8511373751  48.0162653564 
 100.0  62.2801568478 
0.00790604321091 50 
 0.1  0.1 
 0.115139539933  0.115139539933 
 0.132571136559  0.132571136559 
 0.152641796718  0.152641796718 
 0.175751062485  0.175751062485 
 0.202358964773  0.202358964773 
 0.232995181052  0.232995181052 
 0.268269579528  0.268269579528 
 0.308884359648  0.308884359648 
 0.355648030622  0.355648030622 
 0.409491506238  0.409491506238 
 0.471486636346  0.471486636346 
 0.542867543932  0.542867543932 
 0.625055192527  0.625055192527 
 0.719685673001  0.719685673001 
 0.828642772855  0.828642772855 
 0.95409547635  0.95409547635 
 1.09854114199  1.09854114199 
 1.26485521686  1.26485521686 
 1.4563484775  1.4563484775 
 1.67683293681  1.67683293681 
 1.93069772888  1.93069772888 
 2.22299648253  2.22299648252 
 2.5595479227  2.55954792264 
 2.94705170255  2.94705170198 
 3.3932217719  3.39322176519 
 3.90693993705  3.90693983235 
 4.49843266897  4.49843043833 
 5.17947467923  5.17940758371 
 5.96362331659  5.96068136853 
 6.86648845004  6.72448465497 
 7.90604321091  6.88430188809 
 9.10298177992  6.88657305692 
 10.4811313415  6.88658469013 
 12.0679264064  6.88658404432 
 13.8949549437  6.8865848124 
 15.9985871961  6.88658487478 
 18.4206996933  6.88658476697 
 21.2095088792  6.88658433076 
 24.4205309455  6.8865848022 
 28.1176869797  6.88658471691 
 32.3745754282  6.88658415328 
 37.2759372031  6.88658435239 
 42.9193426013  6.88658496868 
 49.4171336132  6.88658434185 
 56.8986602902  9.91625928012 
 65.512855686  20.7286055213 
 75.4312006335  32.1302095191 
 86.8511373751  44.652724718 
 100.0  58.646040951 
0.0132571136559 50 
 0.1  0.1 
 0.115139539933  0.115139539933 
 0.132571136559  0.132571136559 
 0.152641796718  0.152641796718 
 0.175751062485  0.175751062485 
 0.202358964773  0.202358964773 
 0.232995181052  0.232995181052 
 0.268269579528  0.268269579528 
 0.308884359648  0.308884359648 
 0.355648030622  0.355648030622 
 0.409491506238  0.409491506238 
 0.471486636346  0.471486636346 
 0.542867543932  0.542867543932 
 0.625055192527  0.625055192527 
 0.719685673001  0.719685673001 
 0.828642772855  0.828642772855 
 0.95409547635  0.95409547635 
 1.09854114199  1.09854114199 
 1.26485521686  1.26485521686 
 1.4563484775  1.4563484775 
 1.67683293681  1.67683293681 
 1.93069772888  1.93069772888 
 2.22299648253  2.22299648251 
 2.5595479227  2.5595479226 
 2.94705170255  2.94705170159 
 3.3932217719  3.39322176056 
 3.90693993705  3.90693975986 
 4.49843266897  4.4984288902 
 5.17947467923  5.17936090316 
 5.96362331659  5.95865194107 
 6.86648845004  6.6615889069 
 7.90604321091  6.76878049436 
 9.10298177992  6.77010878756 
 10.4811313415  6.77011594173 
 12.0679264064  6.77011534655 
 13.8949549437  6.77011582412 
 15.9985871961  6.7701155356 
 18.4206996933  6.77011599179 
 21.2095088792  6.77011575029 
 24.4205309455  6.77011594932 
 28.1176869797  6.77011600017 
 32.3745754282  6.77011561898 
 37.2759372031  6.77011653676 
 42.9193426013  6.77011607361 
 49.4171336132  6.77011602001 
 56.8986602902  6.77011602682 
 65.512855686  15.9744787227 
 75.4312006335  27.0664979951 
 86.8511373751  39.188164466 
 100.0  52.729263999 
0.0222299648253 50 
 0.1  0.1 
 0.115139539933  0.115139539933 
 0.132571136559  0.132571136559 
 0.152641796718  0.152641796718 
 0.175751062485  0.175751062485 
 0.202358964773  0.202358964773 
 0.232995181052  0.232995181052 
 0.268269579528  0.268269579528 
 0.308884359648  0.308884359648 
 0.355648030622  0.355648030622 
 0.409491506238  0.409491506238 
 0.471486636346  0.471486636346 
 0.542867543932  0.542867543932 
 0.625055192527  0.625055192527 
 0.719685673001  0.719685673001 
 0.828642772855  0.828642772855 
 0.95409547635  0.95409547635 
 1.09854114199  1.09854114199 
 1.26485521686  1.26485521686 
 1.4563484775  1.4563484775 
 1.67683293681  1.67683293681 
 1.93069772888  1.93069772888 
 2.22299648253  2.2229964825 
 2.5595479227  2.55954792252 
 2.94705170255  2.94705170092 
 3.3932217719  3.39322175263 
 3.90693993705  3.90693963537 
 4.49843266897  4.49842622472 
 5.17947467923  5.17928033243 
 5.96362331659  5.95518302445 
 6.86648845004  6.58300347538 
 7.90604321091  6.65145116909 
 9.10298177992  6.65221838849 
 10.4811313415  6.6522224144 
 12.0679264064  6.65222226771 
 13.8949549437  6.65222222753 
 15.9985871961  6.6522224779 
 18.4206996933  6.65222229076 
 21.2095088792  6.65222237789 
 24.4205309455  6.65222247286 
 28.1176869797  6.65222224841 
 32.3745754282  6.65222227154 
 37.2759372031  6.65222299786 
 42.9193426013  6.65222221594 
 49.4171336132  6.65222250845 
 56.8986602902  6.65222253234 
 65.512855686  8.33134587824 
 75.4312006335  19.0394605376 
 86.8511373751  30.5160628975 
 100.0  43.3055494979 
0.0372759372031 50 
 0.1  0.1 
 0.115139539933  0.115139539933 
 0.132571136559  0.132571136559 
 0.152641796718  0.152641796718 
 0.175751062485  0.175751062485 
 0.202358964773  0.202358964773 
 0.232995181052  0.232995181052 
 0.268269579528  0.268269579528 
 0.308884359648  0.308884359648 
 0.355648030622  0.355648030622 
 0.409491506238  0.409491506238 
 0.471486636346  0.471486636346 
 0.542867543932  0.542867543932 
 0.625055192527  0.625055192527 
 0.719685673001  0.719685673001 
 0.828642772855  0.828642772855 
 0.95409547635  0.95409547635 
 1.09854114199  1.09854114199 
 1.26485521686  1.26485521686 
 1.4563484775  1.4563484775 
 1.67683293681  1.67683293681 
 1.93069772888  1.93069772888 
 2.22299648253  2.22299648249 
 2.5595479227  2.5595479224 
 2.94705170255  2.94705169977 
 3.3932217719  3.39322173884 
 3.90693993705  3.90693941835 
 4.49843266897  4.49842155973 
 5.17947467923  5.17913878364 
 5.96362331659  5.94919312441 
 6.86648845004  6.48972481536 
 7.90604321091  6.5314111266 
 9.10298177992  6.53184622171 
 10.4811313415  6.53184837283 
 12.0679264064  6.53184826267 
 13.8949549437  6.53184834196 
 15.9985871961  6.53184836122 
 18.4206996933  6.53184856469 
 21.2095088792  6.53184826693 
 24.4205309455  6.53184829138 
 28.1176869797  6.53184836821 
 32.3745754282  6.53184839681 
 37.2759372031  6.53184836244 
 42.9193426013  6.53184842558 
 49.4171336132  6.53184848985 
 56.8986602902  6.53184832672 
 65.512855686  6.53184831161 
 75.4312006335  6.71166956286 
 86.8511373751  17.3259059455 
 100.0  28.899516878 
0.0625055192527 50 
 0.1  0.1 
 0.115139539933  0.115139539933 
 0.132571136559  0.132571136559 
 0.152641796718  0.152641796718 
 0.175751062485  0.175751062485 
 0.202358964773  0.202358964773 
 0.232995181052  0.232995181052 
 0.268269579528  0.268269579528 
 0.308884359648  0.308884359648 
 0.355648030622  0.355648030622 
 0.409491506238  0.409491506238 
 0.471486636346  0.471486636346 
 0.542867543932  0.542867543932 
 0.625055192527  0.625055192527 
 0.719685673001  0.719685673001 
 0.828642772855  0.828642772855 
 0.95409547635  0.95409547635 
 1.09854114199  1.09854114199 
 1.26485521686  1.26485521686 
 1.4563484775  1.4563484775 
 1.67683293681  1.67683293681 
 1.93069772888  1.93069772887 
 2.22299648253  2.22299648247 
 2.5595479227  2.55954792218 
 2.94705170255  2.94705169772 
 3.3932217719  3.39322171439 
 3.90693993705  3.90693903118 
 4.49843266897  4.49841318785 
 5.17947467923  5.17888335038 
 5.96362331659  5.93871814546 
 6.86648845004  6.3830344656 
 7.90604321091  6.40724039936 
 9.10298177992  6.40748043158 
 10.4811313415  6.40748186988 
 12.0679264064  6.40748172632 
 13.8949549437  6.40748164439 
 15.9985871961  6.40748166331 
 18.4206996933  6.40748186854 
 21.2095088792  6.40748167909 
 24.4205309455  6.40748172758 
 28.1176869797  6.40748172171 
 32.3745754282  6.40748173129 
 37.2759372031  6.40748187187 
 42.9193426013  6.40748190748 
 49.4171336132  6.40748185546 
 56.8986602902  6.40748194747 
 65.512855686  6.4074819166 
 75.4312006335  6.40748176074 
 86.8511373751  6.40748173127 
 100.0  8.53666740765 
0.104811313415 50 
 0.1  0.1 
 0.115139539933  0.115139539933 
 0.132571136559  0.132571136559 
 0.152641796718  0.152641796718 
 0.175751062485  0.175751062485 
 0.202358964773  0.202358964773 
 0.232995181052  0.232995181052 
 0.268269579528  0.268269579528 
 0.308884359648  0.308884359648 
 0.355648030622  0.355648030622 
 0.409491506238  0.409491506238 
 0.471486636346  0.471486636346 
 0.542867543932  0.542867543932 
 0.625055192527  0.625055192527 
 0.719685673001  0.719685673001 
 0.828642772855  0.828642772855 
 0.95409547635  0.95409547635 
 1.09854114199  1.09854114199 
 1.26485521686  1.26485521686 
 1.4563484775  1.4563484775 
 1.67683293681  1.67683293681 
 1.93069772888  1.93069772887 
 2.22299648253  2.22299648246 
 2.5595479227  2.55954792178 
 2.94705170255  2.94705169401 
 3.3932217719  3.39322166962 
 3.90693993705  3.90693831661 
 4.49843266897  4.49839760483 
 5.17947467923  5.17840441387 
 5.96362331659  5.92018809761 
 6.86648845004  6.26365934541 
 7.90604321091  6.27700669509 
 9.10298177992  6.27713439 
 10.4811313415  6.27713479964 
 12.0679264064  6.27713476772 
 13.8949549437  6.27713480345 
 15.9985871961  6.27713495232 
 18.4206996933  6.27713494622 
 21.2095088792  6.27713493809 
 24.4205309455  6.27713484097 
 28.1176869797  6.2771350858 
 32.3745754282  6.27713491558 
 37.2759372031  6.27713477455 
 42.9193426013  6.27713490442 
 49.4171336132  6.27713496433 
 56.8986602902  6.27713487653 
 65.512855686  6.2771349261 
 75.4312006335  6.27713478258 
 86.8511373751  6.27713499562 
 100.0  6.27713500023 
0.175751062485 50 
 0.1  0.1 
 0.115139539933  0.115139539933 
 0.132571136559  0.132571136559 
 0.152641796718  0.152641796718 
 0.175751062485  0.175751062485 
 0.202358964773  0.202358964773 
 0.232995181052  0.232995181052 
 0.268269579528  0.268269579528 
 0.308884359648  0.308884359648 
 0.355648030622  0.355648030622 
 0.409491506238  0.409491506238 
 0.471486636346  0.471486636346 
 0.542867543932  0.542867543932 
 0.625055192527  0.625055192527 
 0.719685673001  0.719685673001 
 0.828642772855  0.828642772855 
 0.95409547635  0.95409547635 
 1.09854114199  1.09854114199 
 1.26485521686  1.26485521685 
 1.4563484775  1.4563484775 
 1.67683293681  1.6768329368 
 1.93069772888  1.93069772886 
 2.22299648253  2.2229964823 
 2.5595479227  2.55954792104 
 2.94705170255  2.94705168697 
 3.3932217719  3.39322158394 
 3.90693993705  3.90693693457 
 4.49843266897  4.49836713247 
 5.17947467923  5.17746015134 
 5.96362331659  5.88740791447 
 6.86648845004  6.13152459807 
 7.90604321091  6.13846488882 
 9.10298177992  6.13852929675 
 10.4811313415  6.13852939039 
 12.0679264064  6.13852970893 
 13.8949549437  6.13852943544 
 15.9985871961  6.13852959843 
 18.4206996933  6.13852956105 
 21.2095088792  6.13852952794 
 24.4205309455  6.13852947525 
 28.1176869797  6.13852969841 
 32.3745754282  6.13852971285 
 37.2759372031  6.13852952802 
 42.9193426013  6.13852955257 
 49.4171336132  6.13852975205 
 56.8986602902  6.1385295273 
 65.512855686  6.13852942241 
 75.4312006335  6.13852962936 
 86.8511373751  6.13852944722 
 100.0  6.13852957634 
0.294705170255 50 
 0.1  0.1 
 0.115139539933  0.115139539933 
 0.132571136559  0.132571136559 
 0.152641796718  0.152641796718 
 0.175751062485  0.175751062485 
 0.202358964773  0.202358964773 
 0.232995181052  0.232995181052 
 0.268269579528  0.268269579528 
 0.308884359648  0.308884359648 
 0.355648030622  0.355648030622 
 0.409491506238  0.409491506238 
 0.471486636346  0.471486636346 
 0.542867543932  0.542867543932 
 0.625055192527  0.625055192527 
 0.719685673001  0.719685673001 
 0.828642772855  0.828642772855 
 0.95409547635  0.95409547635 
 1.09854114199  1.09854114199 
 1.26485521686  1.26485521685 
 1.4563484775  1.4563484775 
 1.67683293681  1.6768329368 
 1.93069772888  1.93069772883 
 2.22299648253  2.22299648211 
 2.5595479227  2.55954791956 
 2.94705170255  2.94705167289 
 3.3932217719  3.39322141047 
 3.90693993705  3.90693410035 
 4.49843266897  4.49830383369 
 5.17947467923  5.17548632144 
 5.96362331659  5.83111316525 
 6.86648845004  5.98617003764 
 7.90604321091  5.98954929075 
 9.10298177992  5.98958000009 
 10.4811313415  5.98958026917 
 12.0679264064  5.98958018818 
 13.8949549437  5.98958020495 
 15.9985871961  5.9895803045 
 18.4206996933  5.98958020951 
 21.2095088792  5.98958028063 
 24.4205309455  5.9895801386 
 28.1176869797  5.98958029892 
 32.3745754282  5.98958020659 
 37.2759372031  5.98958033128 
 42.9193426013  5.98958030654 
 49.4171336132  5.9895802969 
 56.8986602902  5.98958020774 
 65.512855686  5.98958029835 
 75.4312006335  5.9895802773 
 86.8511373751  5.98958022833 
 100.0  5.98958026683 
0.494171336132 50 
 0.1  0.1 
 0.115139539933  0.115139539933 
 0.132571136559  0.132571136559 
 0.152641796718  0.152641796718 
 0.175751062485  0.175751062485 
 0.202358964773  0.202358964773 
 0.232995181052  0.232995181052 
 0.268269579528  0.268269579528 
 0.308884359648  0.308884359648 
 0.355648030622  0.355648030622 
 0.409491506238  0.409491506238 
 0.471486636346  0.471486636346 
 0.542867543932  0.542867543932 
 0.625055192527  0.625055192527 
 0.719685673001  0.719685673001 
 0.828642772855  0.828642772855 
 0.95409547635  0.95409547635 
 1.09854114199  1.09854114199 
 1.26485521686  1.26485521686 
 1.4563484775  1.4563484775 
 1.67683293681  1.67683293681 
 1.93069772888  1.93069772878 
 2.22299648253  2.22299648171 
 2.5595479227  2.55954791647 
 2.94705170255  2.9470516429 
 3.3932217719  3.39322103577 
 3.90693993705  3.90692789501 
 4.49843266897  4.49816342703 
 5.17947467923  5.17111651218 
 5.96362331659  5.74157290454 
 6.86648845004  5.82753794093 
 7.90604321091  5.82907433029 
 9.10298177992  5.82908809538 
 10.4811313415  5.82908824343 
 12.0679264064  5.82908824881 
 13.8949549437  5.82908824354 
 15.9985871961  5.82908824548 
 18.4206996933  5.82908819409 
 21.2095088792  5.82908805634 
 24.4205309455  5.82908822591 
 28.1176869797  5.82908824051 
 32.3745754282  5.82908824672 
 37.2759372031  5.82908824528 
 42.9193426013  5.82908823365 
 49.4171336132  5.82908826187 
 56.8986602902  5.8290882387 
 65.512855686  5.82908826636 
 75.4312006335  5.8290882532 
 86.8511373751  5.82908826642 
 100.0  5.8290882471 
0.828642772855 50 
 0.1  0.1 
 0.115139539933  0.115139539933 
 0.132571136559  0.132571136559 
 0.152641796718  0.152641796718 
 0.175751062485  0.175751062485 
 0.202358964773  0.202358964773 
 0.232995181052  0.232995181052 
 0.268269579528  0.268269579528 
 0.308884359648  0.308884359648 
 0.355648030622  0.355648030622 
 0.409491506238  0.409491506238 
 0.471486636346  0.471486636346 
 0.542867543932  0.542867543932 
 0.625055192527  0.625055192527 
 0.719685673001  0.719685673001 
 0.828642772855  0.828642772855 
 0.95409547635  0.95409547635 
 1.09854114199  1.09854114199 
 1.26485521686  1.26485521686 
 1.4563484775  1.4563484775 
 1.67683293681  1.67683293681 
 1.93069772888  1.93069772888 
 2.22299648253  2.22299648082 
 2.5595479227  2.55954790952 
 2.94705170255  2.94705157465 
 3.3932217719  3.39322017189 
 3.90693993705  3.90691340634 
 4.49843266897  4.49783192599 
 5.17947467923  5.16103636629 
 5.96362331659  5.61509878119 
 6.86648845004  5.65661559749 
 7.90604321091  5.65727017715 
 9.10298177992  5.65727604795 
 10.4811313415  5.65727609031 
 12.0679264064  5.65727603698 
 13.8949549437  5.65727604081 
 15.9985871961  5.6572760603 
 18.4206996933  5.65727604126 
 21.2095088792  5.65727608545 
 24.4205309455  5.65727605539 
 28.1176869797  5.65727609483 
 32.3745754282  5.65727610582 
 37.2759372031  5.65727609038 
 42.9193426013  5.65727599213 
 49.4171336132  5.65727605722 
 56.8986602902  5.65727599092 
 65.512855686  5.65727610079 
 75.4312006335  5.65727599029 
 86.8511373751  5.65727600524 
 100.0  5.65727606164 
1.38949549437 50 
 0.1  0.1 
 0.115139539933  0.115139539933 
 0.132571136559  0.132571136559 
 0.152641796718  0.152641796718 
 0.175751062485  0.175751062485 
 0.202358964773  0.202358964773 
 0.232995181052  0.232995181052 
 0.268269579528  0.268269579528 
 0.308884359648  0.308884359648 
 0.355648030622  0.355648030622 
 0.409491506238  0.409491506238 
 0.471486636346  0.471486636346 
 0.542867543932  0.542867543932 
 0.625055192527  0.625055192527 
 0.719685673001  0.719685673001 
 0.828642772855  0.828642772855 
 0.95409547635  0.95409547635 
 1.09854114199  1.09854114199 
 1.26485521686  1.26485521686 
 1.4563484775  1.45634847753 
 1.67683293681  1.67683293676 
 1.93069772888  1.93069772829 
 2.22299648253  2.22299647872 
 2.5595479227  2.55954789279 
 2.94705170255  2.9470514097 
 3.3932217719  3.39321806129 
 3.90693993705  3.90687764183 
 4.49843266897  4.49700786995 
 5.17947467923  5.1377244669 
 5.96362331659  5.4576116419 
 6.86648845004  5.47550826477 
 7.90604321091  5.47577209569 
 9.10298177992  5.47577442555 
 10.4811313415  5.47577446565 
 12.0679264064  5.47577449908 
 13.8949549437  5.47577445546 
 15.9985871961  5.47577447249 
 18.4206996933  5.47577446046 
 21.2095088792  5.47577446471 
 24.4205309455  5.47577454347 
 28.1176869797  5.47577444978 
 32.3745754282  5.47577446099 
 37.2759372031  5.475774484 
 42.9193426013  5.47577448407 
 49.4171336132  5.47577445101 
 56.8986602902  5.47577447466 
 65.512855686  5.47577445026 
 75.4312006335  5.47577454437 
 86.8511373751  5.47577445169 
 100.0  5.47577449148 
2.32995181052 50 
 0.1  0.1 
 0.115139539933  0.115139539933 
 0.132571136559  0.132571136559 
 0.152641796718  0.152641796718 
 0.175751062485  0.175751062485 
 0.202358964773  0.202358964773 
 0.232995181052  0.232995181052 
 0.268269579528  0.268269579528 
 0.308884359648  0.308884359648 
 0.355648030622  0.355648030622 
 0.409491506238  0.409491506238 
 0.471486636346  0.471486636346 
 0.542867543932  0.542867543932 
 0.625055192527  0.625055192527 
 0.719685673001  0.719685673001 
 0.828642772855  0.828642772855 
 0.95409547635  0.954095476349 
 1.09854114199  1.09854114199 
 1.26485521686  1.26485521685 
 1.4563484775  1.45634847756 
 1.67683293681  1.67683293655 
 1.93069772888  1.93069772748 
 2.22299648253  2.22299647349 
 2.5595479227  2.55954785117 
 2.94705170255  2.94705099135 
 3.3932217719  3.39321266395 
 3.90693993705  3.90678550752 
 4.49843266897  4.49488556113 
 5.17947467923  5.08728840472 
 5.96362331659  5.27985139134 
 6.86648845004  5.2869867355 
 7.90604321091  5.28708865531 
 9.10298177992  5.28708964598 
 10.4811313415  5.28708962318 
 12.0679264064  5.28708964584 
 13.8949549437  5.2870896191 
 15.9985871961  5.28708969091 
 18.4206996933  5.28708960087 
 21.2095088792  5.28708960096 
 24.4205309455  5.28708963179 
 28.1176869797  5.28708957285 
 32.3745754282  5.28708963257 
 37.2759372031  5.28708960789 
 42.9193426013  5.28708958651 
 49.4171336132  5.28708962029 
 56.8986602902  5.28708963628 
 65.512855686  5.28708958121 
 75.4312006335  5.28708958846 
 86.8511373751  5.28708961919 
 100.0  5.28708963971 
3.90693993705 50 
 0.1  0.1 
 0.115139539933  0.115139539933 
 0.132571136559  0.132571136559 
 0.152641796718  0.152641796718 
 0.175751062485  0.175751062485 
 0.202358964773  0.202358964773 
 0.232995181052  0.232995181052 
 0.268269579528  0.268269579528 
 0.308884359648  0.308884359648 
 0.355648030622  0.355648030622 
 0.409491506238  0.409491506238 
 0.471486636346  0.471486636346 
 0.542867543932  0.542867543932 
 0.625055192527  0.625055192527 
 0.719685673001  0.719685673002 
 0.828642772855  0.828642772855 
 0.95409547635  0.954095476355 
 1.09854114199  1.098541142 
 1.26485521686  1.26485521684 
 1.4563484775  1.45634847757 
 1.67683293681  1.67683293617 
 1.93069772888  1.93069772541 
 2.22299648253  2.22299645993 
 2.5595479227  2.5595477422 
 2.94705170255  2.94704989263 
 3.3932217719  3.39319841208 
 3.90693993705  3.9065412355 
 4.49843266897  4.48934151755 
 5.17947467923  4.99416918908 
 5.96362331659  5.09123427046 
 6.86648845004  5.09395008745 
 7.90604321091  5.09398840418 
 9.10298177992  5.09398882231 
 10.4811313415  5.09398885137 
 12.0679264064  5.09398876881 
 13.8949549437  5.09398879056 
 15.9985871961  5.09398882207 
 18.4206996933  5.09398884784 
 21.2095088792  5.09398882184 
 24.4205309455  5.09398881793 
 28.1176869797  5.09398880415 
 32.3745754282  5.09398881221 
 37.2759372031  5.09398878378 
 42.9193426013  5.09398882476 
 49.4171336132  5.09398884755 
 56.8986602902  5.09398884699 
 65.512855686  5.09398883431 
 75.4312006335  5.09398879336 
 86.8511373751  5.09398881394 
 100.0  5.09398881057 
6.5512855686 50 
 0.1  0.1 
 0.115139539933  0.115139539933 
 0.132571136559  0.132571136559 
 0.152641796718  0.152641796718 
 0.175751062485  0.175751062485 
 0.202358964773  0.202358964773 
 0.232995181052  0.232995181052 
 0.268269579528  0.268269579528 
 0.308884359648  0.308884359648 
 0.355648030622  0.355648030622 
 0.409491506238  0.409491506238 
 0.471486636346  0.471486636346 
 0.542867543932  0.542867543932 
 0.625055192527  0.625055192528 
 0.719685673001  0.719685673002 
 0.828642772855  0.828642772854 
 0.95409547635  0.954095476366 
 1.09854114199  1.09854114199 
 1.26485521686  1.26485521684 
 1.4563484775  1.45634847714 
 1.67683293681  1.67683293516 
 1.93069772888  1.93069771992 
 2.22299648253  2.22299642377 
 2.5595479227  2.5595474507 
 2.94705170255  2.94704694393 
 3.3932217719  3.39316007073 
 3.90693993705  3.90588417925 
 4.49843266897  4.47512796472 
 5.17947467923  4.85618636011 
 5.96362331659  4.8982229102 
 6.86648845004  4.89923532728 
 7.90604321091  4.89924962557 
 9.10298177992  4.89924980614 
 10.4811313415  4.89924978686 
 12.0679264064  4.89924982825 
 13.8949549437  4.89924979672 
 15.9985871961  4.89924980871 
 18.4206996933  4.89924981304 
 21.2095088792  4.89924982007 
 24.4205309455  4.89924979003 
 28.1176869797  4.89924980504 
 32.3745754282  4.89924982687 
 37.2759372031  4.89924976984 
 42.9193426013  4.89924977723 
 49.4171336132  4.89924977999 
 56.8986602902  4.89924978952 
 65.512855686  4.89924982644 
 75.4312006335  4.89924975328 
 86.8511373751  4.89924982017 
 100.0  4.89924976513 
10.9854114199 50 
 0.1  0.1 
 0.115139539933  0.115139539933 
 0.132571136559  0.132571136559 
 0.152641796718  0.152641796718 
 0.175751062485  0.175751062485 
 0.202358964773  0.202358964773 
 0.232995181052  0.232995181052 
 0.268269579528  0.268269579528 
 0.308884359648  0.308884359648 
 0.355648030622  0.355648030622 
 0.409491506238  0.409491506238 
 0.471486636346  0.471486636346 
 0.542867543932  0.542867543934 
 0.625055192527  0.62505519253 
 0.719685673001  0.719685673002 
 0.828642772855  0.828642772867 
 0.95409547635  0.954095476376 
 1.09854114199  1.09854114196 
 1.26485521686  1.26485521698 
 1.4563484775  1.45634847657 
 1.67683293681  1.67683293247 
 1.93069772888  1.93069770511 
 2.22299648253  2.22299632619 
 2.5595479227  2.55954666195 
 2.94705170255  2.94703897639 
 3.3932217719  3.3930565445 
 3.90693993705  3.90412378366 
 4.49843266897  4.44144593773 
 5.17947467923  4.68890318217 
 5.96362331659  4.70564049981 
 6.86648845004  4.70602061909 
 7.90604321091  4.70602606389 
 9.10298177992  4.70602608984 
 10.4811313415  4.70602610261 
 12.0679264064  4.70602610386 
 13.8949549437  4.7060261087 
 15.9985871961  4.70602608576 
 18.4206996933  4.70602610034 
 21.2095088792  4.70602608458 
 24.4205309455  4.70602611677 
 28.1176869797  4.70602609 
 32.3745754282  4.70602608531 
 37.2759372031  4.70602610561 
 42.9193426013  4.70602611699 
 49.4171336132  4.70602608008 
 56.8986602902  4.70602607697 
 65.512855686  4.7060261078 
 75.4312006335  4.7060260837 
 86.8511373751  4.70602608991 
 100.0  4.70602610267 
18.4206996933 50 
 0.1  0.1 
 0.115139539933  0.115139539933 
 0.132571136559  0.132571136559 
 0.152641796718  0.152641796718 
 0.175751062485  0.175751062485 
 0.202358964773  0.202358964772 
 0.232995181052  0.232995181052 
 0.268269579528  0.268269579528 
 0.308884359648  0.308884359648 
 0.355648030622  0.355648030623 
 0.409491506238  0.409491506238 
 0.471486636346  0.471486636347 
 0.542867543932  0.542867543936 
 0.625055192527  0.62505519253 
 0.719685673001  0.719685672999 
 0.828642772855  0.828642772897 
 0.95409547635  0.954095476364 
 1.09854114199  1.09854114181 
 1.26485521686  1.26485521623 
 1.4563484775  1.45634847491 
 1.67683293681  1.67683292521 
 1.93069772888  1.93069766521 
 2.22299648253  2.22299606378 
 2.5595479227  2.55954455169 
 2.94705170255  2.9470177272 
 3.3932217719  3.39278260148 
 3.90693993705  3.89957916627 
 4.49843266897  4.37448078417 
 5.17947467923  4.51218180024 
 5.96362331659  4.51881586846 
 6.86648845004  4.51896594395 
 7.90604321091  4.51896818791 
 9.10298177992  4.51896822538 
 10.4811313415  4.518968213 
 12.0679264064  4.51896820586 
 13.8949549437  4.51896824348 
 15.9985871961  4.51896819099 
 18.4206996933  4.51896818783 
 21.2095088792  4.51896823215 
 24.4205309455  4.51896823186 
 28.1176869797  4.51896820902 
 32.3745754282  4.51896820807 
 37.2759372031  4.5189682024 
 42.9193426013  4.51896820891 
 49.4171336132  4.51896818585 
 56.8986602902  4.51896821201 
 65.512855686  4.51896819087 
 75.4312006335  4.51896819141 
 86.8511373751  4.51896821942 
 100.0  4.51896819117 
30.8884359648 50 
 0.1  0.1 
 0.115139539933  0.115139539933 
 0.132571136559  0.132571136559 
 0.152641796718  0.152641796718 
 0.175751062485  0.175751062486 
 0.202358964773  0.202358964773 
 0.232995181052  0.232995181052 
 0.268269579528  0.268269579528 
 0.308884359648  0.308884359648 
 0.355648030622  0.355648030622 
 0.409491506238  0.409491506239 
 0.471486636346  0.47148663635 
 0.542867543932  0.542867543938 
 0.625055192527  0.625055192527 
 0.719685673001  0.71968567299 
 0.828642772855  0.82864277292 
 0.95409547635  0.954095476196 
 1.09854114199  1.09854114151 
 1.26485521686  1.2648552152 
 1.4563484775  1.45634847043 
 1.67683293681  1.67683290504 
 1.93069772888  1.93069755865 
 2.22299648253  2.22299537834 
 2.5595479227  2.55953912491 
 2.94705170255  2.94696401931 
 3.3932217719  3.39210478491 
 3.90693993705  3.88899421773 
 4.49843266897  4.27306488494 
 5.17947467923  4.3428216325 
 5.96362331659  4.34566913125 
 6.86648845004  4.3457357525 
 7.90604321091  4.34573678332 
 9.10298177992  4.3457367725 
 10.4811313415  4.34573678548 
 12.0679264064  4.34573677532 
 13.8949549437  4.3457367683 
 15.9985871961  4.34573677784 
 18.4206996933  4.34573678609 
 21.2095088792  4.34573673024 
 24.4205309455  4.34573677693 
 28.1176869797  4.34573676543 
 32.3745754282  4.34573677939 
 37.2759372031  4.34573678332 
 42.9193426013  4.34573675029 
 49.4171336132  4.34573677519 
 56.8986602902  4.34573673671 
 65.512855686  4.34573679737 
 75.4312006335  4.34573677764 
 86.8511373751  4.34573672953 
 100.0  4.34573675508 
51.7947467923 50 
 0.1  0.1 
 0.115139539933  0.115139539933 
 0.132571136559  0.132571136559 
 0.152641796718  0.152641796718 
 0.175751062485  0.175751062486 
 0.202358964773  0.202358964773 
 0.232995181052  0.232995181052 
 0.268269579528  0.268269579528 
 0.308884359648  0.308884359648 
 0.355648030622  0.355648030623 
 0.409491506238  0.409491506244 
 0.471486636346  0.471486636354 
 0.542867543932  0.542867543936 
 0.625055192527  0.625055192518 
 0.719685673001  0.71968567309 
 0.828642772855  0.82864277271 
 0.95409547635  0.954095475947 
 1.09854114199  1.09854114073 
 1.26485521686  1.26485521255 
 1.4563484775  1.45634846036 
 1.67683293681  1.67683285839 
 1.93069772888  1.93069730416 
 2.22299648253  2.22299376066 
 2.5595479227  2.55952664422 
 2.94705170255  2.94684444958 
 3.3932217719  3.39065883333 
 3.90693993705  3.86891147038 
 4.49843266897  4.15859777072 
 5.17947467923  4.19496910054 
 5.96362331659  4.19639094162 
 6.86648845004  4.19642584638 
 7.90604321091  4.19642639832 
 9.10298177992  4.19642639237 
 10.4811313415  4.19642639649 
 12.0679264064  4.19642640787 
 13.8949549437  4.19642643934 
 15.9985871961  4.19642640762 
 18.4206996933  4.1964264065 
 21.2095088792  4.19642642392 
 24.4205309455  4.19642640472 
 28.1176869797  4.19642640778 
 32.3745754282  4.1964264314 
 37.2759372031  4.19642643871 
 42.9193426013  4.19642643631 
 49.4171336132  4.19642643838 
 56.8986602902  4.19642642358 
 65.512855686  4.19642643637 
 75.4312006335  4.19642640009 
 86.8511373751  4.19642639599 
 100.0  4.19642641714 
86.8511373751 50 
 0.1  0.1 
 0.115139539933  0.115139539933 
 0.132571136559  0.13257113656 
 0.152641796718  0.152641796718 
 0.175751062485  0.175751062486 
 0.202358964773  0.202358964773 
 0.232995181052  0.232995181052 
 0.268269579528  0.268269579528 
 0.308884359648  0.308884359648 
 0.355648030622  0.355648030627 
 0.409491506238  0.40949150625 
 0.471486636346  0.471486636354 
 0.542867543932  0.542867543924 
 0.625055192527  0.62505519252 
 0.719685673001  0.719685672889 
 0.828642772855  0.828642772526 
 0.95409547635  0.954095475503 
 1.09854114199  1.09854113962 
 1.26485521686  1.26485520671 
 1.4563484775  1.45634844049 
 1.67683293681  1.67683275856 
 1.93069772888  1.9306967982 
 2.22299648253  2.22299056526 
 2.5595479227  2.55950309487 
 2.94705170255  2.94662966663 
 3.3932217719  3.38821262921 
 3.90693993705  3.84020845765 
 4.49843266897  4.05560189147 
 5.17947467923  4.07695299409 
 5.96362331659  4.0777894844 
 6.86648845004  4.07781080596 
 7.90604321091  4.07781114036 
 9.10298177992  4.07781116061 
 10.4811313415  4.07781118124 
 12.0679264064  4.07781117488 
 13.8949549437  4.07781116251 
 15.9985871961  4.07781116868 
 18.4206996933  4.0778111634 
 21.2095088792  4.07781116577 
 24.4205309455  4.07781116185 
 28.1176869797  4.077811182 
 32.3745754282  4.07781115444 
 37.2759372031  4.07781114441 
 42.9193426013  4.07781118015 
 49.4171336132  4.07781117982 
 56.8986602902  4.07781114398 
 65.512855686  4.07781116164 
 75.4312006335  4.07781115856 
 86.8511373751  4.07781114356 
 100.0  4.07781115971 
145.63484775 50 
 0.1  0.100000000001 
 0.115139539933  0.115139539934 
 0.132571136559  0.13257113656 
 0.152641796718  0.152641796719 
 0.175751062485  0.175751062487 
 0.202358964773  0.202358964773 
 0.232995181052  0.232995181051 
 0.268269579528  0.268269579528 
 0.308884359648  0.308884359653 
 0.355648030622  0.355648030636 
 0.409491506238  0.409491506253 
 0.471486636346  0.471486636309 
 0.542867543932  0.542867543817 
 0.625055192527  0.625055192403 
 0.719685673001  0.719685672781 
 0.828642772855  0.828642772099 
 0.95409547635  0.954095475398 
 1.09854114199  1.09854113656 
 1.26485521686  1.26485519786 
 1.4563484775  1.45634839871 
 1.67683293681  1.67683258157 
 1.93069772888  1.93069591517 
 2.22299648253  2.22298561361 
 2.5595479227  2.55946821975 
 2.94705170255  2.94632705949 
 3.3932217719  3.38496108631 
 3.90693993705  3.80839050361 
 4.49843266897  3.97342083134 
 5.17947467923  3.9876180211 
 5.96362331659  3.98817714973 
 6.86648845004  3.98819171569 
 7.90604321091  3.98819190763 
 9.10298177992  3.98819192691 
 10.4811313415  3.98819195288 
 12.0679264064  3.98819192553 
 13.8949549437  3.98819189374 
 15.9985871961  3.98819192647 
 18.4206996933  3.98819194474 
 21.2095088792  3.98819195469 
 24.4205309455  3.98819192196 
 28.1176869797  3.9881919127 
 32.3745754282  3.98819191274 
 37.2759372031  3.9881919246 
 42.9193426013  3.98819191093 
 49.4171336132  3.98819193324 
 56.8986602902  3.98819195145 
 65.512855686  3.98819194943 
 75.4312006335  3.98819190899 
 86.8511373751  3.98819194035 
 100.0  3.98819199344 
244.205309455 50 
 0.1  0.100000000002 
 0.115139539933  0.115139539934 
 0.132571136559  0.132571136561 
 0.152641796718  0.152641796719 
 0.175751062485  0.175751062485 
 0.202358964773  0.202358964771 
 0.232995181052  0.232995181051 
 0.268269579528  0.268269579532 
 0.308884359648  0.308884359633 
 0.355648030622  0.355648030602 
 0.409491506238  0.409491506202 
 0.471486636346  0.471486636228 
 0.542867543932  0.542867543804 
 0.625055192527  0.625055192467 
 0.719685673001  0.719685672449 
 0.828642772855  0.828642771206 
 0.95409547635  0.954095472077 
 1.09854114199  1.09854113325 
 1.26485521686  1.26485518111 
 1.4563484775  1.45634833734 
 1.67683293681  1.67683234278 
 1.93069772888  1.93069481952 
 2.22299648253  2.22297937729 
 2.5595479227  2.55942600601 
 2.94705170255  2.94597187443 
 3.3932217719  3.38130315761 
 3.90693993705  3.77796329017 
 4.49843266897  3.9097968 
 5.17947467923  3.92016496288 
 5.96362331659  3.92057358838 
 6.86648845004  3.92058426513 
 7.90604321091  3.92058450189 
 9.10298177992  3.92058445681 
 10.4811313415  3.92058443267 
 12.0679264064  3.9205843967 
 13.8949549437  3.92058445136 
 15.9985871961  3.92058445418 
 18.4206996933  3.92058444809 
 21.2095088792  3.92058446195 
 24.4205309455  3.92058443115 
 28.1176869797  3.92058454159 
 32.3745754282  3.92058445641 
 37.2759372031  3.92058454366 
 42.9193426013  3.92058443578 
 49.4171336132  3.92058442916 
 56.8986602902  3.92058443949 
 65.512855686  3.92058444766 
 75.4312006335  3.92058452179 
 86.8511373751  3.92058447364 
 100.0  3.92058440256 
409.491506238 50 
 0.1  0.100000000002 
 0.115139539933  0.115139539934 
 0.132571136559  0.132571136559 
 0.152641796718  0.152641796715 
 0.175751062485  0.175751062482 
 0.202358964773  0.20235896477 
 0.232995181052  0.232995181055 
 0.268269579528  0.268269579515 
 0.308884359648  0.308884359632 
 0.355648030622  0.355648030587 
 0.409491506238  0.409491506129 
 0.471486636346  0.471486636261 
 0.542867543932  0.542867543734 
 0.625055192527  0.625055192112 
 0.719685673001  0.719685671831 
 0.828642772855  0.828642771705 
 0.95409547635  0.954095469535 
 1.09854114199  1.09854112308 
 1.26485521686  1.26485515936 
 1.4563484775  1.45634826656 
 1.67683293681  1.67683206704 
 1.93069772888  1.93069357953 
 2.22299648253  2.22297248907 
 2.5595479227  2.55938030288 
 2.94705170255  2.94559339447 
 3.3932217719  3.37751776734 
 3.90693993705  3.75049424816 
 4.49843266897  3.8597186852 
 5.17947467923  3.86779894019 
 5.96362331659  3.86811685896 
 6.86648845004  3.86812514974 
 7.90604321091  3.86812526996 
 9.10298177992  3.86812533621 
 10.4811313415  3.8681253072 
 12.0679264064  3.8681252863 
 13.8949549437  3.86812533622 
 15.9985871961  3.86812526836 
 18.4206996933  3.86812527371 
 21.2095088792  3.86812533912 
 24.4205309455  3.86812521462 
 28.1176869797  3.86812523893 
 32.3745754282  3.86812524622 
 37.2759372031  3.86812528769 
 42.9193426013  3.86812523799 
 49.4171336132  3.8681253203 
 56.8986602902  3.868125315 
 65.512855686  3.86812526432 
 75.4312006335  3.86812533771 
 86.8511373751  3.86812531073 
 100.0  3.86812529911 
686.648845004 50 
 0.1  0.0999999999985 
 0.115139539933  0.115139539929 
 0.132571136559  0.132571136554 
 0.152641796718  0.152641796712 
 0.175751062485  0.175751062471 
 0.202358964773  0.202358964761 
 0.232995181052  0.232995181072 
 0.268269579528  0.268269579564 
 0.308884359648  0.308884359605 
 0.355648030622  0.355648030568 
 0.409491506238  0.409491506141 
 0.471486636346  0.47148663635 
 0.542867543932  0.542867543842 
 0.625055192527  0.625055191791 
 0.719685673001  0.719685672959 
 0.828642772855  0.828642768828 
 0.95409547635  0.954095466582 
 1.09854114199  1.09854111534 
 1.26485521686  1.26485514187 
 1.4563484775  1.45634818755 
 1.67683293681  1.67683176931 
 1.93069772888  1.93069221062 
 2.22299648253  2.22296535253 
 2.5595479227  2.55933320093 
 2.94705170255  2.94520624234 
 3.3932217719  3.37373182345 
 3.90693993705  3.72601263841 
 4.49843266897  3.8190988275 
 5.17947467923  3.82568749643 
 5.96362331659  3.82594610925 
 6.86648845004  3.82595294909 
 7.90604321091  3.82595308459 
 9.10298177992  3.82595307306 
 10.4811313415  3.82595308034 
 12.0679264064  3.82595302226 
 13.8949549437  3.82595298589 
 15.9985871961  3.82595306712 
 18.4206996933  3.82595297088 
 21.2095088792  3.82595299413 
 24.4205309455  3.82595303375 
 28.1176869797  3.82595304585 
 32.3745754282  3.82595308698 
 37.2759372031  3.82595302742 
 42.9193426013  3.8259530713 
 49.4171336132  3.82595297663 
 56.8986602902  3.8259530753 
 65.512855686  3.82595301872 
 75.4312006335  3.8259530563 
 86.8511373751  25.6559890342 
 100.0  55.8108162125 
1151.39539933 50 
 0.1  0.0999999999928 
 0.115139539933  0.115139539921 
 0.132571136559  0.132571136555 
 0.152641796718  0.152641796718 
 0.175751062485  0.175751062496 
 0.202358964773  0.202358964802 
 0.232995181052  0.232995181091 
 0.268269579528  0.268269579476 
 0.308884359648  0.308884359595 
 0.355648030622  0.355648030531 
 0.409491506238  0.409491506237 
 0.471486636346  0.471486636559 
 0.542867543932  0.542867543581 
 0.625055192527  0.625055192367 
 0.719685673001  0.719685673982 
 0.828642772855  0.828642767788 
 0.95409547635  0.954095463126 
 1.09854114199  1.09854110677 
 1.26485521686  1.26485510893 
 1.4563484775  1.45634814324 
 1.67683293681  1.67683148278 
 1.93069772888  1.9306908675 
 2.22299648253  2.22295814909 
 2.5595479227  2.55928558561 
 2.94705170255  2.94481663581 
 3.3932217719  3.36999348838 
 3.90693993705  3.70411683404 
 4.49843266897  3.78517407675 
 5.17947467923  3.79072384056 
 5.96362331659  3.79094119158 
 6.86648845004  3.7909469244 
 7.90604321091  3.79094693641 
 9.10298177992  3.7909470035 
 10.4811313415  3.79094709197 
 12.0679264064  3.79094697628 
 13.8949549437  3.79094699031 
 15.9985871961  3.79094700158 
 18.4206996933  3.79094703484 
 21.2095088792  3.79094700668 
 24.4205309455  3.79094694005 
 28.1176869797  3.79094698209 
 32.3745754282  3.79094700146 
 37.2759372031  3.79094697688 
 42.9193426013  3.7909470008 
 49.4171336132  3.79094697893 
 56.8986602902  3.79094706628 
 65.512855686  13.6379650174 
 75.4312006335  39.7968733717 
 86.8511373751  58.6259184955 
 100.0  76.7714206514 
1930.69772888 50 
 0.1  0.0999999999968 
 0.115139539933  0.115139539934 
 0.132571136559  0.132571136568 
 0.152641796718  0.15264179674 
 0.175751062485  0.175751062534 
 0.202358964773  0.202358964755 
 0.232995181052  0.232995181012 
 0.268269579528  0.268269579429 
 0.308884359648  0.308884359634 
 0.355648030622  0.355648030678 
 0.409491506238  0.409491506684 
 0.471486636346  0.471486635947 
 0.542867543932  0.542867543786 
 0.625055192527  0.625055192668 
 0.719685673001  0.719685669471 
 0.828642772855  0.828642766806 
 0.95409547635  0.954095459594 
 1.09854114199  1.0985411 
 1.26485521686  1.26485508201 
 1.4563484775  1.45634803284 
 1.67683293681  1.67683115801 
 1.93069772888  1.93068951612 
 2.22299648253  2.22295087299 
 2.5595479227  2.55923775674 
 2.94705170255  2.94442648775 
 3.3932217719  3.36631762955 
 3.90693993705  3.68437540502 
 4.49843266897  3.75614017999 
 5.17947467923  3.76092845278 
 5.96362331659  3.76111567587 
 6.86648845004  3.76112054201 
 7.90604321091  3.76112066406 
 9.10298177992  3.76112063409 
 10.4811313415  3.76112070852 
 12.0679264064  3.76112063565 
 13.8949549437  3.76112067178 
 15.9985871961  3.76112067489 
 18.4206996933  3.76112061729 
 21.2095088792  3.76112061604 
 24.4205309455  3.76112066635 
 28.1176869797  3.7611206387 
 32.3745754282  3.76112061393 
 37.2759372031  3.76112059862 
 42.9193426013  3.76112067457 
 49.4171336132  3.76112064961 
 56.8986602902  28.0848850656 
 65.512855686  42.9326260873 
 75.4312006335  56.9308889225 
 86.8511373751  71.3748500046 
 100.0  86.8978772688 
3237.45754282 50 
 0.1  0.100000000011 
 0.115139539933  0.115139539956 
 0.132571136559  0.132571136607 
 0.152641796718  0.152641796743 
 0.175751062485  0.175751062422 
 0.202358964773  0.20235896478 
 0.232995181052  0.232995180961 
 0.268269579528  0.268269579525 
 0.308884359648  0.308884359698 
 0.355648030622  0.355648030816 
 0.409491506238  0.40949150601 
 0.471486636346  0.471486636238 
 0.542867543932  0.542867543934 
 0.625055192527  0.625055195629 
 0.719685673001  0.719685667999 
 0.828642772855  0.8286427637 
 0.95409547635  0.954095455693 
 1.09854114199  1.09854108955 
 1.26485521686  1.26485506964 
 1.4563484775  1.45634795626 
 1.67683293681  1.6768308557 
 1.93069772888  1.93068815182 
 2.22299648253  2.22294356168 
 2.5595479227  2.55918990777 
 2.94705170255  2.94403686914 
 3.3932217719  3.36270816813 
 3.90693993705  3.66642494219 
 4.49843266897  3.7308004562 
 5.17947467923  3.73500824863 
 5.96362331659  3.73517253064 
 6.86648845004  3.73517685935 
 7.90604321091  3.73517692072 
 9.10298177992  3.73517693999 
 10.4811313415  3.73517695715 
 12.0679264064  3.73517695821 
 13.8949549437  3.73517697155 
 15.9985871961  3.73517701924 
 18.4206996933  3.73517690585 
 21.2095088792  3.73517690668 
 24.4205309455  3.73517686201 
 28.1176869797  3.73517689481 
 32.3745754282  3.73517691377 
 37.2759372031  3.73517691738 
 42.9193426013  19.5391626797 
 49.4171336132  31.3327679435 
 56.8986602902  42.156080234 
 65.512855686  53.2128145182 
 75.4312006335  65.0348308689 
 86.8511373751  77.9921689154 
 100.0  92.4102502004 
5428.67543932 50 
 0.1  0.100000000064 
 0.115139539933  0.115139539908 
 0.132571136559  0.132571136498 
 0.152641796718  0.152641796724 
 0.175751062485  0.175751062384 
 0.202358964773  0.20235896476 
 0.232995181052  0.232995181058 
 0.268269579528  0.268269579584 
 0.308884359648  0.308884360079 
 0.355648030622  0.355648030463 
 0.409491506238  0.40949150585 
 0.471486636346  0.471486636266 
 0.542867543932  0.542867544509 
 0.625055192527  0.625055192087 
 0.719685673001  0.719685672879 
 0.828642772855  0.828642767456 
 0.95409547635  0.954095453455 
 1.09854114199  1.09854108376 
 1.26485521686  1.26485503524 
 1.4563484775  1.45634787085 
 1.67683293681  1.6768305725 
 1.93069772888  1.93068679809 
 2.22299648253  2.22293626919 
 2.5595479227  2.55914208625 
 2.94705170255  2.943647843 
 3.3932217719  3.35916422943 
 3.90693993705  3.64997622442 
 4.49843266897  3.70833688399 
 5.17947467923  3.71208814174 
 5.96362331659  3.71223442959 
 6.86648845004  3.71223831044 
 7.90604321091  3.71223843158 
 9.10298177992  3.71223834128 
 10.4811313415  3.71223834956 
 12.0679264064  3.71223831366 
 13.8949549437  3.7122383023 
 15.9985871961  3.71223835319 
 18.4206996933  3.71223839715 
 21.2095088792  3.71223835287 
 24.4205309455  3.7122383425 
 28.1176869797  3.71223837886 
 32.3745754282  13.3142422142 
 37.2759372031  22.773564759 
 42.9193426013  31.1640865686 
 49.4171336132  39.6380722479 
 56.8986602902  48.6474683137 
 65.512855686  58.4897331193 
 75.4312006335  69.4188541673 
 86.8511373751  81.6837111772 
 100.0  95.5463572004 
9102.98177992 50 
 0.1  0.099999999968 
 0.115139539933  0.115139539963 
 0.132571136559  0.132571136464 
 0.152641796718  0.152641796706 
 0.175751062485  0.175751062484 
 0.202358964773  0.20235896479 
 0.232995181052  0.232995181126 
 0.268269579528  0.268269580069 
 0.308884359648  0.308884359587 
 0.355648030622  0.355648030349 
 0.409491506238  0.409491506254 
 0.471486636346  0.471486636527 
 0.542867543932  0.542867542947 
 0.625055192527  0.625055192215 
 0.719685673001  0.719685673373 
 0.828642772855  0.828642760869 
 0.95409547635  0.954095451223 
 1.09854114199  1.09854107338 
 1.26485521686  1.26485500915 
 1.4563484775  1.45634778065 
 1.67683293681  1.67683024579 
 1.93069772888  1.9306854114 
 2.22299648253  2.22292900486 
 2.5595479227  2.55909420934 
 2.94705170255  2.94325967573 
 3.3932217719  3.35568452699 
 3.90693993705  3.63480114384 
 4.49843266897  3.68817101641 
 5.17947467923  3.69155420086 
 5.96362331659  3.69168599928 
 6.86648845004  3.69168953435 
 7.90604321091  3.69168951695 
 9.10298177992  3.69168954255 
 10.4811313415  3.69168958063 
 12.0679264064  3.69168952455 
 13.8949549437  3.69168950378 
 15.9985871961  3.69168957024 
 18.4206996933  3.69168955319 
 21.2095088792  3.69168958301 
 24.4205309455  8.77722270348 
 28.1176869797  16.4702012012 
 32.3745754282  22.994966105 
 37.2759372031  29.4982260236 
 42.9193426013  36.3691577625 
 49.4171336132  43.8485511908 
 56.8986602902  52.1353735754 
 65.512855686  61.4212635379 
 75.4312006335  71.9061993746 
 86.8511373751  83.8078393634 
 100.0  97.3685396937 
15264.1796718 50 
 0.1  0.0999999999853 
 0.115139539933  0.115139539925 
 0.132571136559  0.132571136558 
 0.152641796718  0.152641796727 
 0.175751062485  0.175751062519 
 0.202358964773  0.20235896491 
 0.232995181052  0.232995180737 
 0.268269579528  0.268269579592 
 0.308884359648  0.308884359486 
 0.355648030622  0.355648030634 
 0.409491506238  0.409491506467 
 0.471486636346  0.471486635299 
 0.542867543932  0.542867543654 
 0.625055192527  0.625055192525 
 0.719685673001  0.719685666119 
 0.828642772855  0.828642757604 
 0.95409547635  0.954095444758 
 1.09854114199  1.09854106633 
 1.26485521686  1.26485499269 
 1.4563484775  1.45634770032 
 1.67683293681  1.67682994875 
 1.93069772888  1.93068405931 
 2.22299648253  2.22292169699 
 2.5595479227  2.55904637901 
 2.94705170255  2.94287224374 
 3.3932217719  3.35226678377 
 3.90693993705  3.62071867643 
 4.49843266897  3.66988112915 
 5.17947467923  3.67296128256 
 5.96362331659  3.67308123335 
 6.86648845004  3.67308437096 
 7.90604321091  3.673084412 
 9.10298177992  3.67308435699 
 10.4811313415  3.67308440241 
 12.0679264064  3.6730844152 
 13.8949549437  3.6730844539 
 15.9985871961  3.67308442937 
 18.4206996933  5.44322556537 
 21.2095088792  11.8380538231 
 24.4205309455  16.9307990844 
 28.1176869797  21.9291906077 
 32.3745754282  27.1734204477 
 37.2759372031  32.8599210863 
 42.9193426013  39.145199769 
 49.4171336132  46.1771365527 
 56.8986602902  54.1085097727 
 65.512855686  63.1047243038 
 75.4312006335  73.3494163197 
 86.8511373751  85.049338459 
 100.0  98.4391644372 
25595.479227 50 
 0.1  0.100000000002 
 0.115139539933  0.115139539943 
 0.132571136559  0.132571136586 
 0.152641796718  0.152641796795 
 0.175751062485  0.175751062376 
 0.202358964773  0.202358964695 
 0.232995181052  0.232995180821 
 0.268269579528  0.268269579439 
 0.308884359648  0.308884359663 
 0.355648030622  0.355648030783 
 0.409491506238  0.409491505112 
 0.471486636346  0.471486636131 
 0.542867543932  0.542867543903 
 0.625055192527  0.625055193301 
 0.719685673001  0.719685672639 
 0.828642772855  0.828642759154 
 0.95409547635  0.954095439745 
 1.09854114199  1.09854105152 
 1.26485521686  1.2648549645 
 1.4563484775  1.45634761829 
 1.67683293681  1.67682963349 
 1.93069772888  1.93068268953 
 2.22299648253  2.22291441128 
 2.5595479227  2.55899855879 
 2.94705170255  2.94248564723 
 3.3932217719  3.34890904723 
 3.90693993705  3.60758344179 
 4.49843266897  3.65315065052 
 5.17947467923  3.65597726766 
 5.96362331659  3.65608730403 
 6.86648845004  3.65609011972 
 7.90604321091  3.65609012968 
 9.10298177992  3.65609019218 
 10.4811313415  3.65609015034 
 12.0679264064  3.65609015731 
 13.8949549437  3.65609020655 
 15.9985871961  8.44194705138 
 18.4206996933  12.4349612911 
 21.2095088792  16.2832919708 
 24.4205309455  20.2894518375 
 28.1176869797  24.6150690678 
 32.3745754282  29.3838158245 
 37.2759372031  34.7100775546 
 42.9193426013  40.7107197813 
 49.4171336132  47.5115224293 
 56.8986602902  55.2516814419 
 65.512855686  64.0876294726 
 75.4312006335  74.1967341444 
 86.8511373751  85.7811682083 
 100.0  99.0721366032 
42919.3426013 50 
 0.1  0.100000000033 
 0.115139539933  0.115139540016 
 0.132571136559  0.132571136339 
 0.152641796718  0.152641796633 
 0.175751062485  0.175751062547 
 0.202358964773  0.202358964652 
 0.232995181052  0.232995181042 
 0.268269579528  0.26826957955 
 0.308884359648  0.308884359792 
 0.355648030622  0.355648029708 
 0.409491506238  0.409491505214 
 0.471486636346  0.471486636165 
 0.542867543932  0.542867544085 
 0.625055192527  0.62505519043 
 0.719685673001  0.719685672761 
 0.828642772855  0.828642753085 
 0.95409547635  0.954095435603 
 1.09854114199  1.09854104779 
 1.26485521686  1.26485494242 
 1.4563484775  1.45634756868 
 1.67683293681  1.67682930139 
 1.93069772888  1.93068135174 
 2.22299648253  2.2229071832 
 2.5595479227  2.55895076098 
 2.94705170255  2.94209984867 
 3.3932217719  3.34560939392 
 3.90693993705  3.59527675726 
 4.49843266897  3.63773686524 
 5.17947467923  3.64034809399 
 5.96362331659  3.64044958768 
 6.86648845004  3.64045225294 
 7.90604321091  3.64045229377 
 9.10298177992  3.64045232921 
 10.4811313415  3.64045227457 
 12.0679264064  5.95813225484 
 13.8949549437  9.10657929809 
 15.9985871961  12.0752520509 
 18.4206996933  15.1385867852 
 21.2095088792  18.4308465003 
 24.4205309455  22.0502542131 
 28.1176869797  26.0855227138 
 32.3745754282  30.6261700376 
 37.2759372031  35.7679157257 
 42.9193426013  41.6163133702 
 49.4171336132  48.2897509252 
 56.8986602902  55.9223028815 
 65.512855686  64.6666855174 
 75.4312006335  74.6974670666 
 86.8511373751  86.2146465122 
 100.0  99.4476993867 
71968.5673001 50 
 0.1  0.0999999998069 
 0.115139539933  0.115139539883 
 0.132571136559  0.132571136608 
 0.152641796718  0.15264179659 
 0.175751062485  0.175751062474 
 0.202358964773  0.202358964775 
 0.232995181052  0.232995181084 
 0.268269579528  0.268269579699 
 0.308884359648  0.308884359238 
 0.355648030622  0.355648033248 
 0.409491506238  0.409491506086 
 0.471486636346  0.471486636381 
 0.542867543932  0.542867536497 
 0.625055192527  0.625055187553 
 0.719685673001  0.719685673191 
 0.828642772855  0.828642752867 
 0.95409547635  0.954095434864 
 1.09854114199  1.09854103999 
 1.26485521686  1.26485490145 
 1.4563484775  1.45634747244 
 1.67683293681  1.6768290142 
 1.93069772888  1.93067999459 
 2.22299648253  2.22289988534 
 2.5595479227  2.55890297647 
 2.94705170255  2.94171482609 
 3.3932217719  3.34236570611 
 3.90693993705  3.58370120553 
 4.49843266897  3.62344890494 
 5.17947467923  3.6258750961 
 5.96362331659  3.62596929121 
 6.86648845004  3.62597179273 
 7.90604321091  3.62597187087 
 9.10298177992  3.77192195937 
 10.4811313415  6.64637894197 
 12.0679264064  8.94161910863 
 13.8949549437  11.2865237256 
 15.9985871961  13.7938097813 
 18.4206996933  16.5419286248 
 21.2095088792  19.599885743 
 24.4205309455  23.0363577258 
 28.1176869797  26.9242471298 
 32.3745754282  31.3436327274 
 37.2759372031  36.3841335728 
 42.9193426013  42.1471140735 
 49.4171336132  48.7479433579 
 56.8986602902  56.3184349178 
 65.512855686  65.0095574022 
 75.4312006335  74.9944936876 
 86.8511373751  86.4721221828 
 100.0  99.6709971355 
120679.264064 50 
 0.1  0.10000000047 
 0.115139539933  0.115139539834 
 0.132571136559  0.13257113655 
 0.152641796718  0.152641796717 
 0.175751062485  0.175751062499 
 0.202358964773  0.202358964823 
 0.232995181052  0.232995181404 
 0.268269579528  0.268269579369 
 0.308884359648  0.308884358596 
 0.355648030622  0.355648030513 
 0.409491506238  0.409491506336 
 0.471486636346  0.471486637663 
 0.542867543932  0.542867543921 
 0.625055192527  0.625055192416 
 0.719685673001  0.719685674617 
 0.828642772855  0.828642750563 
 0.95409547635  0.954095426453 
 1.09854114199  1.09854103079 
 1.26485521686  1.26485487538 
 1.4563484775  1.4563474122 
 1.67683293681  1.67682872744 
 1.93069772888  1.93067862387 
 2.22299648253  2.22289259691 
 2.5595479227  2.55885522349 
 2.94705170255  2.94133059338 
 3.3932217719  3.33917585963 
 3.90693993705  3.57277546977 
 4.49843266897  3.61013485639 
 5.17947467923  3.61240014491 
 5.96362331659  3.61248819508 
 6.86648845004  3.61249048728 
 7.90604321091  4.82689623733 
 9.10298177992  6.61030328802 
 10.4811313415  8.40740456796 
 12.0679264064  10.3181402415 
 13.8949549437  12.4055634557 
 15.9985871961  14.7235271387 
 18.4206996933  17.3248085226 
 21.2095088792  20.264982918 
 24.4205309455  23.604832829 
 28.1176869797  27.4122185495 
 32.3745754282  31.7637875518 
 37.2759372031  36.7467041622 
 42.9193426013  42.460505043 
 49.4171336132  49.0191533326 
 56.8986602902  56.5533522696 
 65.512855686  65.2131750983 
 75.4312006335  75.1710704609 
 86.8511373751  86.6253066075 
 100.0  99.8039256456 
202358.964773 50 
 0.1  0.099999999995 
 0.115139539933  0.115139539934 
 0.132571136559  0.13257113657 
 0.152641796718  0.152641796748 
 0.175751062485  0.175751062592 
 0.202358964773  0.202358964267 
 0.232995181052  0.232995181022 
 0.268269579528  0.268269579291 
 0.308884359648  0.308884359637 
 0.355648030622  0.355648030691 
 0.409491506238  0.409491506731 
 0.471486636346  0.471486635969 
 0.542867543932  0.542867543808 
 0.625055192527  0.625055192698 
 0.719685673001  0.719685669517 
 0.828642772855  0.828642749337 
 0.95409547635  0.954095424338 
 1.09854114199  1.09854102181 
 1.26485521686  1.2648548585 
 1.4563484775  1.45634728924 
 1.67683293681  1.6768284021 
 1.93069772888  1.93067724078 
 2.22299648253  2.22288533539 
 2.5595479227  2.5588074092 
 2.94705170255  2.9409471746 
 3.3932217719  3.33603830699 
 3.90693993705  3.56243078852 
 4.49843266897  3.59767138332 
 5.17947467923  3.59979569568 
 5.96362331659  3.59987818199 
 6.86648845004  4.87436419878 
 7.90604321091  6.25680755637 
 9.10298177992  7.7139826451 
 10.4811313415  9.30024803638 
 12.0679264064  11.0577904721 
 13.8949549437  13.0272460896 
 15.9985871961  15.2510237675 
 18.4206996933  17.7752845402 
 21.2095088792  20.65142888 
 24.4205309455  23.9374248831 
 28.1176869797  27.6991347657 
 32.3745754282  32.0117272078 
 37.2759372031  36.9612346285 
 42.9193426013  42.6463033752 
 49.4171336132  49.1801808111 
 56.8986602902  56.6929847581 
 65.512855686  65.3343029347 
 75.4312006335  75.2761770004 
 86.8511373751  86.7165312059 
 100.0  99.8831149747 
339322.17719 50 
 0.1  0.100000000014 
 0.115139539933  0.115139539964 
 0.132571136559  0.132571136643 
 0.152641796718  0.152641794452 
 0.175751062485  0.175751062409 
 0.202358964773  0.202358965059 
 0.232995181052  0.232995180956 
 0.268269579528  0.268269579528 
 0.308884359648  0.308884359709 
 0.355648030622  0.355648030976 
 0.409491506238  0.409491506088 
 0.471486636346  0.471486636252 
 0.542867543932  0.542867543961 
 0.625055192527  0.625055191046 
 0.719685673001  0.719685672802 
 0.828642772855  0.828642750105 
 0.95409547635  0.954095421421 
 1.09854114199  1.09854101257 
 1.26485521686  1.26485484536 
 1.4563484775  1.45634719502 
 1.67683293681  1.67682812618 
 1.93069772888  1.93067587511 
 2.22299648253  2.22287803205 
 2.5595479227  2.55875964295 
 2.94705170255  2.94056454738 
 3.3932217719  3.33295161697 
 3.90693993705  3.55260893236 
 4.49843266897  3.5859569146 
 5.17947467923  3.5879567269 
 5.96362331659  4.64153749728 
 6.86648845004  5.7635751635 
 7.90604321091  6.96962223322 
 9.10298177992  8.30264432296 
 10.4811313415  9.79404563974 
 12.0679264064  11.476224045 
 13.8949549437  13.384257528 
 15.9985871961  15.557092229 
 18.4206996933  18.0385778132 
 21.2095088792  20.8784864083 
 24.4205309455  24.1335886292 
 28.1176869797  27.8688347768 
 32.3745754282  32.1586791619 
 37.2759372031  37.0885818359 
 42.9193426013  42.7567221455 
 49.4171336132  49.275961037 
 56.8986602902  56.7760928298 
 65.512855686  65.4064322212 
 75.4312006335  75.3387887752 
 86.8511373751  86.7708884619 
 100.0  99.9303106293 
568986.602902 50 
 0.1  0.100000000139 
 0.115139539933  0.115139539597 
 0.132571136559  0.132571136499 
 0.152641796718  0.152641796784 
 0.175751062485  0.175751062371 
 0.202358964773  0.202358964762 
 0.232995181052  0.232995181062 
 0.268269579528  0.268269579595 
 0.308884359648  0.308884360537 
 0.355648030622  0.355648030321 
 0.409491506238  0.409491505906 
 0.471486636346  0.471486636348 
 0.542867543932  0.542867544743 
 0.625055192527  0.62505519261 
 0.719685673001  0.719685672948 
 0.828642772855  0.828642743953 
 0.95409547635  0.954095418712 
 1.09854114199  1.09854100565 
 1.26485521686  1.26485479267 
 1.4563484775  1.45634713429 
 1.67683293681  1.6768278096 
 1.93069772888  1.93067455436 
 2.22299648253  2.2228707762 
 2.5595479227  2.55871190477 
 2.94705170255  2.94018271366 
 3.3932217719  3.32991418093 
 3.90693993705  3.54325988096 
 4.49843266897  3.57490742259 
 5.17947467923  4.24318770782 
 5.96362331659  5.22038120229 
 6.86648845004  6.23230466987 
 7.90604321091  7.36194347901 
 9.10298177992  8.6346219333 
 10.4811313415  10.0770183946 
 12.0679264064  11.71865328 
 13.8949549437  13.5927035567 
 15.9985871961  15.7367869378 
 18.4206996933  18.1937825046 
 21.2095088792  21.0127271541 
 24.4205309455  24.2498179961 
 28.1176869797  27.9695473771 
 32.3745754282  32.2459970039 
 37.2759372031  37.1643192025 
 42.9193426013  42.8224362154 
 49.4171336132  49.3329922303 
 56.8986602902  56.825597494 
 65.512855686  65.4494095698 
 75.4312006335  75.376103318 
 86.8511373751  86.8032888757 
 100.0  99.9584457346 
954095.47635 50 
 0.1  0.0999999999792 
 0.115139539933  0.115139540091 
 0.132571136559  0.132571136469 
 0.152641796718  0.152641796707 
 0.175751062485  0.175751062486 
 0.202358964773  0.202358964794 
 0.232995181052  0.232995181142 
 0.268269579528  0.2682695774 
 0.308884359648  0.308884359644 
 0.355648030622  0.355648030394 
 0.409491506238  0.409491506265 
 0.471486636346  0.471486636584 
 0.542867543932  0.542867543157 
 0.625055192527  0.625055192261 
 0.719685673001  0.719685673413 
 0.828642772855  0.828642742045 
 0.95409547635  0.954095413411 
 1.09854114199  1.0985409951 
 1.26485521686  1.26485477007 
 1.4563484775  1.45634704795 
 1.67683293681  1.67682749438 
 1.93069772888  1.93067314645 
 2.22299648253  2.22286348827 
 2.5595479227  2.5586642021 
 2.94705170255  2.93980165939 
 3.3932217719  3.32692386996 
 3.90693993705  3.53434079403 
 4.49843266897  3.56445170142 
 5.17947467923  4.67088414681 
 5.96362331659  5.53263401697 
 6.86648845004  6.49574122528 
 7.90604321091  7.58625978241 
 9.10298177992  8.8266606432 
 10.4811313415  10.2420525452 
 12.0679264064  11.8608708804 
 13.8949549437  13.7155052124 
 15.9985871961  15.8429800309 
 18.4206996933  18.2857137265 
 21.2095088792  21.092376621 
 24.4205309455  24.3188683994 
 28.1176869797  28.029436332 
 32.3745754282  32.2979577077 
 37.2759372031  37.2094127301 
 42.9193426013  42.8615776534 
 49.4171336132  49.3669721232 
 56.8986602902  56.8550996918 
 65.512855686  65.4750262124 
 75.4312006335  75.3983475172 
 86.8511373751  86.8226055071 
 100.0  99.9752206805 
1599858.71961 50 
 0.1  0.099999999987 
 0.115139539933  0.115139539926 
 0.132571136559  0.13257113656 
 0.152641796718  0.15264179673 
 0.175751062485  0.175751062526 
 0.202358964773  0.20235896496 
 0.232995181052  0.232995180824 
 0.268269579528  0.268269579708 
 0.308884359648  0.30888435951 
 0.355648030622  0.355648030641 
 0.409491506238  0.409491506512 
 0.471486636346  0.471486635536 
 0.542867543932  0.542867543692 
 0.625055192527  0.625055192552 
 0.719685673001  0.719685654327 
 0.828642772855  0.828642740871 
 0.95409547635  0.954095405555 
 1.09854114199  1.0985409888 
 1.26485521686  1.26485476915 
 1.4563484775  1.45634696648 
 1.67683293681  1.67682717424 
 1.93069772888  1.93067184289 
 2.22299648253  2.22285619291 
 2.5595479227  2.55861649279 
 2.94705170255  2.93942134257 
 3.3932217719  3.32397976176 
 3.90693993705  3.52581371802 
 4.49843266897  4.07843882023 
 5.17947467923  4.88471766829 
 5.96362331659  5.71054274044 
 6.86648845004  6.64787743558 
 7.90604321091  7.71693115285 
 9.10298177992  8.93922215431 
 10.4811313415  10.3392190473 
 12.0679264064  11.944878221 
 13.8949549437  13.7882189477 
 15.9985871961  15.9059721465 
 18.4206996933  18.3403187141 
 21.2095088792  21.1397337234 
 24.4205309455  24.3599542959 
 28.1176869797  28.0650910171 
 32.3745754282  32.3289053597 
 37.2759372031  37.2362788177 
 42.9193426013  42.8849031272 
 49.4171336132  49.3872253223 
 56.8986602902  56.8726864057 
 65.512855686  65.490298243 
 75.4312006335  75.4116099955 
 86.8511373751  86.8341231724 
 100.0  99.9852232865 
2682695.79528 50 
 0.1  0.100000000004 
 0.115139539933  0.115139539946 
 0.132571136559  0.132571136591 
 0.152641796718  0.152641796816 
 0.175751062485  0.175751061869 
 0.202358964773  0.20235896472 
 0.232995181052  0.232995180549 
 0.268269579528  0.268269579509 
 0.308884359648  0.308884359669 
 0.355648030622  0.355648030816 
 0.409491506238  0.409491505332 
 0.471486636346  0.471486636167 
 0.542867543932  0.542867543924 
 0.625055192527  0.625055193595 
 0.719685673001  0.719685674018 
 0.828642772855  0.82864274088 
 0.95409547635  0.954095404947 
 1.09854114199  1.09854097718 
 1.26485521686  1.26485473953 
 1.4563484775  1.45634688608 
 1.67683293681  1.67682687183 
 1.93069772888  1.93067043222 
 2.22299648253  2.22284889832 
 2.5595479227  2.55856875622 
 2.94705170255  2.93904187802 
 3.3932217719  3.32108043513 
 3.90693993705  3.5176461527 
 4.49843266897  4.28315127919 
 5.17947467923  5.00617329102 
 5.96362331659  5.8140275903 
 6.86648845004  6.73697077645 
 7.90604321091  7.79381608681 
 9.10298177992  9.00568004931 
 10.4811313415  10.3967332994 
 12.0679264064  11.9946970105 
 13.8949549437  13.8314007402 
 15.9985871961  15.943419816 
 18.4206996933  18.3728058286 
 21.2095088792  21.1679252844 
 24.4205309455  24.3844234247 
 28.1176869797  28.0863325829 
 32.3745754282  32.3473472802 
 37.2759372031  37.2522915174 
 42.9193426013  42.898807524 
 49.4171336132  49.3992996144 
 56.8986602902  56.8831718716 
 65.512855686  65.4994042119 
 75.4312006335  75.4195181275 
 86.8511373751  86.8409911468 
 100.0  99.9911879876 
4498432.66897 50 
 0.1  0.10000000004 
 0.115139539933  0.115139540045 
 0.132571136559  0.13257113608 
 0.152641796718  0.152641796656 
 0.175751062485  0.175751062641 
 0.202358964773  0.202358964676 
 0.232995181052  0.232995181047 
 0.268269579528  0.268269579555 
 0.308884359648  0.308884359824 
 0.355648030622  0.355648030026 
 0.409491506238  0.409491503072 
 0.471486636346  0.471486636213 
 0.542867543932  0.542867544175 
 0.625055192527  0.625055190975 
 0.719685673001  0.719685673153 
 0.828642772855  0.828642736379 
 0.95409547635  0.954095402949 
 1.09854114199  1.09854096928 
 1.26485521686  1.26485470951 
 1.4563484775  1.45634681067 
 1.67683293681  1.67682655747 
 1.93069772888  1.93066913258 
 2.22299648253  2.22284164398 
 2.5595479227  2.55852103897 
 2.94705170255  2.93866308709 
 3.3932217719  3.31822472188 
 3.90693993705  3.50980915784 
 4.49843266897  4.37592596482 
 5.17947467923  5.0769328784 
 5.96362331659  5.87487009577 
 6.86648845004  6.78954630349 
 7.90604321091  7.83930851193 
 9.10298177992  9.04508064984 
 10.4811313415  10.4308817049 
 12.0679264064  12.0243088235 
 13.8949549437  13.8570886893 
 15.9985871961  15.9657103898 
 18.4206996933  18.3921526058 
 21.2095088792  21.1847198131 
 24.4205309455  24.3990042111 
 28.1176869797  28.0989926093 
 32.3745754282  32.3583403439 
 37.2759372031  37.2618376127 
 42.9193426013  42.9070974375 
 49.4171336132  49.406498863 
 56.8986602902  56.8894240883 
 65.512855686  65.504834066 
 75.4312006335  75.4242338448 
 86.8511373751  86.8450866894 
 100.0  99.9947449412 
7543120.06335 50 
 0.1  0.0999999998729 
 0.115139539933  0.115139539899 
 0.132571136559  0.132571136683 
 0.152641796718  0.152641796622 
 0.175751062485  0.175751062479 
 0.202358964773  0.202358964781 
 0.232995181052  0.232995181096 
 0.268269579528  0.268269579748 
 0.308884359648  0.308884359357 
 0.355648030622  0.355648028778 
 0.409491506238  0.409491506253 
 0.471486636346  0.471486636493 
 0.542867543932  0.542867540868 
 0.625055192527  0.625055188197 
 0.719685673001  0.71968567405 
 0.828642772855  0.82864274164 
 0.95409547635  0.954095396331 
 1.09854114199  1.09854095655 
 1.26485521686  1.26485468827 
 1.4563484775  1.45634671928 
 1.67683293681  1.67682627399 
 1.93069772888  1.93066777194 
 2.22299648253  2.2228343413 
 2.5595479227  2.55847340432 
 2.94705170255  2.93828510157 
 3.3932217719  3.31541078905 
 3.90693993705  3.50227712481 
 4.49843266897  4.42693618495 
 5.17947467923  5.11859780506 
 5.96362331659  5.91085509519 
 6.86648845004  6.82070749723 
 7.90604321091  7.86631327583 
 9.10298177992  9.06849621351 
 10.4811313415  10.4511934249 
 12.0679264064  12.041933535 
 13.8949549437  13.8723853749 
 15.9985871961  15.9789888478 
 18.4206996933  18.4036806147 
 21.2095088792  21.1947291032 
 24.4205309455  24.407695497 
 28.1176869797  28.1065398579 
 32.3745754282  32.3648944156 
 37.2759372031  37.2675293806 
 42.9193426013  42.9120404675 
 49.4171336132  49.4107917243 
 56.8986602902  56.8931523478 
 65.512855686  65.5080720122 
 75.4312006335  75.4270459806 
 86.8511373751  86.8475290248 
 100.0  99.9968661141 
12648552.1686 50 
 0.1  0.0999999995867 
 0.115139539933  0.11513953992 
 0.132571136559  0.132571136552 
 0.152641796718  0.152641796719 
 0.175751062485  0.175751062504 
 0.202358964773  0.202358964845 
 0.232995181052  0.232995181692 
 0.268269579528  0.268269579416 
 0.308884359648  0.308884359177 
 0.355648030622  0.355648030567 
 0.409491506238  0.409491506461 
 0.471486636346  0.471486640066 
 0.542867543932  0.542867544077 
 0.625055192527  0.625055192439 
 0.719685673001  0.719685675615 
 0.828642772855  0.828642736819 
 0.95409547635  0.954095392654 
 1.09854114199  1.09854094236 
 1.26485521686  1.26485465419 
 1.4563484775  1.45634667287 
 1.67683293681  1.67682595615 
 1.93069772888  1.93066640669 
 2.22299648253  2.22282704779 
 2.5595479227  2.55842574111 
 2.94705170255  2.93790793911 
 3.3932217719  3.31263765491 
 3.90693993705  3.84188503983 
 4.49843266897  4.45627467102 
 5.17947467923  5.14326555065 
 5.96362331659  5.93221097772 
 6.86648845004  6.83922329148 
 7.90604321091  7.88237387078 
 9.10298177992  9.08243164404 
 10.4811313415  10.463287804 
 12.0679264064  12.0524319829 
 13.8949549437  13.881499719 
 15.9985871961  15.9869023708 
 18.4206996933  18.4105520493 
 21.2095088792  21.2006960176 
 24.4205309455  24.4128771796 
 28.1176869797  28.1110397881 
 32.3745754282  32.3688023854 
 37.2759372031  37.2709233228 
 42.9193426013  42.9149880333 
 49.4171336132  49.4133516475 
 56.8986602902  56.895375625 
 65.512855686  65.5100029252 
 75.4312006335  75.4287229826 
 86.8511373751  86.848985509 
 100.0  99.9981310803 
21209508.8792 50 
 0.1  0.0999999999964 
 0.115139539933  0.115139539944 
 0.132571136559  0.132571136574 
 0.152641796718  0.152641796756 
 0.175751062485  0.175751062625 
 0.202358964773  0.202358964496 
 0.232995181052  0.232995181058 
 0.268269579528  0.268269579368 
 0.308884359648  0.308884359727 
 0.355648030622  0.355648030705 
 0.409491506238  0.409491507554 
 0.471486636346  0.471486636099 
 0.542867543932  0.542867543926 
 0.625055192527  0.625055192894 
 0.719685673001  0.719685670234 
 0.828642772855  0.828642728666 
 0.95409547635  0.954095390291 
 1.09854114199  1.09854094114 
 1.26485521686  1.26485463251 
 1.4563484775  1.4563465726 
 1.67683293681  1.67682566625 
 1.93069772888  1.93066499296 
 2.22299648253  2.22281977551 
 2.5595479227  2.55837805951 
 2.94705170255  2.93753150442 
 3.3932217719  3.30990431469 
 3.90693993705  3.87367068309 
 4.49843266897  4.47344876558 
 5.17947467923  5.15791443897 
 5.96362331659  5.94491020679 
 6.86648845004  6.85024159447 
 7.90604321091  7.89193625015 
 9.10298177992  9.09073204299 
 10.4811313415  10.4704937871 
 12.0679264064  12.0586885117 
 13.8949549437  13.8869323234 
 15.9985871961  15.9916198339 
 18.4206996933  18.4146486936 
 21.2095088792  21.2042536613 
 24.4205309455  24.4159668166 
 28.1176869797  28.1137230342 
 32.3745754282  32.3711327269 
 37.2759372031  37.2729471949 
 42.9193426013  42.9167457541 
 49.4171336132  49.4148782262 
 56.8986602902  56.8967014624 
 65.512855686  65.5111544218 
 75.4312006335  75.4297230656 
 86.8511373751  86.8498540896 
 100.0  99.9988854509 
35564803.0622 50 
 0.1  0.100000000018 
 0.115139539933  0.115139539984 
 0.132571136559  0.13257113668 
 0.152641796718  0.152641796284 
 0.175751062485  0.175751062436 
 0.202358964773  0.202358964672 
 0.232995181052  0.232995180964 
 0.268269579528  0.268269579607 
 0.308884359648  0.308884359918 
 0.355648030622  0.355648031741 
 0.409491506238  0.409491506413 
 0.471486636346  0.471486636324 
 0.542867543932  0.542867544065 
 0.625055192527  0.625055191188 
 0.719685673001  0.719685672696 
 0.828642772855  0.828642728607 
 0.95409547635  0.954095382857 
 1.09854114199  1.09854093188 
 1.26485521686  1.26485461035 
 1.4563484775  1.45634648399 
 1.67683293681  1.67682535642 
 1.93069772888  1.93066362344 
 2.22299648253  2.22281248999 
 2.5595479227  2.55833039789 
 2.94705170255  2.9371558292 
 3.3932217719  3.30720961457 
 3.90693993705  3.8884295248 
 4.49843266897  4.48358675399 
 5.17947467923  5.16662879134 
 5.96362331659  5.9524706202 
 6.86648845004  6.85680406975 
 7.90604321091  7.89763338304 
 9.10298177992  9.09567848344 
 10.4811313415  10.4747888048 
 12.0679264064  12.0624181254 
 13.8949549437  13.8901711128 
 15.9985871961  15.994432489 
 18.4206996933  18.4170913443 
 21.2095088792  21.2063750219 
 24.4205309455  24.4178091736 
 28.1176869797  28.1153230992 
 32.3745754282  32.3725223749 
 37.2759372031  37.2741541038 
 42.9193426013  42.9177939584 
 49.4171336132  49.4157885978 
 56.8986602902  56.8974921272 
 65.512855686  65.5118411214 
 75.4312006335  75.4303194712 
 86.8511373751  86.8503720743 
 100.0  99.9993353264 
59636233.1659 50 
 0.1  0.10000000023 
 0.115139539933  0.115139539745 
 0.132571136559  0.132571136554 
 0.152641796718  0.152641796925 
 0.175751062485  0.175751062424 
 0.202358964773  0.202358964779 
 0.232995181052  0.232995181106 
 0.268269579528  0.268269579778 
 0.308884359648  0.308884362288 
 0.355648030622  0.355648030767 
 0.409491506238  0.409491506006 
 0.471486636346  0.471486636078 
 0.542867543932  0.542867544638 
 0.625055192527  0.625055192166 
 0.719685673001  0.719685670333 
 0.828642772855  0.828642725546 
 0.95409547635  0.954095378827 
 1.09854114199  1.09854092177 
 1.26485521686  1.26485458848 
 1.4563484775  1.45634639215 
 1.67683293681  1.67682502291 
 1.93069772888  1.93066233979 
 2.22299648253  2.22280518264 
 2.5595479227  2.55828280567 
 2.94705170255  2.93678095596 
 3.3932217719  3.30455268512 
 3.90693993705  3.89629521995 
 4.49843266897  4.48959767344 
 5.17947467923  5.17181806242 
 5.96362331659  5.95697478744 
 6.86648845004  6.86071469538 
 7.90604321091  7.90102898347 
 9.10298177992  9.09862707443 
 10.4811313415  10.4773493536 
 12.0679264064  12.0646417777 
 13.8949549437  13.8921022454 
 15.9985871961  15.9961096151 
 18.4206996933  18.4185478949 
 21.2095088792  21.2076400205 
 24.4205309455  24.4189078198 
 28.1176869797  28.1162772744 
 32.3745754282  32.3733510802 
 37.2759372031  37.2748738401 
 42.9193426013  42.9184190557 
 49.4171336132  49.4163315011 
 56.8986602902  56.8979636447 
 65.512855686  65.5122506398 
 75.4312006335  75.4306751427 
 86.8511373751  86.8506809794 
 100.0  99.9996036142 
100000000.0 50 
 0.1  0.100000000024 
 0.115139539933  0.115139541143 
 0.132571136559  0.13257113655 
 0.152641796718  0.152641796795 
 0.175751062485  0.175751062573 
 0.202358964773  0.202358964871 
 0.232995181052  0.232995181289 
 0.268269579528  0.268269579037 
 0.308884359648  0.308884359752 
 0.355648030622  0.355648030517 
 0.409491506238  0.409491506043 
 0.471486636346  0.471486636135 
 0.542867543932  0.542867542424 
 0.625055192527  0.625055190147 
 0.719685673001  0.719685668484 
 0.828642772855  0.82864272533 
 0.95409547635  0.95409537947 
 1.09854114199  1.09854089509 
 1.26485521686  1.26485453107 
 1.4563484775  1.45634631201 
 1.67683293681  1.67682474045 
 1.93069772888  1.93066085961 
 2.22299648253  2.22279788231 
 2.5595479227  2.55823518447 
 2.94705170255  2.93640668323 
 3.3932217719  3.3764915159 
 3.90693993705  3.9007190726 
 4.49843266897  4.49317030636 
 5.17947467923  5.17491004633 
 5.96362331659  5.95965927898 
 6.86648845004  6.86304578474 
 7.90604321091  7.90305329736 
 9.10298177992  9.10038504833 
 10.4811313415  10.4788760706 
 12.0679264064  12.0659676852 
 13.8949549437  13.8932537724 
 15.9985871961  15.9971097063 
 18.4206996933  18.419416472 
 21.2095088792  21.2083943821 
 24.4205309455  24.4195629874 
 28.1176869797  28.1168462931 
 32.3745754282  32.3738452787 
 37.2759372031  37.2753030571 
 42.9193426013  42.9187918359 
 49.4171336132  49.4166552653 
 56.8986602902  56.8982448381 
 65.512855686  65.5124948599 
 75.4312006335  75.4308872511 
 86.8511373751  86.8508651982 
 100.0  99.9997636107 
