0.001 50 
 0.1  0.1 
 0.115139539933  0.115139539933 
 0.132571136559  0.132571136559 
 0.152641796718  0.152641796718 
 0.175751062485  0.175751062485 
 0.202358964773  0.202358964773 
 0.232995181052  0.232995181052 
 0.268269579528  0.268269579528 
 0.308884359648  0.308884359648 
 0.355648030622  0.355648030622 
 0.409491506238  0.409491506238 
 0.471486636346  0.471486636346 
 0.542867543932  0.542867543932 
 0.625055192527  0.625055192527 
 0.719685673001  0.719685673001 
 0.828642772855  0.828642772855 
 0.95409547635  0.95409547635 
 1.09854114199  1.09854114199 
 1.26485521686  1.26485521686 
 1.4563484775  1.4563484775 
 1.67683293681  1.67683293681 
 1.93069772888  1.93069772888 
 2.22299648253  2.22299648253 
 2.5595479227  2.5595479227 
 2.94705170255  2.94705170255 
 3.3932217719  3.3932217719 
 3.90693993705  3.90693993705 
 4.49843266897  4.49843266897 
 5.17947467923  5.17947467923 
 5.96362331659  5.96362331659 
 6.86648845004  6.86648845004 
 7.90604321091  7.90604321091 
 9.10298177992  9.10298177991 
 10.4811313415  10.4811313415 
 12.0679264064  12.0679264064 
 13.8949549437  13.8949549436 
 15.9985871961  15.9985871957 
 18.4206996933  18.4206996918 
 21.2095088792  21.2095088723 
 24.4205309455  24.4205309102 
 28.1176869797  28.1176867823 
 32.3745754282  32.3745742073 
 37.2759372031  37.2759288348 
 42.9193426013  42.919278836 
 49.4171336132  49.4165924396 
 56.8986602902  56.8935438633 
 65.512855686  65.4593010403 
 75.4312006335  74.8436814693 
 86.8511373751  82.1570434362 
 100.0  84.1745326889 
0.00167683293681 50 
 0.1  0.1 
 0.115139539933  0.115139539933 
 0.132571136559  0.132571136559 
 0.152641796718  0.152641796718 
 0.175751062485  0.175751062485 
 0.202358964773  0.202358964773 
 0.232995181052  0.232995181052 
 0.268269579528  0.268269579528 
 0.308884359648  0.308884359648 
 0.355648030622  0.355648030622 
 0.409491506238  0.409491506238 
 0.471486636346  0.471486636346 
 0.542867543932  0.542867543932 
 0.625055192527  0.625055192527 
 0.719685673001  0.719685673001 
 0.828642772855  0.828642772855 
 0.95409547635  0.95409547635 
 1.09854114199  1.09854114199 
 1.26485521686  1.26485521686 
 1.4563484775  1.4563484775 
 1.67683293681  1.67683293681 
 1.93069772888  1.93069772888 
 2.22299648253  2.22299648253 
 2.5595479227  2.5595479227 
 2.94705170255  2.94705170255 
 3.3932217719  3.3932217719 
 3.90693993705  3.90693993705 
 4.49843266897  4.49843266897 
 5.17947467923  5.17947467923 
 5.96362331659  5.96362331659 
 6.86648845004  6.86648845004 
 7.90604321091  7.90604321091 
 9.10298177992  9.10298177991 
 10.4811313415  10.4811313415 
 12.0679264064  12.0679264064 
 13.8949549437  13.8949549436 
 15.9985871961  15.9985871955 
 18.4206996933  18.4206996907 
 21.2095088792  21.2095088674 
 24.4205309455  24.4205308852 
 28.1176869797  28.1176866414 
 32.3745754282  32.3745733285 
 37.2759372031  37.2759227543 
 42.9193426013  42.9192320068 
 49.4171336132  49.4161901824 
 56.8986602902  56.8896922125 
 65.512855686  65.4187970232 
 75.4312006335  74.4367469071 
 86.8511373751  80.2862204353 
 100.0  81.4980665545 
0.00281176869797 50 
 0.1  0.1 
 0.115139539933  0.115139539933 
 0.132571136559  0.132571136559 
 0.152641796718  0.152641796718 
 0.175751062485  0.175751062485 
 0.202358964773  0.202358964773 
 0.232995181052  0.232995181052 
 0.268269579528  0.268269579528 
 0.308884359648  0.308884359648 
 0.355648030622  0.355648030622 
 0.409491506238  0.409491506238 
 0.471486636346  0.471486636346 
 0.542867543932  0.542867543932 
 0.625055192527  0.625055192527 
 0.719685673001  0.719685673001 
 0.828642772855  0.828642772855 
 0.95409547635  0.95409547635 
 1.09854114199  1.09854114199 
 1.26485521686  1.26485521686 
 1.4563484775  1.4563484775 
 1.67683293681  1.67683293681 
 1.93069772888  1.93069772888 
 2.22299648253  2.22299648253 
 2.5595479227  2.5595479227 
 2.94705170255  2.94705170255 
 3.3932217719  3.3932217719 
 3.90693993705  3.90693993705 
 4.49843266897  4.49843266897 
 5.17947467923  5.17947467923 
 5.96362331659  5.96362331659 
 6.86648845004  6.86648845004 
 7.90604321091  7.90604321091 
 9.10298177992  9.10298177991 
 10.4811313415  10.4811313415 
 12.0679264064  12.0679264063 
 13.8949549437  13.8949549435 
 15.9985871961  15.998587195 
 18.4206996933  18.4206996889 
 21.2095088792  21.2095088589 
 24.4205309455  24.4205308413 
 28.1176869797  28.1176863918 
 32.3745754282  32.3745717599 
 37.2759372031  37.275911804 
 42.9193426013  42.9191468319 
 49.4171336132  49.4154505255 
 56.8986602902  56.8825327775 
 65.512855686  65.3435225185 
 75.4312006335  73.7539954089 
 86.8511373751  78.0329409439 
 100.0  78.704257217 
0.00471486636346 50 
 0.1  0.1 
 0.115139539933  0.115139539933 
 0.132571136559  0.132571136559 
 0.152641796718  0.152641796718 
 0.175751062485  0.175751062485 
 0.202358964773  0.202358964773 
 0.232995181052  0.232995181052 
 0.268269579528  0.268269579528 
 0.308884359648  0.308884359648 
 0.355648030622  0.355648030622 
 0.409491506238  0.409491506238 
 0.471486636346  0.471486636346 
 0.542867543932  0.542867543932 
 0.625055192527  0.625055192527 
 0.719685673001  0.719685673001 
 0.828642772855  0.828642772855 
 0.95409547635  0.95409547635 
 1.09854114199  1.09854114199 
 1.26485521686  1.26485521686 
 1.4563484775  1.4563484775 
 1.67683293681  1.67683293681 
 1.93069772888  1.93069772888 
 2.22299648253  2.22299648253 
 2.5595479227  2.5595479227 
 2.94705170255  2.94705170255 
 3.3932217719  3.3932217719 
 3.90693993705  3.90693993705 
 4.49843266897  4.49843266897 
 5.17947467923  5.17947467923 
 5.96362331659  5.96362331659 
 6.86648845004  6.86648845004 
 7.90604321091  7.9060432109 
 9.10298177992  9.1029817799 
 10.4811313415  10.4811313415 
 12.0679264064  12.0679264063 
 13.8949549437  13.8949549433 
 15.9985871961  15.9985871943 
 18.4206996933  18.4206996857 
 21.2095088792  21.2095088436 
 24.4205309455  24.4205307618 
 28.1176869797  28.1176859359 
 32.3745754282  32.3745688621 
 37.2759372031  37.2758913208 
 42.9193426013  42.9189853117 
 49.4171336132  49.4140272409 
 56.8986602902  56.8685711303 
 65.512855686  65.1980587103 
 75.4312006335  72.6453491236 
 86.8511373751  75.4373915605 
 100.0  75.7793489062 
0.00790604321091 50 
 0.1  0.1 
 0.115139539933  0.115139539933 
 0.132571136559  0.132571136559 
 0.152641796718  0.152641796718 
 0.175751062485  0.175751062485 
 0.202358964773  0.202358964773 
 0.232995181052  0.232995181052 
 0.268269579528  0.268269579528 
 0.308884359648  0.308884359648 
 0.355648030622  0.355648030622 
 0.409491506238  0.409491506238 
 0.471486636346  0.471486636346 
 0.542867543932  0.542867543932 
 0.625055192527  0.625055192527 
 0.719685673001  0.719685673001 
 0.828642772855  0.828642772855 
 0.95409547635  0.95409547635 
 1.09854114199  1.09854114199 
 1.26485521686  1.26485521686 
 1.4563484775  1.4563484775 
 1.67683293681  1.67683293681 
 1.93069772888  1.93069772888 
 2.22299648253  2.22299648253 
 2.5595479227  2.5595479227 
 2.94705170255  2.94705170255 
 3.3932217719  3.3932217719 
 3.90693993705  3.90693993705 
 4.49843266897  4.49843266897 
 5.17947467923  5.17947467923 
 5.96362331659  5.96362331659 
 6.86648845004  6.86648845004 
 7.90604321091  7.9060432109 
 9.10298177992  9.1029817799 
 10.4811313415  10.4811313415 
 12.0679264064  12.0679264062 
 13.8949549437  13.894954943 
 15.9985871961  15.998587193 
 18.4206996933  18.4206996798 
 21.2095088792  21.2095088152 
 24.4205309455  24.4205306124 
 28.1176869797  28.1176850666 
 32.3745754282  32.3745632515 
 37.2759372031  37.2758510094 
 42.9193426013  42.9186619117 
 49.4171336132  49.4111269057 
 56.8986602902  56.8397371152 
 65.512855686  64.9073562236 
 75.4312006335  70.9634172105 
 86.8511373751  72.5542537421 
 100.0  72.7144811084 
0.0132571136559 50 
 0.1  0.1 
 0.115139539933  0.115139539933 
 0.132571136559  0.132571136559 
 0.152641796718  0.152641796718 
 0.175751062485  0.175751062485 
 0.202358964773  0.202358964773 
 0.232995181052  0.232995181052 
 0.268269579528  0.268269579528 
 0.308884359648  0.308884359648 
 0.355648030622  0.355648030622 
 0.409491506238  0.409491506238 
 0.471486636346  0.471486636346 
 0.542867543932  0.542867543932 
 0.625055192527  0.625055192527 
 0.719685673001  0.719685673001 
 0.828642772855  0.828642772855 
 0.95409547635  0.95409547635 
 1.09854114199  1.09854114199 
 1.26485521686  1.26485521686 
 1.4563484775  1.4563484775 
 1.67683293681  1.67683293681 
 1.93069772888  1.93069772888 
 2.22299648253  2.22299648253 
 2.5595479227  2.5595479227 
 2.94705170255  2.94705170255 
 3.3932217719  3.3932217719 
 3.90693993705  3.90693993705 
 4.49843266897  4.49843266897 
 5.17947467923  5.17947467923 
 5.96362331659  5.96362331659 
 6.86648845004  6.86648845004 
 7.90604321091  7.9060432109 
 9.10298177992  9.10298177989 
 10.4811313415  10.4811313415 
 12.0679264064  12.0679264062 
 13.8949549437  13.8949549423 
 15.9985871961  15.9985871904 
 18.4206996933  18.4206996684 
 21.2095088792  21.20950876 
 24.4205309455  24.4205303165 
 28.1176869797  28.1176833137 
 32.3745754282  32.3745517299 
 37.2759372031  37.2757666447 
 42.9193426013  42.9179719016 
 49.4171336132  49.4048239385 
 56.8986602902  56.7765969508 
 65.512855686  64.3234848682 
 75.4312006335  68.6595169309 
 86.8511373751  69.4473336155 
 100.0  69.5168223574 
0.0222299648253 50 
 0.1  0.1 
 0.115139539933  0.115139539933 
 0.132571136559  0.132571136559 
 0.152641796718  0.152641796718 
 0.175751062485  0.175751062485 
 0.202358964773  0.202358964773 
 0.232995181052  0.232995181052 
 0.268269579528  0.268269579528 
 0.308884359648  0.308884359648 
 0.355648030622  0.355648030622 
 0.409491506238  0.409491506238 
 0.471486636346  0.471486636346 
 0.542867543932  0.542867543932 
 0.625055192527  0.625055192527 
 0.719685673001  0.719685673001 
 0.828642772855  0.828642772855 
 0.95409547635  0.95409547635 
 1.09854114199  1.09854114199 
 1.26485521686  1.26485521686 
 1.4563484775  1.4563484775 
 1.67683293681  1.67683293681 
 1.93069772888  1.93069772888 
 2.22299648253  2.22299648253 
 2.5595479227  2.5595479227 
 2.94705170255  2.94705170255 
 3.3932217719  3.3932217719 
 3.90693993705  3.90693993705 
 4.49843266897  4.49843266897 
 5.17947467923  5.17947467923 
 5.96362331659  5.96362331659 
 6.86648845004  6.86648845004 
 7.90604321091  7.90604321089 
 9.10298177992  9.10298177987 
 10.4811313415  10.4811313415 
 12.0679264064  12.0679264061 
 13.8949549437  13.8949549411 
 15.9985871961  15.9985871853 
 18.4206996933  18.4206996454 
 21.2095088792  21.2095086457 
 24.4205309455  24.4205296923 
 28.1176869797  28.1176795451 
 32.3745754282  32.3745264685 
 37.2759372031  37.2755780414 
 42.9193426013  42.9163999498 
 49.4171336132  49.3902376704 
 56.8986602902  56.6318862092 
 65.512855686  63.2148379482 
 75.4312006335  65.8403283518 
 86.8511373751  66.1857767019 
 100.0  66.2139852318 
0.0372759372031 50 
 0.1  0.1 
 0.115139539933  0.115139539933 
 0.132571136559  0.132571136559 
 0.152641796718  0.152641796718 
 0.175751062485  0.175751062485 
 0.202358964773  0.202358964773 
 0.232995181052  0.232995181052 
 0.268269579528  0.268269579528 
 0.308884359648  0.308884359648 
 0.355648030622  0.355648030622 
 0.409491506238  0.409491506238 
 0.471486636346  0.471486636346 
 0.542867543932  0.542867543932 
 0.625055192527  0.625055192527 
 0.719685673001  0.719685673001 
 0.828642772855  0.828642772855 
 0.95409547635  0.95409547635 
 1.09854114199  1.09854114199 
 1.26485521686  1.26485521686 
 1.4563484775  1.4563484775 
 1.67683293681  1.67683293681 
 1.93069772888  1.93069772888 
 2.22299648253  2.22299648253 
 2.5595479227  2.5595479227 
 2.94705170255  2.94705170255 
 3.3932217719  3.3932217719 
 3.90693993705  3.90693993705 
 4.49843266897  4.49843266897 
 5.17947467923  5.17947467923 
 5.96362331659  5.96362331659 
 6.86648845004  6.86648845003 
 7.90604321091  7.90604321089 
 9.10298177992  9.10298177983 
 10.4811313415  10.4811313416 
 12.0679264064  12.0679264055 
 13.8949549437  13.8949549385 
 15.9985871961  15.9985871745 
 18.4206996933  18.4206995954 
 21.2095088792  21.2095083932 
 24.4205309455  24.4205282864 
 28.1176869797  28.1176708934 
 32.3745754282  32.3744674076 
 37.2759372031  37.2751293239 
 42.9193426013  42.9126005166 
 49.4171336132  49.3546844297 
 56.8986602902  56.2963571634 
 65.512855686  61.3780128812 
 75.4312006335  62.6998881311 
 86.8511373751  62.8383671532 
 100.0  62.8492384251 
0.0625055192527 50 
 0.1  0.1 
 0.115139539933  0.115139539933 
 0.132571136559  0.132571136559 
 0.152641796718  0.152641796718 
 0.175751062485  0.175751062485 
 0.202358964773  0.202358964773 
 0.232995181052  0.232995181052 
 0.268269579528  0.268269579528 
 0.308884359648  0.308884359648 
 0.355648030622  0.355648030622 
 0.409491506238  0.409491506238 
 0.471486636346  0.471486636346 
 0.542867543932  0.542867543932 
 0.625055192527  0.625055192527 
 0.719685673001  0.719685673001 
 0.828642772855  0.828642772855 
 0.95409547635  0.95409547635 
 1.09854114199  1.09854114199 
 1.26485521686  1.26485521686 
 1.4563484775  1.4563484775 
 1.67683293681  1.67683293681 
 1.93069772888  1.93069772888 
 2.22299648253  2.22299648253 
 2.5595479227  2.5595479227 
 2.94705170255  2.94705170255 
 3.3932217719  3.3932217719 
 3.90693993705  3.90693993705 
 4.49843266897  4.49843266897 
 5.17947467923  5.17947467923 
 5.96362331659  5.96362331659 
 6.86648845004  6.86648845005 
 7.90604321091  7.90604321088 
 9.10298177992  9.10298177995 
 10.4811313415  10.4811313416 
 12.0679264064  12.0679264045 
 13.8949549437  13.8949549328 
 15.9985871961  15.9985871499 
 18.4206996933  18.4206994799 
 21.2095088792  21.2095077985 
 24.4205309455  24.4205249187 
 28.1176869797  28.1176498314 
 32.3745754282  32.3743214409 
 37.2759372031  37.2740050217 
 42.9193426013  42.9029776786 
 49.4171336132  49.2652363145 
 56.8986602902  55.5581703277 
 65.512855686  58.8474551654 
 75.4312006335  59.4154508888 
 86.8511373751  59.4678003564 
 100.0  59.4718380094 
0.104811313415 50 
 0.1  0.1 
 0.115139539933  0.115139539933 
 0.132571136559  0.132571136559 
 0.152641796718  0.152641796718 
 0.175751062485  0.175751062485 
 0.202358964773  0.202358964773 
 0.232995181052  0.232995181052 
 0.268269579528  0.268269579528 
 0.308884359648  0.308884359648 
 0.355648030622  0.355648030622 
 0.409491506238  0.409491506238 
 0.471486636346  0.471486636346 
 0.542867543932  0.542867543932 
 0.625055192527  0.625055192527 
 0.719685673001  0.719685673001 
 0.828642772855  0.828642772855 
 0.95409547635  0.95409547635 
 1.09854114199  1.09854114199 
 1.26485521686  1.26485521686 
 1.4563484775  1.4563484775 
 1.67683293681  1.67683293681 
 1.93069772888  1.93069772888 
 2.22299648253  2.22299648253 
 2.5595479227  2.5595479227 
 2.94705170255  2.94705170255 
 3.3932217719  3.3932217719 
 3.90693993705  3.90693993705 
 4.49843266897  4.49843266897 
 5.17947467923  5.17947467923 
 5.96362331659  5.96362331658 
 6.86648845004  6.86648845007 
 7.90604321091  7.90604321084 
 9.10298177992  9.10298178042 
 10.4811313415  10.4811313412 
 12.0679264064  12.0679264066 
 13.8949549437  13.8949549193 
 15.9985871961  15.9985870906 
 18.4206996933  18.420699197 
 21.2095088792  21.20950632 
 24.4205309455  24.4205164342 
 28.1176869797  28.1175961132 
 32.3745754282  32.3739449836 
 37.2759372031  37.271078385 
 42.9193426013  42.8778451181 
 49.4171336132  49.0404619526 
 56.8986602902  54.1533102394 
 65.512855686  55.8875411985 
 75.4312006335  56.1076374827 
 86.8511373751  56.1267719459 
 100.0  56.1282390495 
0.175751062485 50 
 0.1  0.1 
 0.115139539933  0.115139539933 
 0.132571136559  0.132571136559 
 0.152641796718  0.152641796718 
 0.175751062485  0.175751062485 
 0.202358964773  0.202358964773 
 0.232995181052  0.232995181052 
 0.268269579528  0.268269579528 
 0.308884359648  0.308884359648 
 0.355648030622  0.355648030622 
 0.409491506238  0.409491506238 
 0.471486636346  0.471486636346 
 0.542867543932  0.542867543932 
 0.625055192527  0.625055192527 
 0.719685673001  0.719685673001 
 0.828642772855  0.828642772855 
 0.95409547635  0.95409547635 
 1.09854114199  1.09854114199 
 1.26485521686  1.26485521686 
 1.4563484775  1.4563484775 
 1.67683293681  1.67683293681 
 1.93069772888  1.93069772888 
 2.22299648253  2.22299648253 
 2.5595479227  2.5595479227 
 2.94705170255  2.94705170255 
 3.3932217719  3.39322177189 
 3.90693993705  3.90693993706 
 4.49843266897  4.49843266897 
 5.17947467923  5.17947467923 
 5.96362331659  5.96362331664 
 6.86648845004  6.86648845008 
 7.90604321091  7.90604321113 
 9.10298177992  9.10298178084 
 10.4811313415  10.4811313377 
 12.0679264064  12.067926392 
 13.8949549437  13.8949548854 
 15.9985871961  15.9985869405 
 18.4206996933  18.4206984584 
 21.2095088792  21.2095024904 
 24.4205309455  24.4204942506 
 28.1176869797  28.1174544892 
 32.3745754282  32.3729456163 
 37.2759372031  37.2632746833 
 42.9193426013  42.8114706043 
 49.4171336132  48.5074816754 
 56.8986602902  52.0082808684 
 65.512855686  52.7703352975 
 75.4312006335  52.8514294355 
 86.8511373751  52.8583435404 
 100.0  52.8588767847 
0.294705170255 50 
 0.1  0.1 
 0.115139539933  0.115139539933 
 0.132571136559  0.132571136559 
 0.152641796718  0.152641796718 
 0.175751062485  0.175751062485 
 0.202358964773  0.202358964773 
 0.232995181052  0.232995181052 
 0.268269579528  0.268269579528 
 0.308884359648  0.308884359648 
 0.355648030622  0.355648030622 
 0.409491506238  0.409491506238 
 0.471486636346  0.471486636346 
 0.542867543932  0.542867543932 
 0.625055192527  0.625055192527 
 0.719685673001  0.719685673001 
 0.828642772855  0.828642772855 
 0.95409547635  0.95409547635 
 1.09854114199  1.09854114199 
 1.26485521686  1.26485521686 
 1.4563484775  1.4563484775 
 1.67683293681  1.67683293681 
 1.93069772888  1.93069772888 
 2.22299648253  2.22299648253 
 2.5595479227  2.5595479227 
 2.94705170255  2.94705170255 
 3.3932217719  3.3932217719 
 3.90693993705  3.90693993706 
 4.49843266897  4.49843266897 
 5.17947467923  5.1794746792 
 5.96362331659  5.9636233167 
 6.86648845004  6.86648844999 
 7.90604321091  7.90604321242 
 9.10298177992  9.10298178051 
 10.4811313415  10.4811313321 
 12.0679264064  12.0679263706 
 13.8949549437  13.8949547974 
 15.9985871961  15.9985865462 
 18.4206996933  18.4206965543 
 21.2095088792  21.2094922955 
 24.4205309455  24.4204348356 
 28.1176869797  28.1170735784 
 32.3745754282  32.3702501328 
 37.2759372031  37.2422862578 
 42.9193426013  42.6395018397 
 49.4171336132  47.417368752 
 56.8986602902  49.3690716545 
 65.512855686  49.6690813341 
 75.4312006335  49.6987680255 
 86.8511373751  49.7013164892 
 100.0  49.7015161146 
0.494171336132 50 
 0.1  0.1 
 0.115139539933  0.115139539933 
 0.132571136559  0.132571136559 
 0.152641796718  0.152641796718 
 0.175751062485  0.175751062485 
 0.202358964773  0.202358964773 
 0.232995181052  0.232995181052 
 0.268269579528  0.268269579528 
 0.308884359648  0.308884359648 
 0.355648030622  0.355648030622 
 0.409491506238  0.409491506238 
 0.471486636346  0.471486636346 
 0.542867543932  0.542867543932 
 0.625055192527  0.625055192527 
 0.719685673001  0.719685673001 
 0.828642772855  0.828642772855 
 0.95409547635  0.95409547635 
 1.09854114199  1.09854114199 
 1.26485521686  1.26485521686 
 1.4563484775  1.4563484775 
 1.67683293681  1.67683293681 
 1.93069772888  1.93069772888 
 2.22299648253  2.22299648253 
 2.5595479227  2.5595479227 
 2.94705170255  2.94705170255 
 3.3932217719  3.3932217719 
 3.90693993705  3.90693993706 
 4.49843266897  4.49843266896 
 5.17947467923  5.17947467939 
 5.96362331659  5.96362331673 
 6.86648845004  6.86648844939 
 7.90604321091  7.90604321373 
 9.10298177992  9.10298177315 
 10.4811313415  10.4811313174 
 12.0679264064  12.0679263141 
 13.8949549437  13.8949545623 
 15.9985871961  15.9985854889 
 18.4206996933  18.4206913873 
 21.2095088792  21.2094647576 
 24.4205309455  24.4202740901 
 28.1176869797  28.1160428301 
 32.3745754282  32.3629810166 
 37.2759372031  37.1866295508 
 42.9193426013  42.2265157045 
 49.4171336132  45.6601576898 
 56.8986602902  46.5731007278 
 65.512855686  46.6886390116 
 75.4312006335  46.7000164734 
 86.8511373751  46.7010252698 
 100.0  46.7011090548 
0.828642772855 50 
 0.1  0.1 
 0.115139539933  0.115139539933 
 0.132571136559  0.132571136559 
 0.152641796718  0.152641796718 
 0.175751062485  0.175751062485 
 0.202358964773  0.202358964773 
 0.232995181052  0.232995181052 
 0.268269579528  0.268269579528 
 0.308884359648  0.308884359648 
 0.355648030622  0.355648030622 
 0.409491506238  0.409491506238 
 0.471486636346  0.471486636346 
 0.542867543932  0.542867543932 
 0.625055192527  0.625055192527 
 0.719685673001  0.719685673001 
 0.828642772855  0.828642772855 
 0.95409547635  0.95409547635 
 1.09854114199  1.09854114199 
 1.26485521686  1.26485521686 
 1.4563484775  1.4563484775 
 1.67683293681  1.67683293681 
 1.93069772888  1.93069772888 
 2.22299648253  2.22299648253 
 2.5595479227  2.5595479227 
 2.94705170255  2.94705170256 
 3.3932217719  3.39322177191 
 3.90693993705  3.90693993706 
 4.49843266897  4.49843266911 
 5.17947467923  5.17947467953 
 5.96362331659  5.96362331603 
 6.86648845004  6.86648844958 
 7.90604321091  7.90604320563 
 9.10298177992  9.10298176224 
 10.4811313415  10.4811312776 
 12.0679264064  12.0679261616 
 13.8949549437  13.8949539276 
 15.9985871961  15.998582627 
 18.4206996933  18.4206773876 
 21.2095088792  21.2093904129 
 24.4205309455  24.4198421422 
 28.1176869797  28.1132953434 
 32.3745754282  32.3439031832 
 37.2759372031  37.0474196169 
 42.9193426013  41.3917942589 
 49.4171336132  43.4724027183 
 56.8986602902  43.8713570089 
 65.512855686  43.9191227748 
 75.4312006335  43.9240409504 
 86.8511373751  43.9245059222 
 100.0  43.9245487364 
1.38949549437 50 
 0.1  0.1 
 0.115139539933  0.115139539933 
 0.132571136559  0.132571136559 
 0.152641796718  0.152641796718 
 0.175751062485  0.175751062485 
 0.202358964773  0.202358964773 
 0.232995181052  0.232995181052 
 0.268269579528  0.268269579528 
 0.308884359648  0.308884359648 
 0.355648030622  0.355648030622 
 0.409491506238  0.409491506238 
 0.471486636346  0.471486636346 
 0.542867543932  0.542867543932 
 0.625055192527  0.625055192527 
 0.719685673001  0.719685673001 
 0.828642772855  0.828642772855 
 0.95409547635  0.95409547635 
 1.09854114199  1.09854114199 
 1.26485521686  1.26485521686 
 1.4563484775  1.4563484775 
 1.67683293681  1.67683293681 
 1.93069772888  1.93069772888 
 2.22299648253  2.22299648253 
 2.5595479227  2.55954792271 
 2.94705170255  2.94705170258 
 3.3932217719  3.39322177191 
 3.90693993705  3.90693993703 
 4.49843266897  4.49843266939 
 5.17947467923  5.17947467953 
 5.96362331659  5.96362331511 
 6.86648845004  6.86648844555 
 7.90604321091  7.90604319686 
 9.10298177992  9.10298173176 
 10.4811313415  10.4811311717 
 12.0679264064  12.0679257494 
 13.8949549437  13.894952212 
 15.9985871961  15.9985749601 
 18.4206996933  18.4206402521 
 21.2095088792  21.2091952332 
 24.4205309455  24.4187273196 
 28.1176869797  28.1063724732 
 32.3745754282  32.2977355997 
 37.2759372031  36.7454612065 
 42.9193426013  40.1115693312 
 49.4171336132  41.2551098795 
 56.8986602902  41.4422909369 
 65.512855686  41.4654177141 
 75.4312006335  41.4679773161 
 86.8511373751  41.4682395017 
 100.0  41.4682638556 
2.32995181052 50 
 0.1  0.1 
 0.115139539933  0.115139539933 
 0.132571136559  0.132571136559 
 0.152641796718  0.152641796718 
 0.175751062485  0.175751062485 
 0.202358964773  0.202358964773 
 0.232995181052  0.232995181052 
 0.268269579528  0.268269579528 
 0.308884359648  0.308884359648 
 0.355648030622  0.355648030622 
 0.409491506238  0.409491506238 
 0.471486636346  0.471486636346 
 0.542867543932  0.542867543932 
 0.625055192527  0.625055192527 
 0.719685673001  0.719685673001 
 0.828642772855  0.828642772855 
 0.95409547635  0.95409547635 
 1.09854114199  1.09854114199 
 1.26485521686  1.26485521686 
 1.4563484775  1.4563484775 
 1.67683293681  1.67683293681 
 1.93069772888  1.93069772888 
 2.22299648253  2.22299648253 
 2.5595479227  2.55954792274 
 2.94705170255  2.94705170259 
 3.3932217719  3.39322177188 
 3.90693993705  3.90693993696 
 4.49843266897  4.49843266965 
 5.17947467923  5.17947467783 
 5.96362331659  5.96362331242 
 6.86648845004  6.86648843819 
 7.90604321091  7.90604317324 
 9.10298177992  9.10298164486 
 10.4811313415  10.481130888 
 12.0679264064  12.0679246593 
 13.8949549437  13.8949477389 
 15.9985871961  15.9985552413 
 18.4206996933  18.4205473222 
 21.2095088792  21.2087227046 
 24.4205309455  24.4161336633 
 28.1176869797  28.0910731067 
 32.3745754282  32.203541707 
 37.2759372031  36.2361981037 
 42.9193426013  38.6602073513 
 49.4171336132  39.3104531734 
 56.8986602902  39.4132489151 
 65.512855686  39.4266569505 
 75.4312006335  39.4282356795 
 86.8511373751  39.4284063381 
 100.0  39.4284232758 
3.90693993705 50 
 0.1  0.1 
 0.115139539933  0.115139539933 
 0.132571136559  0.132571136559 
 0.152641796718  0.152641796718 
 0.175751062485  0.175751062485 
 0.202358964773  0.202358964773 
 0.232995181052  0.232995181052 
 0.268269579528  0.268269579528 
 0.308884359648  0.308884359648 
 0.355648030622  0.355648030622 
 0.409491506238  0.409491506238 
 0.471486636346  0.471486636346 
 0.542867543932  0.542867543932 
 0.625055192527  0.625055192527 
 0.719685673001  0.719685673001 
 0.828642772855  0.828642772855 
 0.95409547635  0.95409547635 
 1.09854114199  1.09854114199 
 1.26485521686  1.26485521686 
 1.4563484775  1.4563484775 
 1.67683293681  1.67683293681 
 1.93069772888  1.93069772888 
 2.22299648253  2.22299648257 
 2.5595479227  2.55954792276 
 2.94705170255  2.94705170257 
 3.3932217719  3.3932217718 
 3.90693993705  3.90693993804 
 4.49843266897  4.49843266757 
 5.17947467923  5.17947467546 
 5.96362331659  5.9636233042 
 6.86648845004  6.86648841764 
 7.90604321091  7.90604311168 
 9.10298177992  9.10298144893 
 10.4811313415  10.4811301591 
 12.0679264064  12.0679219916 
 13.8949549437  13.8949371787 
 15.9985871961  15.9985105695 
 18.4206996933  18.4203458152 
 21.2095088792  21.2077546882 
 24.4205309455  24.4111593521 
 28.1176869797  28.06393153 
 32.3745754282  32.0543206934 
 37.2759372031  35.5996045988 
 42.9193426013  37.3459832462 
 49.4171336132  37.7582173179 
 56.8986602902  37.823651741 
 65.512855686  37.832504174 
 75.4312006335  37.8335821277 
 86.8511373751  37.8337020009 
 100.0  37.833714177 
6.5512855686 50 
 0.1  0.1 
 0.115139539933  0.115139539933 
 0.132571136559  0.132571136559 
 0.152641796718  0.152641796718 
 0.175751062485  0.175751062485 
 0.202358964773  0.202358964773 
 0.232995181052  0.232995181052 
 0.268269579528  0.268269579528 
 0.308884359648  0.308884359648 
 0.355648030622  0.355648030622 
 0.409491506238  0.409491506238 
 0.471486636346  0.471486636346 
 0.542867543932  0.542867543932 
 0.625055192527  0.625055192527 
 0.719685673001  0.719685673001 
 0.828642772855  0.828642772855 
 0.95409547635  0.95409547635 
 1.09854114199  1.09854114199 
 1.26485521686  1.26485521686 
 1.4563484775  1.45634847751 
 1.67683293681  1.67683293681 
 1.93069772888  1.93069772893 
 2.22299648253  2.22299648262 
 2.5595479227  2.55954792276 
 2.94705170255  2.94705170248 
 3.3932217719  3.39322177187 
 3.90693993705  3.9069399356 
 4.49843266897  4.4984326653 
 5.17947467923  5.17947466935 
 5.96362331659  5.96362328909 
 6.86648845004  6.8664883695 
 7.90604321091  7.90604296128 
 9.10298177992  9.10298096814 
 10.4811313415  10.4811285535 
 12.0679264064  12.0679162754 
 13.8949549437  13.8949158779 
 15.9985871961  15.9984266325 
 18.4206996933  18.419995251 
 21.2095088792  21.2061896731 
 24.4205309455  24.4036990881 
 28.1176869797  28.0263174729 
 32.3745754282  31.8697993758 
 37.2759372031  34.9660514027 
 42.9193426013  36.2805351493 
 49.4171336132  36.5697493805 
 56.8986602902  36.6158104366 
 65.512855686  36.6221466825 
 75.4312006335  36.6229298533 
 86.8511373751  36.6230175189 
 100.0  36.6230245631 
10.9854114199 50 
 0.1  0.1 
 0.115139539933  0.115139539933 
 0.132571136559  0.132571136559 
 0.152641796718  0.152641796718 
 0.175751062485  0.175751062485 
 0.202358964773  0.202358964773 
 0.232995181052  0.232995181052 
 0.268269579528  0.268269579528 
 0.308884359648  0.308884359648 
 0.355648030622  0.355648030622 
 0.409491506238  0.409491506238 
 0.471486636346  0.471486636346 
 0.542867543932  0.542867543932 
 0.625055192527  0.625055192527 
 0.719685673001  0.719685673002 
 0.828642772855  0.828642772855 
 0.95409547635  0.95409547635 
 1.09854114199  1.09854114199 
 1.26485521686  1.26485521686 
 1.4563484775  1.4563484775 
 1.67683293681  1.67683293684 
 1.93069772888  1.93069772899 
 2.22299648253  2.22299648263 
 2.5595479227  2.55954792263 
 2.94705170255  2.94705170188 
 3.3932217719  3.39322177033 
 3.90693993705  3.9069399333 
 4.49843266897  4.49843265956 
 5.17947467923  5.17947466036 
 5.96362331659  5.96362326344 
 6.86648845004  6.86648827 
 7.90604321091  7.90604268918 
 9.10298177992  9.10298011519 
 10.4811313415  10.481125658 
 12.0679264064  12.0679066453 
 13.8949549437  13.8948824514 
 15.9985871961  15.9983046072 
 18.4206996933  18.4195150972 
 21.2095088792  21.2041728106 
 24.4205309455  24.3945902353 
 28.1176869797  27.982928399 
 32.3745754282  31.6755972317 
 37.2759372031  34.4016844744 
 42.9193426013  35.4392190328 
 49.4171336132  35.6574164709 
 56.8986602902  35.6921093458 
 65.512855686  35.696908474 
 75.4312006335  35.697505136 
 86.8511373751  35.6975719037 
 100.0  35.6975794488 
18.4206996933 50 
 0.1  0.1 
 0.115139539933  0.115139539933 
 0.132571136559  0.132571136559 
 0.152641796718  0.152641796718 
 0.175751062485  0.175751062485 
 0.202358964773  0.202358964773 
 0.232995181052  0.232995181052 
 0.268269579528  0.268269579528 
 0.308884359648  0.308884359648 
 0.355648030622  0.355648030622 
 0.409491506238  0.409491506238 
 0.471486636346  0.471486636346 
 0.542867543932  0.542867543932 
 0.625055192527  0.625055192528 
 0.719685673001  0.719685673002 
 0.828642772855  0.828642772855 
 0.95409547635  0.954095476353 
 1.09854114199  1.098541142 
 1.26485521686  1.26485521686 
 1.4563484775  1.45634847749 
 1.67683293681  1.67683293691 
 1.93069772888  1.93069772905 
 2.22299648253  2.22299648221 
 2.5595479227  2.55954792177 
 2.94705170255  2.94705170082 
 3.3932217719  3.39322176961 
 3.90693993705  3.90693992948 
 4.49843266897  4.49843265436 
 5.17947467923  5.17947464093 
 5.96362331659  5.9636231977 
 6.86648845004  6.86648809751 
 7.90604321091  7.90604216766 
 9.10298177992  9.10297864026 
 10.4811313415  10.4811215653 
 12.0679264064  12.0678939211 
 13.8949549437  13.8948403235 
 15.9985871961  15.9981569659 
 18.4206996933  18.4189610732 
 21.2095088792  21.2019200726 
 24.4205309455  24.3847139347 
 28.1176869797  27.9374900867 
 32.3745754282  31.4860657689 
 37.2759372031  33.9149572301 
 42.9193426013  34.7658578921 
 49.4171336132  34.9390947851 
 56.8986602902  34.9665358857 
 65.512855686  34.9703393797 
 75.4312006335  34.970812774 
 86.8511373751  34.9708655051 
 100.0  34.9708710014 
30.8884359648 50 
 0.1  0.1 
 0.115139539933  0.115139539933 
 0.132571136559  0.132571136559 
 0.152641796718  0.152641796718 
 0.175751062485  0.175751062485 
 0.202358964773  0.202358964773 
 0.232995181052  0.232995181052 
 0.268269579528  0.268269579528 
 0.308884359648  0.308884359648 
 0.355648030622  0.355648030623 
 0.409491506238  0.409491506238 
 0.471486636346  0.471486636346 
 0.542867543932  0.542867543933 
 0.625055192527  0.625055192529 
 0.719685673001  0.719685673003 
 0.828642772855  0.828642772854 
 0.95409547635  0.954095476361 
 1.09854114199  1.098541142 
 1.26485521686  1.26485521684 
 1.4563484775  1.45634847756 
 1.67683293681  1.67683293666 
 1.93069772888  1.9306977286 
 2.22299648253  2.22299648152 
 2.5595479227  2.55954792083 
 2.94705170255  2.94705170125 
 3.3932217719  3.39322176597 
 3.90693993705  3.90693992596 
 4.49843266897  4.49843264112 
 5.17947467923  5.17947459376 
 5.96362331659  5.96362310121 
 6.86648845004  6.86648783829 
 7.90604321091  7.90604149393 
 9.10298177992  9.10297687949 
 10.4811313415  10.4811167281 
 12.0679264064  12.0678792236 
 13.8949549437  13.8947938897 
 15.9985871961  15.9979979658 
 18.4206996933  18.4183737685 
 21.2095088792  21.1995703029 
 24.4205309455  24.3745590966 
 28.1176869797  27.8918087396 
 32.3745754282  31.30615957 
 37.2759372031  33.4947624558 
 42.9193426013  34.2132097637 
 49.4171336132  34.355939532 
 56.8986602902  34.3784603669 
 65.512855686  34.3815815347 
 75.4312006335  34.3819706382 
 86.8511373751  34.3820138366 
 100.0  34.3820186056 
51.7947467923 50 
 0.1  0.1 
 0.115139539933  0.115139539933 
 0.132571136559  0.132571136559 
 0.152641796718  0.152641796718 
 0.175751062485  0.175751062486 
 0.202358964773  0.202358964773 
 0.232995181052  0.232995181052 
 0.268269579528  0.268269579528 
 0.308884359648  0.308884359648 
 0.355648030622  0.355648030623 
 0.409491506238  0.409491506238 
 0.471486636346  0.471486636346 
 0.542867543932  0.542867543933 
 0.625055192527  0.62505519253 
 0.719685673001  0.719685673 
 0.828642772855  0.828642772856 
 0.95409547635  0.954095476372 
 1.09854114199  1.09854114198 
 1.26485521686  1.26485521669 
 1.4563484775  1.45634847734 
 1.67683293681  1.67683293662 
 1.93069772888  1.9306977284 
 2.22299648253  2.22299648101 
 2.5595479227  2.55954792186 
 2.94705170255  2.9470516998 
 3.3932217719  3.39322175678 
 3.90693993705  3.90693991197 
 4.49843266897  4.49843262206 
 5.17947467923  5.17947452132 
 5.96362331659  5.96362295085 
 6.86648845004  6.86648752236 
 7.90604321091  7.90604074314 
 9.10298177992  9.10297491784 
 10.4811313415  10.4811112971 
 12.0679264064  12.067864496 
 13.8949549437  13.8947454457 
 15.9985871961  15.9978340255 
 18.4206996933  18.4177741649 
 21.2095088792  21.1971863168 
 24.4205309455  24.3643319101 
 28.1176869797  27.8465811696 
 32.3745754282  31.1367077409 
 37.2759372031  33.1279110777 
 42.9193426013  33.7481613461 
 49.4171336132  33.8690605782 
 56.8986602902  33.8880719865 
 65.512855686  33.8907063685 
 75.4312006335  33.8910341111 
 86.8511373751  33.8910710283 
 100.0  33.8910752916 
86.8511373751 50 
 0.1  0.1 
 0.115139539933  0.115139539933 
 0.132571136559  0.132571136559 
 0.152641796718  0.152641796718 
 0.175751062485  0.175751062486 
 0.202358964773  0.202358964773 
 0.232995181052  0.232995181052 
 0.268269579528  0.268269579528 
 0.308884359648  0.308884359648 
 0.355648030622  0.355648030622 
 0.409491506238  0.409491506237 
 0.471486636346  0.471486636346 
 0.542867543932  0.542867543935 
 0.625055192527  0.625055192529 
 0.719685673001  0.719685672984 
 0.828642772855  0.828642772835 
 0.95409547635  0.954095476318 
 1.09854114199  1.09854114184 
 1.26485521686  1.26485521669 
 1.4563484775  1.45634847746 
 1.67683293681  1.6768329362 
 1.93069772888  1.93069772771 
 2.22299648253  2.22299647955 
 2.5595479227  2.55954791777 
 2.94705170255  2.94705169137 
 3.3932217719  3.39322174892 
 3.90693993705  3.90693989315 
 4.49843266897  4.49843257021 
 5.17947467923  5.17947445484 
 5.96362331659  5.9636227984 
 6.86648845004  6.86648717747 
 7.90604321091  7.90603998006 
 9.10298177992  9.10297298382 
 10.4811313415  10.4811060194 
 12.0679264064  12.0678480533 
 13.8949549437  13.8946961918 
 15.9985871961  15.9976686956 
 18.4206996933  18.417170267 
 21.2095088792  21.1947919734 
 24.4205309455  24.3541078848 
 28.1176869797  27.802041031 
 32.3745754282  30.9771725245 
 37.2759372031  32.8035119525 
 42.9193426013  33.3483469603 
 49.4171336132  33.45295811 
 56.8986602902  33.4693612759 
 65.512855686  33.4716333412 
 75.4312006335  33.4719165366 
 86.8511373751  33.4719485595 
 100.0  33.4719522073 
145.63484775 50 
 0.1  0.1 
 0.115139539933  0.115139539933 
 0.132571136559  0.13257113656 
 0.152641796718  0.152641796718 
 0.175751062485  0.175751062486 
 0.202358964773  0.202358964773 
 0.232995181052  0.232995181052 
 0.268269579528  0.268269579528 
 0.308884359648  0.308884359646 
 0.355648030622  0.355648030621 
 0.409491506238  0.409491506236 
 0.471486636346  0.471486636348 
 0.542867543932  0.542867543937 
 0.625055192527  0.625055192521 
 0.719685673001  0.719685672985 
 0.828642772855  0.828642772836 
 0.95409547635  0.954095476257 
 1.09854114199  1.09854114189 
 1.26485521686  1.26485521661 
 1.4563484775  1.456348477 
 1.67683293681  1.67683293548 
 1.93069772888  1.93069772851 
 2.22299648253  2.22299648457 
 2.5595479227  2.55954791401 
 2.94705170255  2.94705170234 
 3.3932217719  3.39322173986 
 3.90693993705  3.9069398779 
 4.49843266897  4.49843253862 
 5.17947467923  5.17947440527 
 5.96362331659  5.96362264095 
 6.86648845004  6.86648685357 
 7.90604321091  7.90603913842 
 9.10298177992  9.10297085195 
 10.4811313415  10.481100465 
 12.0679264064  12.0678319864 
 13.8949549437  13.8946469411 
 15.9985871961  15.9975028876 
 18.4206996933  18.416564844 
 21.2095088792  21.1923953803 
 24.4205309455  24.3439150752 
 28.1176869797  27.758252656 
 32.3745754282  30.8266800377 
 37.2759372031  32.5132737476 
 42.9193426013  32.9985141433 
 49.4171336132  33.0905583627 
 56.8986602902  33.1049572288 
 65.512855686  33.1069513416 
 75.4312006335  33.1071997978 
 86.8511373751  33.1072274686 
 100.0  33.1072305285 
244.205309455 50 
 0.1  0.100000000003 
 0.115139539933  0.115139539935 
 0.132571136559  0.132571136561 
 0.152641796718  0.152641796718 
 0.175751062485  0.175751062485 
 0.202358964773  0.20235896477 
 0.232995181052  0.232995181049 
 0.268269579528  0.268269579526 
 0.308884359648  0.308884359646 
 0.355648030622  0.355648030622 
 0.409491506238  0.40949150624 
 0.471486636346  0.471486636353 
 0.542867543932  0.542867543926 
 0.625055192527  0.625055192519 
 0.719685673001  0.719685673013 
 0.828642772855  0.828642772848 
 0.95409547635  0.95409547622 
 1.09854114199  1.0985411421 
 1.26485521686  1.26485521677 
 1.4563484775  1.45634847684 
 1.67683293681  1.67683293657 
 1.93069772888  1.93069773008 
 2.22299648253  2.22299647605 
 2.5595479227  2.55954792219 
 2.94705170255  2.94705169248 
 3.3932217719  3.39322173087 
 3.90693993705  3.90693985426 
 4.49843266897  4.49843250546 
 5.17947467923  5.17947432422 
 5.96362331659  5.96362254073 
 6.86648845004  6.86648648973 
 7.90604321091  7.90603830839 
 9.10298177992  9.10296888294 
 10.4811313415  10.4810946982 
 12.0679264064  12.0678161876 
 13.8949549437  13.8945976409 
 15.9985871961  15.9973363508 
 18.4206996933  18.4159586327 
 21.2095088792  21.1899997037 
 24.4205309455  24.3337641069 
 28.1176869797  27.7152194053 
 32.3745754282  30.684349301 
 37.2759372031  32.250959845 
 42.9193426013  32.6880001564 
 49.4171336132  32.7700790328 
 56.8986602902  32.7828943271 
 65.512855686  32.7846685419 
 75.4312006335  32.7848897704 
 86.8511373751  32.784914407 
 100.0  32.7849175936 
409.491506238 50 
 0.1  0.099999999994 
 0.115139539933  0.115139539927 
 0.132571136559  0.132571136554 
 0.152641796718  0.152641796714 
 0.175751062485  0.175751062483 
 0.202358964773  0.20235896477 
 0.232995181052  0.23299518105 
 0.268269579528  0.268269579527 
 0.308884359648  0.308884359648 
 0.355648030622  0.355648030625 
 0.409491506238  0.409491506247 
 0.471486636346  0.471486636336 
 0.542867543932  0.542867543923 
 0.625055192527  0.625055192529 
 0.719685673001  0.719685673057 
 0.828642772855  0.828642772832 
 0.95409547635  0.954095476356 
 1.09854114199  1.09854114223 
 1.26485521686  1.2648552163 
 1.4563484775  1.45634847694 
 1.67683293681  1.67683293728 
 1.93069772888  1.93069772264 
 2.22299648253  2.22299647105 
 2.5595479227  2.5595479231 
 2.94705170255  2.94705168441 
 3.3932217719  3.39322176853 
 3.90693993705  3.90693987589 
 4.49843266897  4.49843247048 
 5.17947467923  5.17947426762 
 5.96362331659  5.96362232268 
 6.86648845004  6.86648614523 
 7.90604321091  7.9060374625 
 9.10298177992  9.10296692698 
 10.4811313415  10.4810892642 
 12.0679264064  12.0678002138 
 13.8949549437  13.8945479478 
 15.9985871961  15.9971700775 
 18.4206996933  18.4153528281 
 21.2095088792  21.1876060951 
 24.4205309455  24.3236565218 
 28.1176869797  27.6729269902 
 32.3745754282  30.5493846709 
 37.2759372031  32.0118379893 
 42.9193426013  32.4091343798 
 49.4171336132  32.4831318586 
 56.8986602902  32.4946675322 
 65.512855686  32.4962639183 
 75.4312006335  32.4964640571 
 86.8511373751  32.4964856096 
 100.0  32.4964877425 
686.648845004 50 
 0.1  0.0999999999973 
 0.115139539933  0.11513953993 
 0.132571136559  0.132571136557 
 0.152641796718  0.152641796716 
 0.175751062485  0.175751062485 
 0.202358964773  0.202358964772 
 0.232995181052  0.232995181052 
 0.268269579528  0.26826957953 
 0.308884359648  0.308884359653 
 0.355648030622  0.355648030635 
 0.409491506238  0.409491506223 
 0.471486636346  0.471486636338 
 0.542867543932  0.542867543931 
 0.625055192527  0.62505519255 
 0.719685673001  0.719685672933 
 0.828642772855  0.82864277285 
 0.95409547635  0.954095476504 
 1.09854114199  1.09854114154 
 1.26485521686  1.26485521626 
 1.4563484775  1.45634847764 
 1.67683293681  1.67683293323 
 1.93069772888  1.93069772947 
 2.22299648253  2.22299648208 
 2.5595479227  2.55954792673 
 2.94705170255  2.9470516585 
 3.3932217719  3.39322170679 
 3.90693993705  3.90693981207 
 4.49843266897  4.49843243517 
 5.17947467923  5.17947415911 
 5.96362331659  5.96362222192 
 6.86648845004  6.86648587795 
 7.90604321091  7.90603670421 
 9.10298177992  9.10296484966 
 10.4811313415  10.481083791 
 12.0679264064  12.067784244 
 13.8949549437  13.8944984188 
 15.9985871961  15.997003732 
 18.4206996933  18.4147471825 
 21.2095088792  21.185215995 
 24.4205309455  24.3135929684 
 28.1176869797  27.6313557944 
 32.3745754282  30.4210856619 
 37.2759372031  31.7922563015 
 42.9193426013  32.1562453436 
 49.4171336132  32.2235673222 
 56.8986602902  32.2340480245 
 65.512855686  32.2354990124 
 75.4312006335  32.2356787934 
 86.8511373751  32.2356996404 
 100.0  51.4042949714 
1151.39539933 50 
 0.1  0.1 
 0.115139539933  0.115139539933 
 0.132571136559  0.13257113656 
 0.152641796718  0.152641796719 
 0.175751062485  0.175751062488 
 0.202358964773  0.202358964776 
 0.232995181052  0.232995181057 
 0.268269579528  0.268269579541 
 0.308884359648  0.30888435965 
 0.355648030622  0.355648030612 
 0.409491506238  0.409491506233 
 0.471486636346  0.471486636345 
 0.542867543932  0.542867543942 
 0.625055192527  0.625055192441 
 0.719685673001  0.71968567288 
 0.828642772855  0.828642772882 
 0.95409547635  0.95409547567 
 1.09854114199  1.09854114126 
 1.26485521686  1.26485521704 
 1.4563484775  1.45634848068 
 1.67683293681  1.67683293636 
 1.93069772888  1.93069772834 
 2.22299648253  2.22299648381 
 2.5595479227  2.55954788806 
 2.94705170255  2.94705166498 
 3.3932217719  3.39322175501 
 3.90693993705  3.90693980515 
 4.49843266897  4.49843237452 
 5.17947467923  5.17947411065 
 5.96362331659  5.96362206595 
 6.86648845004  6.86648553714 
 7.90604321091  7.90603582922 
 9.10298177992  9.10296283638 
 10.4811313415  10.4810783336 
 12.0679264064  12.0677682278 
 13.8949549437  13.8944492102 
 15.9985871961  15.9968373618 
 18.4206996933  18.4141417299 
 21.2095088792  21.1828272365 
 24.4205309455  24.3035747257 
 28.1176869797  27.5904801077 
 32.3745754282  30.2988444019 
 37.2759372031  31.5893470168 
 42.9193426013  31.9250408575 
 49.4171336132  31.9867575963 
 56.8986602902  31.9963554741 
 65.512855686  31.9976826722 
 75.4312006335  31.9978476007 
 86.8511373751  56.2154280909 
 100.0  74.9052100392 
1930.69772888 50 
 0.1  0.100000000005 
 0.115139539933  0.115139539939 
 0.132571136559  0.132571136566 
 0.152641796718  0.152641796728 
 0.175751062485  0.175751062495 
 0.202358964773  0.202358964793 
 0.232995181052  0.232995181027 
 0.268269579528  0.268269579518 
 0.308884359648  0.308884359643 
 0.355648030622  0.35564803062 
 0.409491506238  0.409491506238 
 0.471486636346  0.471486636352 
 0.542867543932  0.54286754403 
 0.625055192527  0.625055192552 
 0.719685673001  0.719685673001 
 0.828642772855  0.828642773063 
 0.95409547635  0.954095476738 
 1.09854114199  1.098541142 
 1.26485521686  1.26485521827 
 1.4563484775  1.45634847618 
 1.67683293681  1.67683293635 
 1.93069772888  1.93069772927 
 2.22299648253  2.22299645935 
 2.5595479227  2.55954789359 
 2.94705170255  2.94705165351 
 3.3932217719  3.39322168087 
 3.90693993705  3.90693975689 
 4.49843266897  4.49843235815 
 5.17947467923  5.1794740439 
 5.96362331659  5.96362191423 
 6.86648845004  6.86648510234 
 7.90604321091  7.90603506074 
 9.10298177992  9.10296055807 
 10.4811313415  10.4810727278 
 12.0679264064  12.0677524325 
 13.8949549437  13.894399575 
 15.9985871961  15.9966710973 
 18.4206996933  18.4135363587 
 21.2095088792  21.180442231 
 24.4205309455  24.2935993851 
 28.1176869797  27.5502777278 
 32.3745754282  30.1821281505 
 37.2759372031  31.400823219 
 42.9193426013  31.7121907218 
 49.4171336132  31.7691403111 
 56.8986602902  31.7779873706 
 65.512855686  39.5549513285 
 75.4312006335  55.4710595172 
 86.8511373751  70.2034394656 
 100.0  85.9114716457 
3237.45754282 50 
 0.1  0.100000000046 
 0.115139539933  0.115139539883 
 0.132571136559  0.132571136534 
 0.152641796718  0.152641796704 
 0.175751062485  0.175751062477 
 0.202358964773  0.202358964767 
 0.232995181052  0.232995181048 
 0.268269579528  0.268269579526 
 0.308884359648  0.308884359647 
 0.355648030622  0.355648030623 
 0.409491506238  0.409491506244 
 0.471486636346  0.47148663642 
 0.542867543932  0.54286754391 
 0.625055192527  0.625055192522 
 0.719685673001  0.719685673039 
 0.828642772855  0.828642772694 
 0.95409547635  0.954095476184 
 1.09854114199  1.09854114233 
 1.26485521686  1.26485521563 
 1.4563484775  1.45634847714 
 1.67683293681  1.67683293691 
 1.93069772888  1.93069774042 
 2.22299648253  2.22299648553 
 2.5595479227  2.55954792342 
 2.94705170255  2.94705164318 
 3.3932217719  3.39322166611 
 3.90693993705  3.90693974263 
 4.49843266897  4.49843230159 
 5.17947467923  5.17947396653 
 5.96362331659  5.96362169419 
 6.86648845004  6.86648478255 
 7.90604321091  7.9060341758 
 9.10298177992  9.10295865462 
 10.4811313415  10.481067195 
 12.0679264064  12.0677363781 
 13.8949549437  13.8943502972 
 15.9985871961  15.996504888 
 18.4206996933  18.4129309074 
 21.2095088792  21.1780605688 
 24.4205309455  24.2836694042 
 28.1176869797  27.5107302381 
 32.3745754282  30.0704727932 
 37.2759372031  31.2248320547 
 42.9193426013  31.5150727595 
 49.4171336132  31.5679191876 
 56.8986602902  39.6439332709 
 65.512855686  52.2696036992 
 75.4312006335  64.2811844699 
 86.8511373751  77.3516291854 
 100.0  91.8554429567 
5428.67543932 50 
 0.1  0.0999999999944 
 0.115139539933  0.115139539928 
 0.132571136559  0.132571136556 
 0.152641796718  0.152641796715 
 0.175751062485  0.175751062484 
 0.202358964773  0.202358964771 
 0.232995181052  0.232995181051 
 0.268269579528  0.268269579528 
 0.308884359648  0.30888435965 
 0.355648030622  0.35564803063 
 0.409491506238  0.409491506334 
 0.471486636346  0.471486636329 
 0.542867543932  0.542867543927 
 0.625055192527  0.625055192537 
 0.719685673001  0.719685672105 
 0.828642772855  0.828642772613 
 0.95409547635  0.954095476417 
 1.09854114199  1.09854113841 
 1.26485521686  1.26485521656 
 1.4563484775  1.45634847731 
 1.67683293681  1.67683293934 
 1.93069772888  1.93069772655 
 2.22299648253  2.22299648123 
 2.5595479227  2.55954792444 
 2.94705170255  2.94705163903 
 3.3932217719  3.39322165085 
 3.90693993705  3.90693971047 
 4.49843266897  4.49843226503 
 5.17947467923  5.17947389081 
 5.96362331659  5.96362155894 
 6.86648845004  6.86648440747 
 7.90604321091  7.90603346331 
 9.10298177992  9.10295642988 
 10.4811313415  10.4810614272 
 12.0679264064  12.0677205376 
 13.8949549437  13.8943005132 
 15.9985871961  15.9963384096 
 18.4206996933  18.4123261121 
 21.2095088792  21.175679565 
 24.4205309455  24.2737812433 
 28.1176869797  27.4718180078 
 32.3745754282  29.9634694943 
 37.2759372031  31.0598529079 
 42.9193426013  31.3315799015 
 49.4171336132  31.3808595724 
 56.8986602902  47.9670601989 
 65.512855686  57.9933272259 
 75.4312006335  68.9978612777 
 86.8511373751  81.318334267 
 100.0  95.2257175136 
9102.98177992 50 
 0.1  0.0999999999989 
 0.115139539933  0.115139539932 
 0.132571136559  0.132571136559 
 0.152641796718  0.152641796718 
 0.175751062485  0.175751062486 
 0.202358964773  0.202358964774 
 0.232995181052  0.232995181054 
 0.268269579528  0.268269579533 
 0.308884359648  0.308884359668 
 0.355648030622  0.355648030558 
 0.409491506238  0.409491506228 
 0.471486636346  0.471486636342 
 0.542867543932  0.542867543936 
 0.625055192527  0.625055192611 
 0.719685673001  0.719685673089 
 0.828642772855  0.828642772856 
 0.95409547635  0.954095476901 
 1.09854114199  1.09854114364 
 1.26485521686  1.26485521659 
 1.4563484775  1.45634847828 
 1.67683293681  1.67683293391 
 1.93069772888  1.93069772775 
 2.22299648253  2.22299648282 
 2.5595479227  2.55954787799 
 2.94705170255  2.94705164541 
 3.3932217719  3.39322162575 
 3.90693993705  3.90693971414 
 4.49843266897  4.49843223953 
 5.17947467923  5.17947374374 
 5.96362331659  5.96362146514 
 6.86648845004  6.86648405055 
 7.90604321091  7.90603273847 
 9.10298177992  9.10295447949 
 10.4811313415  10.4810561611 
 12.0679264064  12.0677051235 
 13.8949549437  13.8942509803 
 15.9985871961  15.9961721687 
 18.4206996933  18.4117213543 
 21.2095088792  21.173300944 
 24.4205309455  24.2639377263 
 28.1176869797  27.4335156336 
 32.3745754282  29.8607511669 
 37.2759372031  30.9046248643 
 42.9193426013  31.159999483 
 49.4171336132  43.1859792271 
 56.8986602902  51.7920412638 
 65.512855686  61.1411027821 
 75.4312006335  71.6636679157 
 86.8511373751  83.5952114099 
 100.0  97.180669186 
15264.1796718 50 
 0.1  0.100000000002 
 0.115139539933  0.115139539935 
 0.132571136559  0.132571136562 
 0.152641796718  0.152641796722 
 0.175751062485  0.175751062491 
 0.202358964773  0.202358964783 
 0.232995181052  0.232995181066 
 0.268269579528  0.268269579439 
 0.308884359648  0.308884359637 
 0.355648030622  0.355648030617 
 0.409491506238  0.409491506236 
 0.471486636346  0.471486636348 
 0.542867543932  0.54286754396 
 0.625055192527  0.625055192497 
 0.719685673001  0.719685672989 
 0.828642772855  0.828642772931 
 0.95409547635  0.954095476116 
 1.09854114199  1.0985411417 
 1.26485521686  1.26485521741 
 1.4563484775  1.45634847453 
 1.67683293681  1.67683293592 
 1.93069772888  1.93069772882 
 2.22299648253  2.22299648866 
 2.5595479227  2.55954791648 
 2.94705170255  2.94705161941 
 3.3932217719  3.39322163351 
 3.90693993705  3.90693966908 
 4.49843266897  4.49843219436 
 5.17947467923  5.17947375543 
 5.96362331659  5.9636212074 
 6.86648845004  6.86648367413 
 7.90604321091  7.90603172927 
 9.10298177992  9.10295238414 
 10.4811313415  10.4810505586 
 12.0679264064  12.0676889604 
 13.8949549437  13.8942015323 
 15.9985871961  15.9960061393 
 18.4206996933  18.4111166327 
 21.2095088792  21.1709282622 
 24.4205309455  24.2541350591 
 28.1176869797  27.3958100861 
 32.3745754282  29.7620007977 
 37.2759372031  30.7580880814 
 42.9193426013  37.835474074 
 49.4171336132  45.8973963241 
 56.8986602902  53.9172026121 
 65.512855686  62.9424218932 
 75.4312006335  73.2075508101 
 86.8511373751  84.9242924556 
 100.0  98.328260813 
25595.479227 50 
 0.1  0.10000000001 
 0.115139539933  0.115139539946 
 0.132571136559  0.132571136579 
 0.152641796718  0.152641796779 
 0.175751062485  0.175751062441 
 0.202358964773  0.202358964759 
 0.232995181052  0.232995181045 
 0.268269579528  0.268269579524 
 0.308884359648  0.308884359645 
 0.355648030622  0.355648030622 
 0.409491506238  0.40949150624 
 0.471486636346  0.471486636363 
 0.542867543932  0.542867543892 
 0.625055192527  0.625055192515 
 0.719685673001  0.719685673017 
 0.828642772855  0.828642771405 
 0.95409547635  0.954095475972 
 1.09854114199  1.09854114213 
 1.26485521686  1.26485521674 
 1.4563484775  1.45634847682 
 1.67683293681  1.67683293673 
 1.93069772888  1.93069773094 
 2.22299648253  2.22299647426 
 2.5595479227  2.559547922 
 2.94705170255  2.94705161647 
 3.3932217719  3.39322162527 
 3.90693993705  3.90693966422 
 4.49843266897  4.49843216672 
 5.17947467923  5.17947366718 
 5.96362331659  5.96362114409 
 6.86648845004  6.86648345168 
 7.90604321091  7.90603089556 
 9.10298177992  9.10295029175 
 10.4811313415  10.4810449837 
 12.0679264064  12.0676725447 
 13.8949549437  13.8941519528 
 15.9985871961  15.9958398355 
 18.4206996933  18.4105121089 
 21.2095088792  21.1685557067 
 24.4205309455  24.2443761831 
 28.1176869797  27.358684966 
 32.3745754282  29.6669307107 
 37.2759372031  30.6193429268 
 42.9193426013  40.350539593 
 49.4171336132  47.3682380605 
 56.8986602902  55.1413916228 
 65.512855686  63.9923961026 
 75.4312006335  74.1130672285 
 86.8511373751  85.7071977949 
 100.0  99.0063906797 
42919.3426013 50 
 0.1  0.0999999999878 
 0.115139539933  0.115139539924 
 0.132571136559  0.132571136552 
 0.152641796718  0.152641796713 
 0.175751062485  0.175751062482 
 0.202358964773  0.20235896477 
 0.232995181052  0.23299518105 
 0.268269579528  0.268269579527 
 0.308884359648  0.308884359648 
 0.355648030622  0.355648030626 
 0.409491506238  0.409491506256 
 0.471486636346  0.471486636316 
 0.542867543932  0.542867543922 
 0.625055192527  0.625055192529 
 0.719685673001  0.719685673125 
 0.828642772855  0.828642773145 
 0.95409547635  0.954095476362 
 1.09854114199  1.09854114261 
 1.26485521686  1.26485521854 
 1.4563484775  1.45634847699 
 1.67683293681  1.6768329375 
 1.93069772888  1.9306977202 
 2.22299648253  2.22299646735 
 2.5595479227  2.55954792348 
 2.94705170255  2.94705160309 
 3.3932217719  3.39322157424 
 3.90693993705  3.90693963639 
 4.49843266897  4.49843210342 
 5.17947467923  5.17947360923 
 5.96362331659  5.96362092743 
 6.86648845004  6.86648302181 
 7.90604321091  7.90603004677 
 9.10298177992  9.1029482053 
 10.4811313415  10.4810392357 
 12.0679264064  12.0676566287 
 13.8949549437  13.894102495 
 15.9985871961  15.9956735569 
 18.4206996933  18.4099080227 
 21.2095088792  21.1661878332 
 24.4205309455  24.2346588903 
 28.1176869797  27.3221147429 
 32.3745754282  29.5752809593 
 37.2759372031  34.3292292582 
 42.9193426013  41.4705025199 
 49.4171336132  48.2106515227 
 56.8986602902  55.8577295288 
 65.512855686  64.6104200508 
 75.4312006335  74.6478945187 
 86.8511373751  86.1707429695 
 100.0  99.4086284091 
71968.5673001 50 
 0.1  0.0999999999974 
 0.115139539933  0.115139539931 
 0.132571136559  0.132571136557 
 0.152641796718  0.152641796716 
 0.175751062485  0.175751062485 
 0.202358964773  0.202358964773 
 0.232995181052  0.232995181052 
 0.268269579528  0.26826957953 
 0.308884359648  0.308884359654 
 0.355648030622  0.355648030665 
 0.409491506238  0.409491506214 
 0.471486636346  0.471486636338 
 0.542867543932  0.542867543932 
 0.625055192527  0.625055192556 
 0.719685673001  0.719685672928 
 0.828642772855  0.828642772834 
 0.95409547635  0.954095476542 
 1.09854114199  1.09854114161 
 1.26485521686  1.26485521631 
 1.4563484775  1.4563484777 
 1.67683293681  1.67683292471 
 1.93069772888  1.93069772441 
 2.22299648253  2.22299648225 
 2.5595479227  2.55954792808 
 2.94705170255  2.94705159791 
 3.3932217719  3.39322156581 
 3.90693993705  3.90693962415 
 4.49843266897  4.4984320704 
 5.17947467923  5.17947350738 
 5.96362331659  5.96362082753 
 6.86648845004  6.86648276428 
 7.90604321091  7.90602944641 
 9.10298177992  9.10294612583 
 10.4811313415  10.4810338862 
 12.0679264064  12.0676406146 
 13.8949549437  13.894053211 
 15.9985871961  15.9955073616 
 18.4206996933  18.4093038504 
 21.2095088792  21.1638207895 
 24.4205309455  24.2249841557 
 28.1176869797  27.2860940846 
 32.3745754282  29.4868212035 
 37.2759372031  36.097059785 
 42.9193426013  42.0779488979 
 49.4171336132  48.7027136212 
 56.8986602902  56.2803253256 
 65.512855686  64.9761855616 
 75.4312006335  74.9650435261 
 86.8511373751  86.4460133799 
 100.0  99.6477451032 
120679.264064 50 
 0.1  0.100000000001 
 0.115139539933  0.115139539933 
 0.132571136559  0.13257113656 
 0.152641796718  0.152641796719 
 0.175751062485  0.175751062488 
 0.202358964773  0.202358964776 
 0.232995181052  0.232995181059 
 0.268269579528  0.268269579553 
 0.308884359648  0.308884359566 
 0.355648030622  0.355648030612 
 0.409491506238  0.409491506234 
 0.471486636346  0.471486636345 
 0.542867543932  0.542867543944 
 0.625055192527  0.625055192356 
 0.719685673001  0.719685672976 
 0.828642772855  0.828642772889 
 0.95409547635  0.954095474999 
 1.09854114199  1.09854114133 
 1.26485521686  1.26485521709 
 1.4563484775  1.45634848768 
 1.67683293681  1.6768329384 
 1.93069772888  1.93069772844 
 2.22299648253  2.22299648403 
 2.5595479227  2.55954790062 
 2.94705170255  2.94705158817 
 3.3932217719  3.39322157586 
 3.90693993705  3.90693957837 
 4.49843266897  4.49843202333 
 5.17947467923  5.17947345841 
 5.96362331659  5.96362067416 
 6.86648845004  6.86648242585 
 7.90604321091  7.90602840571 
 9.10298177992  9.10294407284 
 10.4811313415  10.4810284108 
 12.0679264064  12.0676246556 
 13.8949549437  13.8940035684 
 15.9985871961  15.9953413611 
 18.4206996933  18.408700043 
 21.2095088792  21.1614568698 
 24.4205309455  24.2153484055 
 28.1176869797  27.250596418 
 32.3745754282  29.4013423333 
 37.2759372031  36.6473513446 
 42.9193426013  42.4246081823 
 49.4171336132  48.9928140853 
 56.8986602902  56.5307620427 
 65.512855686  65.1933373768 
 75.4312006335  75.1535472778 
 86.8511373751  86.6097622827 
 100.0  99.7900761235 
202358.964773 50 
 0.1  0.100000000006 
 0.115139539933  0.11513953994 
 0.132571136559  0.132571136568 
 0.152641796718  0.152641796731 
 0.175751062485  0.175751062499 
 0.202358964773  0.202358964832 
 0.232995181052  0.232995181028 
 0.268269579528  0.26826957952 
 0.308884359648  0.308884359643 
 0.355648030622  0.35564803062 
 0.409491506238  0.409491506238 
 0.471486636346  0.471486636353 
 0.542867543932  0.542867544705 
 0.625055192527  0.625055192504 
 0.719685673001  0.719685673003 
 0.828642772855  0.828642773135 
 0.95409547635  0.954095478191 
 1.09854114199  1.09854114202 
 1.26485521686  1.26485521872 
 1.4563484775  1.45634847655 
 1.67683293681  1.67683293642 
 1.93069772888  1.93069772942 
 2.22299648253  2.22299645291 
 2.5595479227  2.55954786903 
 2.94705170255  2.94705158635 
 3.3932217719  3.39322158091 
 3.90693993705  3.9069396257 
 4.49843266897  4.49843200077 
 5.17947467923  5.17947338929 
 5.96362331659  5.96362032172 
 6.86648845004  6.8664819757 
 7.90604321091  7.90602763293 
 9.10298177992  9.10294205846 
 10.4811313415  10.4810227988 
 12.0679264064  12.0676086053 
 13.8949549437  13.8939544137 
 15.9985871961  15.9951752326 
 18.4206996933  18.4080962119 
 21.2095088792  21.1590951523 
 24.4205309455  24.2057553061 
 28.1176869797  27.2156136876 
 32.3745754282  31.5685674333 
 37.2759372031  36.9202620741 
 42.9193426013  42.6266286564 
 49.4171336132  49.1646876541 
 56.8986602902  56.6795604317 
 65.512855686  65.3224949895 
 75.4312006335  75.2657408964 
 86.8511373751  86.7072703553 
 100.0  99.8748617113 
339322.17719 50 
 0.1  0.0999999999358 
 0.115139539933  0.115139539895 
 0.132571136559  0.13257113654 
 0.152641796718  0.152641796706 
 0.175751062485  0.175751062478 
 0.202358964773  0.202358964768 
 0.232995181052  0.232995181048 
 0.268269579528  0.268269579526 
 0.308884359648  0.308884359647 
 0.355648030622  0.355648030623 
 0.409491506238  0.409491506245 
 0.471486636346  0.471486636564 
 0.542867543932  0.542867543913 
 0.625055192527  0.625055192523 
 0.719685673001  0.719685673047 
 0.828642772855  0.828642772738 
 0.95409547635  0.954095476187 
 1.09854114199  1.09854114239 
 1.26485521686  1.26485521597 
 1.4563484775  1.45634847719 
 1.67683293681  1.67683293697 
 1.93069772888  1.9306977218 
 2.22299648253  2.22299649338 
 2.5595479227  2.55954792386 
 2.94705170255  2.94705156139 
 3.3932217719  3.3932215855 
 3.90693993705  3.906939534 
 4.49843266897  4.49843196786 
 5.17947467923  5.17947328651 
 5.96362331659  5.96362032423 
 6.86648845004  6.8664816239 
 7.90604321091  7.90602661351 
 9.10298177992  9.10293995235 
 10.4811313415  10.481017574 
 12.0679264064  12.067593395 
 13.8949549437  13.8939046207 
 15.9985871961  15.9950089042 
 18.4206996933  18.4074924076 
 21.2095088792  21.1567366316 
 24.4205309455  24.1962019593 
 28.1176869797  27.181132729 
 32.3745754282  32.0664852231 
 37.2759372031  37.0696624618 
 42.9193426013  42.7455728395 
 49.4171336132  49.2667956229 
 56.8986602902  56.768103801 
 65.512855686  65.3993983807 
 75.4312006335  75.3325700592 
 86.8511373751  86.7653689024 
 100.0  99.9253908501 
568986.602902 50 
 0.1  0.0999999999951 
 0.115139539933  0.115139539929 
 0.132571136559  0.132571136556 
 0.152641796718  0.152641796715 
 0.175751062485  0.175751062484 
 0.202358964773  0.202358964772 
 0.232995181052  0.232995181051 
 0.268269579528  0.268269579529 
 0.308884359648  0.30888435965 
 0.355648030622  0.355648030632 
 0.409491506238  0.409491506105 
 0.471486636346  0.471486636332 
 0.542867543932  0.542867543928 
 0.625055192527  0.625055192539 
 0.719685673001  0.719685672509 
 0.828642772855  0.828642772664 
 0.95409547635  0.954095476432 
 1.09854114199  1.09854114029 
 1.26485521686  1.2648552155 
 1.4563484775  1.45634847734 
 1.67683293681  1.67683294045 
 1.93069772888  1.93069772762 
 2.22299648253  2.22299648178 
 2.5595479227  2.55954792463 
 2.94705170255  2.94705156053 
 3.3932217719  3.39322149966 
 3.90693993705  3.90693954122 
 4.49843266897  4.49843190201 
 5.17947467923  5.17947320176 
 5.96362331659  5.96362015947 
 6.86648845004  6.86648128094 
 7.90604321091  7.90602591992 
 9.10298177992  9.10293785491 
 10.4811313415  10.4810116067 
 12.0679264064  12.0675767821 
 13.8949549437  13.8938551775 
 15.9985871961  15.9948426678 
 18.4206996933  18.4068895637 
 21.2095088792  21.1543808956 
 24.4205309455  24.1866898478 
 28.1176869797  27.147138729 
 32.3745754282  32.2152351775 
 37.2759372031  37.1548304237 
 42.9193426013  42.8159884288 
 49.4171336132  49.3275522357 
 56.8986602902  56.8208390433 
 65.512855686  65.4452176779 
 75.4312006335  75.3723964805 
 86.8511373751  86.799998378 
 100.0  99.9555125268 
954095.47635 50 
 0.1  0.0999999999992 
 0.115139539933  0.115139539932 
 0.132571136559  0.132571136559 
 0.152641796718  0.152641796718 
 0.175751062485  0.175751062486 
 0.202358964773  0.202358964774 
 0.232995181052  0.232995181055 
 0.268269579528  0.268269579535 
 0.308884359648  0.308884359678 
 0.355648030622  0.355648030586 
 0.409491506238  0.40949150623 
 0.471486636346  0.471486636343 
 0.542867543932  0.542867543937 
 0.625055192527  0.625055192645 
 0.719685673001  0.719685673235 
 0.828642772855  0.828642772861 
 0.95409547635  0.954095477115 
 1.09854114199  1.09854114182 
 1.26485521686  1.26485521666 
 1.4563484775  1.4563484786 
 1.67683293681  1.67683293437 
 1.93069772888  1.93069772798 
 2.22299648253  2.22299648338 
 2.5595479227  2.5595478397 
 2.94705170255  2.94705154409 
 3.3932217719  3.39322155075 
 3.90693993705  3.90693950891 
 4.49843266897  4.49843186725 
 5.17947467923  5.17947315222 
 5.96362331659  5.9636199776 
 6.86648845004  6.8664810099 
 7.90604321091  7.90602540868 
 9.10298177992  9.10293595707 
 10.4811313415  10.4810062388 
 12.0679264064  12.0675608776 
 13.8949549437  13.8938057146 
 15.9985871961  15.9946764985 
 18.4206996933  18.4062864605 
 21.2095088792  21.1520243433 
 24.4205309455  24.1772162588 
 28.1176869797  27.543848213 
 32.3745754282  32.2858566839 
 37.2759372031  37.2043605693 
 42.9193426013  42.8578026886 
 49.4171336132  49.3637370379 
 56.8986602902  56.8522640219 
 65.512855686  65.4725273278 
 75.4312006335  75.3961375258 
 86.8511373751  86.8206435892 
 100.0  99.9734716981 
1599858.71961 50 
 0.1  0.100000000003 
 0.115139539933  0.115139539936 
 0.132571136559  0.132571136563 
 0.152641796718  0.152641796723 
 0.175751062485  0.175751062492 
 0.202358964773  0.202358964786 
 0.232995181052  0.232995181072 
 0.268269579528  0.268269579491 
 0.308884359648  0.308884359639 
 0.355648030622  0.355648030618 
 0.409491506238  0.409491506236 
 0.471486636346  0.471486636349 
 0.542867543932  0.542867543967 
 0.625055192527  0.62505519251 
 0.719685673001  0.719685672995 
 0.828642772855  0.828642772953 
 0.95409547635  0.954095476216 
 1.09854114199  1.09854114174 
 1.26485521686  1.26485521762 
 1.4563484775  1.45634847538 
 1.67683293681  1.67683293642 
 1.93069772888  1.93069772931 
 2.22299648253  2.22299649199 
 2.5595479227  2.55954792106 
 2.94705170255  2.94705155423 
 3.3932217719  3.39322152753 
 3.90693993705  3.90693949051 
 4.49843266897  4.49843182735 
 5.17947467923  5.17947308943 
 5.96362331659  5.96361984348 
 6.86648845004  6.86648057472 
 7.90604321091  7.90602429765 
 9.10298177992  9.10293397121 
 10.4811313415  10.4810004403 
 12.0679264064  12.0675455675 
 13.8949549437  13.8937562148 
 15.9985871961  15.9945105271 
 18.4206996933  18.4056837421 
 21.2095088792  21.1496758458 
 24.4205309455  24.1677836171 
 28.1176869797  28.0341985975 
 32.3745754282  32.3235838426 
 37.2759372031  37.2334753992 
 42.9193426013  42.8826765918 
 49.4171336132  49.3852992641 
 56.8986602902  56.870996061 
 65.512855686  65.4888083594 
 75.4312006335  75.4102922631 
 86.8511373751  86.8329533048 
 100.0  99.984180356 
2682695.79528 50 
 0.1  0.100000000015 
 0.115139539933  0.115139539951 
 0.132571136559  0.132571136594 
 0.152641796718  0.152641795758 
 0.175751062485  0.175751062461 
 0.202358964773  0.202358964763 
 0.232995181052  0.232995181046 
 0.268269579528  0.268269579524 
 0.308884359648  0.308884359647 
 0.355648030622  0.355648030622 
 0.409491506238  0.409491506241 
 0.471486636346  0.471486636369 
 0.542867543932  0.542867543903 
 0.625055192527  0.625055192519 
 0.719685673001  0.719685673023 
 0.828642772855  0.828642772196 
 0.95409547635  0.954095476092 
 1.09854114199  1.09854114217 
 1.26485521686  1.26485521265 
 1.4563484775  1.45634847717 
 1.67683293681  1.6768329368 
 1.93069772888  1.93069773301 
 2.22299648253  2.22299647644 
 2.5595479227  2.55954792639 
 2.94705170255  2.94705154171 
 3.3932217719  3.39322151129 
 3.90693993705  3.90693946037 
 4.49843266897  4.49843180445 
 5.17947467923  5.17947301559 
 5.96362331659  5.9636197357 
 6.86648845004  6.86648035179 
 7.90604321091  7.90602346252 
 9.10298177992  9.10293174964 
 10.4811313415  10.4809950837 
 12.0679264064  12.0675284044 
 13.8949549437  13.8937069054 
 15.9985871961  15.9943447522 
 18.4206996933  18.4050809616 
 21.2095088792  21.1473297244 
 24.4205309455  24.1583902922 
 28.1176869797  28.0768835446 
 32.3745754282  32.3447921063 
 37.2759372031  37.2506929017 
 42.9193426013  42.8974884335 
 49.4171336132  49.3981521287 
 56.8986602902  56.8821640769 
 65.512855686  65.4985158279 
 75.4312006335  75.418732361 
 86.8511373751  86.8402935339 
 100.0  99.9905660575 
4498432.66897 50 
 0.1  0.0999999999916 
 0.115139539933  0.115139539925 
 0.132571136559  0.132571136555 
 0.152641796718  0.152641796713 
 0.175751062485  0.175751062483 
 0.202358964773  0.202358964772 
 0.232995181052  0.23299518105 
 0.268269579528  0.268269579528 
 0.308884359648  0.30888435965 
 0.355648030622  0.355648030627 
 0.409491506238  0.409491506264 
 0.471486636346  0.471486636329 
 0.542867543932  0.542867543926 
 0.625055192527  0.625055192541 
 0.719685673001  0.719685673166 
 0.828642772855  0.828642773866 
 0.95409547635  0.954095476468 
 1.09854114199  1.09854114381 
 1.26485521686  1.26485521634 
 1.4563484775  1.45634847708 
 1.67683293681  1.6768329378 
 1.93069772888  1.9306977194 
 2.22299648253  2.22299646989 
 2.5595479227  2.55954791536 
 2.94705170255  2.94705151879 
 3.3932217719  3.39322145607 
 3.90693993705  3.90693944698 
 4.49843266897  4.49843174868 
 5.17947467923  5.17947289538 
 5.96362331659  5.96361958001 
 6.86648845004  6.86647987831 
 7.90604321091  7.90602260734 
 9.10298177992  9.10292959337 
 10.4811313415  10.4809892501 
 12.0679264064  12.0675128566 
 13.8949549437  13.8936571732 
 15.9985871961  15.9941785815 
 18.4206996933  18.404478231 
 21.2095088792  21.1449846076 
 24.4205309455  24.1490347129 
 28.1176869797  28.095472359 
 32.3745754282  32.3570259993 
 37.2759372031  37.2609100421 
 42.9193426013  42.906313875 
 49.4171336132  49.4058149512 
 56.8986602902  56.8888231711 
 65.512855686  65.5043043123 
 75.4312006335  75.4237652715 
 86.8511373751  86.8446706779 
 100.0  99.9943740577 
7543120.06335 50 
 0.1  0.0999999999977 
 0.115139539933  0.115139539932 
 0.132571136559  0.132571136558 
 0.152641796718  0.152641796717 
 0.175751062485  0.175751062489 
 0.202358964773  0.202358964773 
 0.232995181052  0.232995181054 
 0.268269579528  0.268269579532 
 0.308884359648  0.308884359655 
 0.355648030622  0.355648030716 
 0.409491506238  0.409491506227 
 0.471486636346  0.47148663635 
 0.542867543932  0.542867543944 
 0.625055192527  0.625055192591 
 0.719685673001  0.719685672944 
 0.828642772855  0.828642772941 
 0.95409547635  0.954095476579 
 1.09854114199  1.09854114207 
 1.26485521686  1.26485521649 
 1.4563484775  1.45634847757 
 1.67683293681  1.67683292963 
 1.93069772888  1.93069772045 
 2.22299648253  2.22299647742 
 2.5595479227  2.55954791677 
 2.94705170255  2.94705152292 
 3.3932217719  3.39322144653 
 3.90693993705  3.90693942078 
 4.49843266897  4.49843169824 
 5.17947467923  5.17947287763 
 5.96362331659  5.96361931753 
 6.86648845004  6.86647952489 
 7.90604321091  7.90602211676 
 9.10298177992  9.10292758553 
 10.4811313415  10.4809839585 
 12.0679264064  12.0674969938 
 13.8949549437  13.8936075463 
 15.9985871961  15.9940125766 
 18.4206996933  18.4038758648 
 21.2095088792  21.1426378199 
 24.4205309455  24.3979406538 
 28.1176869797  28.1050602098 
 32.3745754282  32.3641830074 
 37.2759372031  37.2669853272 
 42.9193426013  42.9115742778 
 49.4171336132  49.4103840091 
 56.8986602902  56.8927940166 
 65.512855686  65.5077561031 
 75.4312006335  75.4267665512 
 86.8511373751  86.8472809378 
 100.0  99.9966449375 
12648552.1686 50 
 0.1  0.100000000002 
 0.115139539933  0.115139539938 
 0.132571136559  0.132571136562 
 0.152641796718  0.152641796723 
 0.175751062485  0.175751062497 
 0.202358964773  0.202358964778 
 0.232995181052  0.232995181065 
 0.268269579528  0.268269579548 
 0.308884359648  0.308884359612 
 0.355648030622  0.355648030625 
 0.409491506238  0.409491506251 
 0.471486636346  0.471486636346 
 0.542867543932  0.542867543975 
 0.625055192527  0.625055192476 
 0.719685673001  0.719685673014 
 0.828642772855  0.828642773103 
 0.95409547635  0.954095475539 
 1.09854114199  1.098541141 
 1.26485521686  1.26485521663 
 1.4563484775  1.4563484749 
 1.67683293681  1.67683294137 
 1.93069772888  1.93069772108 
 2.22299648253  2.22299647494 
 2.5595479227  2.55954788624 
 2.94705170255  2.94705150861 
 3.3932217719  3.39322146898 
 3.90693993705  3.9069394021 
 4.49843266897  4.49843167517 
 5.17947467923  5.17947275809 
 5.96362331659  5.96361921875 
 6.86648845004  6.86647915883 
 7.90604321091  7.90602096608 
 9.10298177992  9.10292504088 
 10.4811313415  10.4809784493 
 12.0679264064  12.0674817163 
 13.8949549437  13.8935580587 
 15.9985871961  15.9938466981 
 18.4206996933  18.4032740192 
 21.2095088792  21.1403018979 
 24.4205309455  24.4101526121 
 28.1176869797  28.1103561526 
 32.3745754282  32.3684034599 
 37.2759372031  37.2706020999 
 42.9193426013  42.9147104051 
 49.4171336132  49.4131085527 
 56.8986602902  56.8951619416 
 65.512855686  65.5098145346 
 75.4312006335  75.428556345 
 86.8511373751  86.8488375616 
 100.0  99.9979991805 
21209508.8792 50 
 0.1  0.100000000014 
 0.115139539933  0.115139539953 
 0.132571136559  0.132571136576 
 0.152641796718  0.152641796736 
 0.175751062485  0.175751062521 
 0.202358964773  0.202358963782 
 0.232995181052  0.232995181045 
 0.268269579528  0.268269579531 
 0.308884359648  0.30888435965 
 0.355648030622  0.355648030638 
 0.409491506238  0.409491506252 
 0.471486636346  0.471486636358 
 0.542867543932  0.542867543656 
 0.625055192527  0.625055192506 
 0.719685673001  0.719685673102 
 0.828642772855  0.828642773604 
 0.95409547635  0.954095472209 
 1.09854114199  1.09854114136 
 1.26485521686  1.26485521839 
 1.4563484775  1.45634847531 
 1.67683293681  1.676832933 
 1.93069772888  1.93069773063 
 2.22299648253  2.22299640039 
 2.5595479227  2.559547895 
 2.94705170255  2.94705150336 
 3.3932217719  3.39322146159 
 3.90693993705  3.90693936429 
 4.49843266897  4.49843164234 
 5.17947467923  5.17947271864 
 5.96362331659  5.96361907308 
 6.86648845004  6.86647891701 
 7.90604321091  7.90602016263 
 9.10298177992  9.10292361618 
 10.4811313415  10.480972895 
 12.0679264064  12.0674650757 
 13.8949549437  13.8935083923 
 15.9985871961  15.993680572 
 18.4206996933  18.4026715646 
 21.2095088792  21.1379641442 
 24.4205309455  24.4149941099 
 28.1176869797  28.1133820538 
 32.3745754282  32.370903744 
 37.2759372031  37.272756776 
 42.9193426013  42.9165803257 
 49.4171336132  49.4147332718 
 56.8986602902  56.8965740339 
 65.512855686  65.5110420748 
 75.4312006335  75.4296236905 
 86.8511373751  86.8497658602 
 100.0  99.9988067914 
35564803.0622 50 
 0.1  0.099999999969 
 0.115139539933  0.115139539924 
 0.132571136559  0.132571136557 
 0.152641796718  0.152641796722 
 0.175751062485  0.175751062479 
 0.202358964773  0.202358964779 
 0.232995181052  0.232995181062 
 0.268269579528  0.268269579541 
 0.308884359648  0.308884359661 
 0.355648030622  0.355648030666 
 0.409491506238  0.40949150625 
 0.471486636346  0.47148663588 
 0.542867543932  0.542867544024 
 0.625055192527  0.625055192545 
 0.719685673001  0.719685673197 
 0.828642772855  0.828642772811 
 0.95409547635  0.954095476025 
 1.09854114199  1.09854114293 
 1.26485521686  1.26485521682 
 1.4563484775  1.45634847821 
 1.67683293681  1.67683293279 
 1.93069772888  1.93069771473 
 2.22299648253  2.22299639391 
 2.5595479227  2.5595479129 
 2.94705170255  2.9470514957 
 3.3932217719  3.39322148974 
 3.90693993705  3.90693935119 
 4.49843266897  4.49843161563 
 5.17947467923  5.17947264937 
 5.96362331659  5.96361880928 
 6.86648845004  6.86647847586 
 7.90604321091  7.90601919421 
 9.10298177992  9.10292137091 
 10.4811313415  10.4809677723 
 12.0679264064  12.0674491717 
 13.8949549437  13.8934589703 
 15.9985871961  15.9935146446 
 18.4206996933  18.4020702825 
 21.2095088792  21.2036885071 
 24.4205309455  24.4174131195 
 28.1176869797  28.1151426967 
 32.3745754282  32.3723889726 
 37.2759372031  37.2740409523 
 42.9193426013  42.9176953523 
 49.4171336132  49.4157021589 
 56.8986602902  56.8974161351 
 65.512855686  65.5117741226 
 75.4312006335  75.4302602081 
 86.8511373751  86.8503194579 
 100.0  99.999288417 
59636233.1659 50 
 0.1  0.100000000014 
 0.115139539933  0.115139539946 
 0.132571136559  0.132571136572 
 0.152641796718  0.152641796731 
 0.175751062485  0.175751062491 
 0.202358964773  0.202358964786 
 0.232995181052  0.232995181066 
 0.268269579528  0.268269579545 
 0.308884359648  0.308884359668 
 0.355648030622  0.355648030638 
 0.409491506238  0.409491506198 
 0.471486636346  0.471486636366 
 0.542867543932  0.542867543939 
 0.625055192527  0.625055192611 
 0.719685673001  0.719685672885 
 0.828642772855  0.828642772918 
 0.95409547635  0.954095475954 
 1.09854114199  1.09854113935 
 1.26485521686  1.26485521463 
 1.4563484775  1.45634847513 
 1.67683293681  1.67683293908 
 1.93069772888  1.93069772272 
 2.22299648253  2.2229964585 
 2.5595479227  2.55954790345 
 2.94705170255  2.94705147611 
 3.3932217719  3.39322139574 
 3.90693993705  3.90693932512 
 4.49843266897  4.49843154541 
 5.17947467923  5.1794725629 
 5.96362331659  5.96361872518 
 6.86648845004  6.86647816335 
 7.90604321091  7.90601881917 
 9.10298177992  9.10291935152 
 10.4811313415  10.4809617867 
 12.0679264064  12.0674331312 
 13.8949549437  13.8934092656 
 15.9985871961  15.9933485184 
 18.4206996933  18.4014691685 
 21.2095088792  21.2069255644 
 24.4205309455  24.4187296013 
 28.1176869797  28.1161776914 
 32.3745754282  32.3732726421 
 37.2759372031  37.2748065055 
 42.9193426013  42.9183602683 
 49.4171336132  49.4162799545 
 56.8986602902  56.8979183264 
 65.512855686  65.5122106845 
 75.4312006335  75.4306398006 
 86.8511373751  86.850649601 
 100.0  99.9995756393 
100000000.0 50 
 0.1  0.100000000019 
 0.115139539933  0.11513953996 
 0.132571136559  0.132571136576 
 0.152641796718  0.152641796737 
 0.175751062485  0.1757510625 
 0.202358964773  0.202358964789 
 0.232995181052  0.232995181086 
 0.268269579528  0.268269579569 
 0.308884359648  0.30888435972 
 0.355648030622  0.355648030616 
 0.409491506238  0.409491506256 
 0.471486636346  0.471486636379 
 0.542867543932  0.542867543984 
 0.625055192527  0.6250551928 
 0.719685673001  0.719685674935 
 0.828642772855  0.828642773163 
 0.95409547635  0.954095476928 
 1.09854114199  1.09854114124 
 1.26485521686  1.26485521446 
 1.4563484775  1.4563484767 
 1.67683293681  1.67683293101 
 1.93069772888  1.93069772179 
 2.22299648253  2.22299648303 
 2.5595479227  2.55954778959 
 2.94705170255  2.94705147921 
 3.3932217719  3.3932214117 
 3.90693993705  3.90693931948 
 4.49843266897  4.49843152562 
 5.17947467923  5.17947247437 
 5.96362331659  5.96361866347 
 6.86648845004  6.86647789141 
 7.90604321091  7.90601787915 
 9.10298177992  9.10291725838 
 10.4811313415  10.4809563189 
 12.0679264064  12.0674170028 
 13.8949549437  13.8933603244 
 15.9985871961  15.9931829897 
 18.4206996933  18.4008683761 
 21.2095088792  21.2081442016 
 24.4205309455  24.4194759825 
 28.1176869797  28.1167897189 
 32.3745754282  32.373798898 
 37.2759372031  37.2752629528 
 42.9193426013  42.9187567835 
 49.4171336132  49.4166245257 
 56.8986602902  56.8982178121 
 65.512855686  65.5124710321 
 75.4312006335  75.4308661744 
 86.8511373751  86.8508464853 
 100.0  99.9997469275 
