0.001 50 
 0.1  0.1 
 0.115139539933  0.115139539933 
 0.132571136559  0.132571136559 
 0.152641796718  0.152641796718 
 0.175751062485  0.175751062485 
 0.202358964773  0.202358964773 
 0.232995181052  0.232995181052 
 0.268269579528  0.268269579528 
 0.308884359648  0.308884359648 
 0.355648030622  0.355648030622 
 0.409491506238  0.409491506238 
 0.471486636346  0.471486636346 
 0.542867543932  0.542867543932 
 0.625055192527  0.625055192527 
 0.719685673001  0.719685673001 
 0.828642772855  0.828642772855 
 0.95409547635  0.95409547635 
 1.09854114199  1.09854114199 
 1.26485521686  1.26485521686 
 1.4563484775  1.4563484775 
 1.67683293681  1.67683293681 
 1.93069772888  1.93069772888 
 2.22299648253  2.22299648253 
 2.5595479227  2.5595479227 
 2.94705170255  2.94705170255 
 3.3932217719  3.3932217719 
 3.90693993705  3.90693993705 
 4.49843266897  4.49843266897 
 5.17947467923  5.17947467923 
 5.96362331659  5.9636233166 
 6.86648845004  6.86648845004 
 7.90604321091  7.90604321091 
 9.10298177992  9.10298177992 
 10.4811313415  10.4811313415 
 12.0679264064  12.0679264064 
 13.8949549437  13.8949549437 
 15.9985871961  15.9985871961 
 18.4206996933  18.4206996933 
 21.2095088792  21.2095088792 
 24.4205309455  24.4205309454 
 28.1176869797  28.1176869792 
 32.3745754282  32.3745754245 
 37.2759372031  37.2759371728 
 42.9193426013  42.919342319 
 49.4171336132  49.417130626 
 56.8986602902  56.8986239191 
 65.512855686  65.5123438291 
 75.4312006335  75.4227954375 
 86.8511373751  86.6912333885 
 100.0  97.6764127393 
0.00167683293681 50 
 0.1  0.1 
 0.115139539933  0.115139539933 
 0.132571136559  0.132571136559 
 0.152641796718  0.152641796718 
 0.175751062485  0.175751062485 
 0.202358964773  0.202358964773 
 0.232995181052  0.232995181052 
 0.268269579528  0.268269579528 
 0.308884359648  0.308884359648 
 0.355648030622  0.355648030622 
 0.409491506238  0.409491506238 
 0.471486636346  0.471486636346 
 0.542867543932  0.542867543932 
 0.625055192527  0.625055192527 
 0.719685673001  0.719685673001 
 0.828642772855  0.828642772855 
 0.95409547635  0.95409547635 
 1.09854114199  1.09854114199 
 1.26485521686  1.26485521686 
 1.4563484775  1.4563484775 
 1.67683293681  1.67683293681 
 1.93069772888  1.93069772888 
 2.22299648253  2.22299648253 
 2.5595479227  2.5595479227 
 2.94705170255  2.94705170255 
 3.3932217719  3.3932217719 
 3.90693993705  3.90693993705 
 4.49843266897  4.49843266897 
 5.17947467923  5.17947467923 
 5.96362331659  5.9636233166 
 6.86648845004  6.86648845004 
 7.90604321091  7.90604321091 
 9.10298177992  9.10298177992 
 10.4811313415  10.4811313415 
 12.0679264064  12.0679264064 
 13.8949549437  13.8949549437 
 15.9985871961  15.9985871961 
 18.4206996933  18.4206996933 
 21.2095088792  21.2095088792 
 24.4205309455  24.4205309453 
 28.1176869797  28.1176869783 
 32.3745754282  32.3745754178 
 37.2759372031  37.2759371179 
 42.9193426013  42.9193418076 
 49.4171336132  49.4171252032 
 56.8986602902  56.8985580243 
 65.512855686  65.5114166595 
 75.4312006335  75.4076157479 
 86.8511373751  86.4168357544 
 100.0  95.747742894 
0.00281176869797 50 
 0.1  0.1 
 0.115139539933  0.115139539933 
 0.132571136559  0.132571136559 
 0.152641796718  0.152641796718 
 0.175751062485  0.175751062485 
 0.202358964773  0.202358964773 
 0.232995181052  0.232995181052 
 0.268269579528  0.268269579528 
 0.308884359648  0.308884359648 
 0.355648030622  0.355648030622 
 0.409491506238  0.409491506238 
 0.471486636346  0.471486636346 
 0.542867543932  0.542867543932 
 0.625055192527  0.625055192527 
 0.719685673001  0.719685673001 
 0.828642772855  0.828642772855 
 0.95409547635  0.95409547635 
 1.09854114199  1.09854114199 
 1.26485521686  1.26485521686 
 1.4563484775  1.4563484775 
 1.67683293681  1.67683293681 
 1.93069772888  1.93069772888 
 2.22299648253  2.22299648253 
 2.5595479227  2.5595479227 
 2.94705170255  2.94705170255 
 3.3932217719  3.3932217719 
 3.90693993705  3.90693993706 
 4.49843266897  4.49843266897 
 5.17947467923  5.17947467923 
 5.96362331659  5.9636233166 
 6.86648845004  6.86648845005 
 7.90604321091  7.90604321091 
 9.10298177992  9.10298177992 
 10.4811313415  10.4811313416 
 12.0679264064  12.0679264064 
 13.8949549437  13.8949549437 
 15.9985871961  15.9985871961 
 18.4206996933  18.4206996932 
 21.2095088792  21.2095088791 
 24.4205309455  24.4205309449 
 28.1176869797  28.1176869758 
 32.3745754282  32.3745753991 
 37.2759372031  37.2759369634 
 42.9193426013  42.9193403697 
 49.4171336132  49.4171099699 
 56.8986602902  56.8983727495 
 65.512855686  65.5088110294 
 75.4312006335  75.3652655521 
 86.8511373751  85.7331216211 
 100.0  92.6950830283 
0.00471486636346 50 
 0.1  0.1 
 0.115139539933  0.115139539933 
 0.132571136559  0.132571136559 
 0.152641796718  0.152641796718 
 0.175751062485  0.175751062485 
 0.202358964773  0.202358964773 
 0.232995181052  0.232995181052 
 0.268269579528  0.268269579528 
 0.308884359648  0.308884359648 
 0.355648030622  0.355648030622 
 0.409491506238  0.409491506238 
 0.471486636346  0.471486636346 
 0.542867543932  0.542867543932 
 0.625055192527  0.625055192527 
 0.719685673001  0.719685673001 
 0.828642772855  0.828642772855 
 0.95409547635  0.95409547635 
 1.09854114199  1.09854114199 
 1.26485521686  1.26485521686 
 1.4563484775  1.4563484775 
 1.67683293681  1.67683293681 
 1.93069772888  1.93069772888 
 2.22299648253  2.22299648253 
 2.5595479227  2.5595479227 
 2.94705170255  2.94705170255 
 3.3932217719  3.3932217719 
 3.90693993705  3.90693993706 
 4.49843266897  4.49843266897 
 5.17947467923  5.17947467923 
 5.96362331659  5.9636233166 
 6.86648845004  6.86648845005 
 7.90604321091  7.90604321092 
 9.10298177992  9.10298177992 
 10.4811313415  10.4811313416 
 12.0679264064  12.0679264064 
 13.8949549437  13.8949549437 
 15.9985871961  15.9985871961 
 18.4206996933  18.4206996932 
 21.2095088792  21.2095088789 
 24.4205309455  24.4205309438 
 28.1176869797  28.1176869686 
 32.3745754282  32.3745753464 
 37.2759372031  37.2759365291 
 42.9193426013  42.9193363267 
 49.4171336132  49.4170671272 
 56.8986602902  56.8978518594 
 65.512855686  65.5014953015 
 75.4312006335  75.2487279548 
 86.8511373751  84.2717227618 
 100.0  88.1887429768 
0.00790604321091 50 
 0.1  0.1 
 0.115139539933  0.115139539933 
 0.132571136559  0.132571136559 
 0.152641796718  0.152641796718 
 0.175751062485  0.175751062485 
 0.202358964773  0.202358964773 
 0.232995181052  0.232995181052 
 0.268269579528  0.268269579528 
 0.308884359648  0.308884359648 
 0.355648030622  0.355648030622 
 0.409491506238  0.409491506238 
 0.471486636346  0.471486636346 
 0.542867543932  0.542867543932 
 0.625055192527  0.625055192527 
 0.719685673001  0.719685673001 
 0.828642772855  0.828642772855 
 0.95409547635  0.95409547635 
 1.09854114199  1.09854114199 
 1.26485521686  1.26485521686 
 1.4563484775  1.4563484775 
 1.67683293681  1.67683293681 
 1.93069772888  1.93069772888 
 2.22299648253  2.22299648253 
 2.5595479227  2.5595479227 
 2.94705170255  2.94705170255 
 3.3932217719  3.3932217719 
 3.90693993705  3.90693993706 
 4.49843266897  4.49843266897 
 5.17947467923  5.17947467924 
 5.96362331659  5.9636233166 
 6.86648845004  6.86648845005 
 7.90604321091  7.90604321092 
 9.10298177992  9.10298177993 
 10.4811313415  10.4811313416 
 12.0679264064  12.0679264064 
 13.8949549437  13.8949549437 
 15.9985871961  15.9985871961 
 18.4206996933  18.4206996931 
 21.2095088792  21.2095088784 
 24.4205309455  24.4205309407 
 28.1176869797  28.1176869484 
 32.3745754282  32.3745751982 
 37.2759372031  37.275935308 
 42.9193426013  42.9193249587 
 49.4171336132  49.4169466672 
 56.8986602902  56.8963877058 
 65.512855686  65.481009276 
 75.4312006335  74.9395237389 
 86.8511373751  81.8048570846 
 100.0  83.0888011029 
0.0132571136559 50 
 0.1  0.1 
 0.115139539933  0.115139539933 
 0.132571136559  0.132571136559 
 0.152641796718  0.152641796718 
 0.175751062485  0.175751062485 
 0.202358964773  0.202358964773 
 0.232995181052  0.232995181052 
 0.268269579528  0.268269579528 
 0.308884359648  0.308884359648 
 0.355648030622  0.355648030622 
 0.409491506238  0.409491506238 
 0.471486636346  0.471486636346 
 0.542867543932  0.542867543932 
 0.625055192527  0.625055192527 
 0.719685673001  0.719685673001 
 0.828642772855  0.828642772855 
 0.95409547635  0.95409547635 
 1.09854114199  1.09854114199 
 1.26485521686  1.26485521686 
 1.4563484775  1.4563484775 
 1.67683293681  1.67683293681 
 1.93069772888  1.93069772888 
 2.22299648253  2.22299648253 
 2.5595479227  2.5595479227 
 2.94705170255  2.94705170255 
 3.3932217719  3.3932217719 
 3.90693993705  3.90693993706 
 4.49843266897  4.49843266897 
 5.17947467923  5.17947467924 
 5.96362331659  5.9636233166 
 6.86648845004  6.86648845005 
 7.90604321091  7.90604321093 
 9.10298177992  9.10298177993 
 10.4811313415  10.4811313416 
 12.0679264064  12.0679264064 
 13.8949549437  13.8949549438 
 15.9985871961  15.998587196 
 18.4206996933  18.4206996929 
 21.2095088792  21.209508877 
 24.4205309455  24.4205309321 
 28.1176869797  28.1176868917 
 32.3745754282  32.3745747815 
 37.2759372031  37.2759318744 
 42.9193426013  42.9192929947 
 49.4171336132  49.4166079853 
 56.8986602902  56.8922745307 
 65.512855686  65.4240614481 
 75.4312006335  74.1880928335 
 86.8511373751  78.5429753755 
 100.0  79.0405877245 
0.0222299648253 50 
 0.1  0.1 
 0.115139539933  0.115139539933 
 0.132571136559  0.132571136559 
 0.152641796718  0.152641796718 
 0.175751062485  0.175751062485 
 0.202358964773  0.202358964773 
 0.232995181052  0.232995181052 
 0.268269579528  0.268269579528 
 0.308884359648  0.308884359648 
 0.355648030622  0.355648030622 
 0.409491506238  0.409491506238 
 0.471486636346  0.471486636346 
 0.542867543932  0.542867543932 
 0.625055192527  0.625055192527 
 0.719685673001  0.719685673001 
 0.828642772855  0.828642772855 
 0.95409547635  0.95409547635 
 1.09854114199  1.09854114199 
 1.26485521686  1.26485521686 
 1.4563484775  1.4563484775 
 1.67683293681  1.67683293681 
 1.93069772888  1.93069772888 
 2.22299648253  2.22299648253 
 2.5595479227  2.5595479227 
 2.94705170255  2.94705170255 
 3.3932217719  3.3932217719 
 3.90693993705  3.90693993706 
 4.49843266897  4.49843266898 
 5.17947467923  5.17947467924 
 5.96362331659  5.96362331661 
 6.86648845004  6.86648845006 
 7.90604321091  7.90604321094 
 9.10298177992  9.10298177997 
 10.4811313415  10.4811313416 
 12.0679264064  12.0679264065 
 13.8949549437  13.8949549437 
 15.9985871961  15.9985871959 
 18.4206996933  18.4206996921 
 21.2095088792  21.2095088729 
 24.4205309455  24.420530908 
 28.1176869797  28.1176867323 
 32.3745754282  32.3745736099 
 37.2759372031  37.27592222 
 42.9193426013  42.919203121 
 49.4171336132  49.4156558817 
 56.8986602902  56.8807382871 
 65.512855686  65.2688806319 
 75.4312006335  72.6525674653 
 86.8511373751  74.9002421037 
 100.0  75.080123747 
0.0372759372031 50 
 0.1  0.1 
 0.115139539933  0.115139539933 
 0.132571136559  0.132571136559 
 0.152641796718  0.152641796718 
 0.175751062485  0.175751062485 
 0.202358964773  0.202358964773 
 0.232995181052  0.232995181052 
 0.268269579528  0.268269579528 
 0.308884359648  0.308884359648 
 0.355648030622  0.355648030622 
 0.409491506238  0.409491506238 
 0.471486636346  0.471486636346 
 0.542867543932  0.542867543932 
 0.625055192527  0.625055192527 
 0.719685673001  0.719685673001 
 0.828642772855  0.828642772855 
 0.95409547635  0.95409547635 
 1.09854114199  1.09854114199 
 1.26485521686  1.26485521686 
 1.4563484775  1.4563484775 
 1.67683293681  1.67683293681 
 1.93069772888  1.93069772888 
 2.22299648253  2.22299648253 
 2.5595479227  2.5595479227 
 2.94705170255  2.94705170255 
 3.3932217719  3.3932217719 
 3.90693993705  3.90693993706 
 4.49843266897  4.49843266899 
 5.17947467923  5.17947467925 
 5.96362331659  5.96362331662 
 6.86648845004  6.86648845008 
 7.90604321091  7.90604321097 
 9.10298177992  9.10298178 
 10.4811313415  10.4811313417 
 12.0679264064  12.0679264065 
 13.8949549437  13.8949549437 
 15.9985871961  15.9985871954 
 18.4206996933  18.42069969 
 21.2095088792  21.2095088615 
 24.4205309455  24.42053084 
 28.1176869797  28.1176862839 
 32.3745754282  32.3745703157 
 37.2759372031  37.2758950743 
 42.9193426013  42.9189504354 
 49.4171336132  49.4129805157 
 56.8986602902  56.8485280939 
 65.512855686  64.8672098103 
 75.4312006335  70.2005698331 
 86.8511373751  71.1642363498 
 100.0  71.2273786331 
0.0625055192527 50 
 0.1  0.1 
 0.115139539933  0.115139539933 
 0.132571136559  0.132571136559 
 0.152641796718  0.152641796718 
 0.175751062485  0.175751062485 
 0.202358964773  0.202358964773 
 0.232995181052  0.232995181052 
 0.268269579528  0.268269579528 
 0.308884359648  0.308884359648 
 0.355648030622  0.355648030622 
 0.409491506238  0.409491506238 
 0.471486636346  0.471486636346 
 0.542867543932  0.542867543932 
 0.625055192527  0.625055192527 
 0.719685673001  0.719685673001 
 0.828642772855  0.828642772855 
 0.95409547635  0.95409547635 
 1.09854114199  1.09854114199 
 1.26485521686  1.26485521686 
 1.4563484775  1.4563484775 
 1.67683293681  1.67683293681 
 1.93069772888  1.93069772888 
 2.22299648253  2.22299648253 
 2.5595479227  2.5595479227 
 2.94705170255  2.94705170255 
 3.3932217719  3.3932217719 
 3.90693993705  3.90693993707 
 4.49843266897  4.498432669 
 5.17947467923  5.17947467927 
 5.96362331659  5.96362331664 
 6.86648845004  6.86648845011 
 7.90604321091  7.90604321101 
 9.10298177992  9.10298178006 
 10.4811313415  10.4811313417 
 12.0679264064  12.0679264064 
 13.8949549437  13.8949549433 
 15.9985871961  15.9985871942 
 18.4206996933  18.4206996841 
 21.2095088792  21.2095088294 
 24.4205309455  24.4205306488 
 28.1176869797  28.1176850231 
 32.3745754282  32.3745610533 
 37.2759372031  37.2758187497 
 42.9193426013  42.9182400879 
 49.4171336132  49.405471926 
 56.8986602902  56.7597063893 
 65.512855686  63.9420661453 
 75.4312006335  67.1008874751 
 86.8511373751  67.4668684299 
 100.0  67.4887753814 
0.104811313415 50 
 0.1  0.1 
 0.115139539933  0.115139539933 
 0.132571136559  0.132571136559 
 0.152641796718  0.152641796718 
 0.175751062485  0.175751062485 
 0.202358964773  0.202358964773 
 0.232995181052  0.232995181052 
 0.268269579528  0.268269579528 
 0.308884359648  0.308884359648 
 0.355648030622  0.355648030622 
 0.409491506238  0.409491506238 
 0.471486636346  0.471486636346 
 0.542867543932  0.542867543932 
 0.625055192527  0.625055192527 
 0.719685673001  0.719685673001 
 0.828642772855  0.828642772855 
 0.95409547635  0.95409547635 
 1.09854114199  1.09854114199 
 1.26485521686  1.26485521686 
 1.4563484775  1.4563484775 
 1.67683293681  1.67683293681 
 1.93069772888  1.93069772888 
 2.22299648253  2.22299648253 
 2.5595479227  2.5595479227 
 2.94705170255  2.94705170256 
 3.3932217719  3.39322177191 
 3.90693993705  3.90693993708 
 4.49843266897  4.49843266901 
 5.17947467923  5.17947467929 
 5.96362331659  5.96362331668 
 6.86648845004  6.86648845013 
 7.90604321091  7.90604321108 
 9.10298177992  9.10298178014 
 10.4811313415  10.4811313418 
 12.0679264064  12.0679264064 
 13.8949549437  13.8949549427 
 15.9985871961  15.9985871909 
 18.4206996933  18.4206996674 
 21.2095088792  21.2095087391 
 24.4205309455  24.4205301112 
 28.1176869797  28.1176814782 
 32.3745754282  32.3745350106 
 37.2759372031  37.2756041645 
 42.9193426013  42.9162438952 
 49.4171336132  49.3844653927 
 56.8986602902  56.5227554789 
 65.512855686  62.2095335613 
 75.4312006335  63.727459223 
 86.8511373751  63.8584241577 
 100.0  63.8659901582 
0.175751062485 50 
 0.1  0.1 
 0.115139539933  0.115139539933 
 0.132571136559  0.132571136559 
 0.152641796718  0.152641796718 
 0.175751062485  0.175751062485 
 0.202358964773  0.202358964773 
 0.232995181052  0.232995181052 
 0.268269579528  0.268269579528 
 0.308884359648  0.308884359648 
 0.355648030622  0.355648030622 
 0.409491506238  0.409491506238 
 0.471486636346  0.471486636346 
 0.542867543932  0.542867543932 
 0.625055192527  0.625055192527 
 0.719685673001  0.719685673001 
 0.828642772855  0.828642772855 
 0.95409547635  0.95409547635 
 1.09854114199  1.09854114199 
 1.26485521686  1.26485521686 
 1.4563484775  1.4563484775 
 1.67683293681  1.67683293681 
 1.93069772888  1.93069772888 
 2.22299648253  2.22299648253 
 2.5595479227  2.5595479227 
 2.94705170255  2.94705170256 
 3.3932217719  3.39322177191 
 3.90693993705  3.90693993709 
 4.49843266897  4.49843266904 
 5.17947467923  5.17947467934 
 5.96362331659  5.96362331674 
 6.86648845004  6.86648845023 
 7.90604321091  7.90604321119 
 9.10298177992  9.10298178026 
 10.4811313415  10.4811313417 
 12.0679264064  12.067926406 
 13.8949549437  13.8949549406 
 15.9985871961  15.9985871814 
 18.4206996933  18.4206996205 
 21.2095088792  21.2095084854 
 24.4205309455  24.4205285998 
 28.1176869797  28.1176715117 
 32.3745754282  32.374461793 
 37.2759372031  37.2750009732 
 42.9193426013  42.9106400302 
 49.4171336132  49.3262233137 
 56.8986602902  55.9397805893 
 65.512855686  59.6936560717 
 75.4312006335  60.3108487369 
 86.8511373751  60.3565855129 
 100.0  60.3591967328 
0.294705170255 50 
 0.1  0.1 
 0.115139539933  0.115139539933 
 0.132571136559  0.132571136559 
 0.152641796718  0.152641796718 
 0.175751062485  0.175751062485 
 0.202358964773  0.202358964773 
 0.232995181052  0.232995181052 
 0.268269579528  0.268269579528 
 0.308884359648  0.308884359648 
 0.355648030622  0.355648030622 
 0.409491506238  0.409491506238 
 0.471486636346  0.471486636346 
 0.542867543932  0.542867543932 
 0.625055192527  0.625055192527 
 0.719685673001  0.719685673001 
 0.828642772855  0.828642772855 
 0.95409547635  0.95409547635 
 1.09854114199  1.09854114199 
 1.26485521686  1.26485521686 
 1.4563484775  1.4563484775 
 1.67683293681  1.67683293681 
 1.93069772888  1.93069772888 
 2.22299648253  2.22299648253 
 2.5595479227  2.5595479227 
 2.94705170255  2.94705170256 
 3.3932217719  3.39322177193 
 3.90693993705  3.90693993712 
 4.49843266897  4.49843266909 
 5.17947467923  5.17947467941 
 5.96362331659  5.96362331683 
 6.86648845004  6.86648845036 
 7.90604321091  7.90604321136 
 9.10298177992  9.10298178038 
 10.4811313415  10.4811313416 
 12.0679264064  12.0679264046 
 13.8949549437  13.8949549347 
 15.9985871961  15.9985871547 
 18.4206996933  18.4206994887 
 21.2095088792  21.2095077719 
 24.4205309455  24.4205243506 
 28.1176869797  28.1176434934 
 32.3745754282  32.3742559856 
 37.2759372031  37.2733063052 
 42.9193426013  42.894953668 
 49.4171336132  49.1686225668 
 56.8986602902  54.7227075951 
 65.512855686  56.7237172956 
 75.4312006335  56.9516071779 
 86.8511373751  56.967440488 
 100.0  56.9683424692 
0.494171336132 50 
 0.1  0.1 
 0.115139539933  0.115139539933 
 0.132571136559  0.132571136559 
 0.152641796718  0.152641796718 
 0.175751062485  0.175751062485 
 0.202358964773  0.202358964773 
 0.232995181052  0.232995181052 
 0.268269579528  0.268269579528 
 0.308884359648  0.308884359648 
 0.355648030622  0.355648030622 
 0.409491506238  0.409491506238 
 0.471486636346  0.471486636346 
 0.542867543932  0.542867543932 
 0.625055192527  0.625055192527 
 0.719685673001  0.719685673001 
 0.828642772855  0.828642772855 
 0.95409547635  0.95409547635 
 1.09854114199  1.09854114199 
 1.26485521686  1.26485521686 
 1.4563484775  1.4563484775 
 1.67683293681  1.67683293681 
 1.93069772888  1.93069772888 
 2.22299648253  2.22299648253 
 2.5595479227  2.55954792271 
 2.94705170255  2.94705170257 
 3.3932217719  3.39322177195 
 3.90693993705  3.90693993717 
 4.49843266897  4.49843266917 
 5.17947467923  5.17947467953 
 5.96362331659  5.96362331699 
 6.86648845004  6.86648845055 
 7.90604321091  7.90604321161 
 9.10298177992  9.10298177965 
 10.4811313415  10.48113134 
 12.0679264064  12.0679264006 
 13.8949549437  13.8949549182 
 15.9985871961  15.9985870798 
 18.4206996933  18.4206991181 
 21.2095088792  21.2095057665 
 24.4205309455  24.4205124074 
 28.1176869797  28.1175647572 
 32.3745754282  32.3736778095 
 37.2759372031  37.2685520507 
 42.9193426013  42.8513942217 
 49.4171336132  48.7676681689 
 56.8986602902  52.7308444471 
 65.512855686  53.6076751669 
 75.4312006335  53.6883564201 
 86.8511373751  53.6938319554 
 100.0  53.6941457681 
0.828642772855 50 
 0.1  0.1 
 0.115139539933  0.115139539933 
 0.132571136559  0.132571136559 
 0.152641796718  0.152641796718 
 0.175751062485  0.175751062485 
 0.202358964773  0.202358964773 
 0.232995181052  0.232995181052 
 0.268269579528  0.268269579528 
 0.308884359648  0.308884359648 
 0.355648030622  0.355648030622 
 0.409491506238  0.409491506238 
 0.471486636346  0.471486636346 
 0.542867543932  0.542867543932 
 0.625055192527  0.625055192527 
 0.719685673001  0.719685673001 
 0.828642772855  0.719685680389 
 0.95409547635  0.95409547635 
 1.09854114199  1.09854114199 
 1.26485521686  1.26485521686 
 1.4563484775  1.4563484775 
 1.67683293681  1.67683293681 
 1.93069772888  1.93069772889 
 2.22299648253  2.22299648253 
 2.5595479227  2.55954792271 
 2.94705170255  2.94705170259 
 3.3932217719  3.39322177198 
 3.90693993705  3.90693993724 
 4.49843266897  4.49843266931 
 5.17947467923  5.17947467973 
 5.96362331659  5.96362331725 
 6.86648845004  6.86648845088 
 7.90604321091  7.90604321187 
 9.10298177992  9.10298178013 
 10.4811313415  10.4811313381 
 12.0679264064  12.0679263896 
 13.8949549437  13.8949548719 
 15.9985871961  15.9985868693 
 18.4206996933  18.4206980769 
 21.2095088792  21.2095001325 
 24.4205309455  24.4204788611 
 28.1176869797  28.1173437141 
 32.3745754282  32.3720561183 
 37.2759372031  37.255268573 
 42.9193426013  42.7330395896 
 49.4171336132  47.8765063502 
 56.8986602902  50.1713733928 
 65.512855686  50.5092432948 
 75.4312006335  50.5374788683 
 86.8511373751  50.539385987 
 100.0  50.53949524 
1.38949549437 50 
 0.1  1670.61414725 
 0.115139539933  2219.90778 
 0.132571136559  2673.55397462 
 0.152641796718  3068.63421534 
 0.175751062485  3423.27776373 
 0.202358964773  -4.14554052465e-20 
 0.232995181052  0.232995181052 
 0.268269579528  0.268269579528 
 0.308884359648  0.308884359648 
 0.355648030622  0.355648030622 
 0.409491506238  0.409491506238 
 0.471486636346  0.471486636346 
 0.542867543932  0.542867543933 
 0.625055192527  0.625055192528 
 0.719685673001  0.719685673002 
 0.828642772855  0.828642772855 
 0.95409547635  0.954095476351 
 1.09854114199  1.09854114199 
 1.26485521686  1.26485521686 
 1.4563484775  1.4563484775 
 1.67683293681  1.67683293681 
 1.93069772888  1.93069772889 
 2.22299648253  2.22299648254 
 2.5595479227  2.55954792272 
 2.94705170255  2.94705170261 
 3.3932217719  3.39322177204 
 3.90693993705  3.90693993737 
 4.49843266897  4.49843266954 
 5.17947467923  5.17947468006 
 5.96362331659  5.96362331766 
 6.86648845004  6.86648845066 
 7.90604321091  7.90604321179 
 9.10298177992  9.10298177874 
 10.4811313415  10.4811313292 
 12.0679264064  12.0679263585 
 13.8949549437  13.8949547416 
 15.9985871961  15.9985862779 
 18.4206996933  18.4206951541 
 21.2095088792  21.209484329 
 24.4205309455  24.4203848506 
 28.1176869797  28.116724905 
 32.3745754282  32.3675276355 
 37.2759372031  37.2185705748 
 42.9193426013  42.4290104306 
 49.4171336132  46.296509745 
 56.8986602902  47.3784772317 
 65.512855686  47.5017681718 
 75.4312006335  47.5117526271 
 86.8511373751  47.512433166 
 100.0  47.5124715888 
2.32995181052 50 
 0.1  1475.69539155 
 0.115139539933  1864.78875704 
 0.132571136559  2192.64800581 
 0.152641796718  2481.53561675 
 0.175751062485  2742.83660421 
 0.202358964773  -3.83928230342e-20 
 0.232995181052  0.232995181052 
 0.268269579528  0.268269579528 
 0.308884359648  0.308884359648 
 0.355648030622  0.355648030622 
 0.409491506238  0.409491506238 
 0.471486636346  0.471486636346 
 0.542867543932  0.542867543933 
 0.625055192527  0.625055192528 
 0.719685673001  0.719685673002 
 0.828642772855  0.828642772855 
 0.95409547635  0.95409547635 
 1.09854114199  1.09854114199 
 1.26485521686  1.26485521686 
 1.4563484775  1.4563484775 
 1.67683293681  1.67683293681 
 1.93069772888  1.93069772889 
 2.22299648253  2.22299648254 
 2.5595479227  2.55954792274 
 2.94705170255  2.94705170265 
 3.3932217719  3.39322177213 
 3.90693993705  3.90693993758 
 4.49843266897  4.49843266992 
 5.17947467923  5.17947468062 
 5.96362331659  5.96362331831 
 6.86648845004  6.86648845134 
 7.90604321091  7.90604320836 
 9.10298177992  9.10298177419 
 10.4811313415  10.4811313078 
 12.0679264064  12.0679262714 
 13.8949549437  13.8949543756 
 15.9985871961  15.9985846215 
 18.4206996933  18.420686973 
 21.2095088792  21.2094401802 
 24.4205309455  24.4201228401 
 28.1176869797  28.1150059991 
 32.3745754282  32.3550359688 
 37.2759372031  37.120227534 
 42.9193426013  41.7414515458 
 49.4171336132  44.138262571 
 56.8986602902  44.5834318578 
 65.512855686  44.6286745931 
 75.4312006335  44.6323622498 
 86.8511373751  44.6326205341 
 100.0  44.6326350046 
3.90693993705 50 
 0.1  1212.06794347 
 0.115139539933  1497.65992304 
 0.132571136559  1740.82655579 
 0.152641796718  1956.39922448 
 0.175751062485  2152.17159165 
 0.202358964773  -3.67967599674e-20 
 0.232995181052  0.232995181052 
 0.268269579528  4.49843297789 
 0.308884359648  10.4811313575 
 0.355648030622  10.4811313575 
 0.409491506238  10.4811313575 
 0.471486636346  10.4811313575 
 0.542867543932  0.542867543932 
 0.625055192527  0.542867548522 
 0.719685673001  0.719685673001 
 0.828642772855  0.828642772855 
 0.95409547635  0.95409547635 
 1.09854114199  1.09854114199 
 1.26485521686  1.26485521686 
 1.4563484775  1.4563484775 
 1.67683293681  1.67683293682 
 1.93069772888  1.93069772889 
 2.22299648253  2.22299648255 
 2.5595479227  2.55954792276 
 2.94705170255  2.94705170271 
 3.3932217719  3.39322177229 
 3.90693993705  3.90693993793 
 4.49843266897  4.49843267055 
 5.17947467923  5.1794746815 
 5.96362331659  5.96362331857 
 6.86648845004  6.86648845103 
 7.90604321091  7.90604320815 
 9.10298177992  9.10298175559 
 10.4811313415  10.4811312451 
 12.0679264064  12.0679260272 
 13.8949549437  13.8949533565 
 15.9985871961  15.9985800118 
 18.4206996933  18.4206643075 
 21.2095088792  21.2093183509 
 24.4205309455  24.4194039666 
 28.1176869797  28.1103316704 
 32.3745754282  32.3216904869 
 37.2759372031  36.8762191414 
 42.9193426013  40.50294757 
 49.4171336132  41.7442809931 
 56.8986602902  41.9226634966 
 65.512855686  41.9404787168 
 75.4312006335  41.941988291 
 86.8511373751  41.9420999282 
 100.0  41.9421070254 
6.5512855686 50 
 0.1  962.24479089 
 0.115139539933  1175.9127013 
 0.132571136559  1358.82561619 
 0.152641796718  1521.50254449 
 0.175751062485  1669.55323184 
 0.202358964773  3.39322217184 
 0.232995181052  3.90694064076 
 0.268269579528  4.49843395562 
 0.308884359648  5.17947713555 
 0.355648030622  0.355648030622 
 0.409491506238  0.409491506238 
 0.471486636346  0.409491509462 
 0.542867543932  0.542867543932 
 0.625055192527  0.625055192527 
 0.719685673001  0.719685673001 
 0.828642772855  0.828642772855 
 0.95409547635  0.95409547635 
 1.09854114199  1.09854114199 
 1.26485521686  1.26485521686 
 1.4563484775  1.45634847751 
 1.67683293681  1.67683293682 
 1.93069772888  1.9306977289 
 2.22299648253  2.22299648257 
 2.5595479227  2.55954792281 
 2.94705170255  2.94705170282 
 3.3932217719  3.39322177256 
 3.90693993705  3.90693993852 
 4.49843266897  4.49843267132 
 5.17947467923  5.17947468215 
 5.96362331659  5.96362331896 
 6.86648845004  6.86648844887 
 7.90604321091  7.9060431974 
 9.10298177992  9.10298170739 
 10.4811313415  10.4811310713 
 12.0679264064  12.0679253496 
 13.8949549437  13.8949505543 
 15.9985871961  15.9985674224 
 18.4206996933  18.4206029497 
 21.2095088792  21.2089924282 
 24.4205309455  24.4175107611 
 28.1176869797  28.0982941133 
 32.3745754282  32.2396316561 
 37.2759372031  36.3641999762 
 42.9193426013  38.8331435536 
 49.4171336132  39.4296447412 
 56.8986602902  39.5077561842 
 65.512855686  39.5158941717 
 75.4312006335  39.5166307935 
 86.8511373751  39.5166891768 
 100.0  39.5166931491 
10.9854114199 50 
 0.1  750.030395978 
 0.115139539933  911.666437091 
 0.132571136559  1050.39686075 
 0.152641796718  1173.97248952 
 0.175751062485  1286.55596135 
 0.202358964773  3.39322217182 
 0.232995181052  0.232995181052 
 0.268269579528  0.268269579528 
 0.308884359648  0.308884359648 
 0.355648030622  0.355648030622 
 0.409491506238  0.409491506238 
 0.471486636346  0.471486636346 
 0.542867543932  0.542867543932 
 0.625055192527  0.625055192527 
 0.719685673001  0.719685673001 
 0.828642772855  0.828642772855 
 0.95409547635  0.954095476351 
 1.09854114199  1.09854114199 
 1.26485521686  1.26485521686 
 1.4563484775  1.45634847751 
 1.67683293681  1.67683293683 
 1.93069772888  1.93069772891 
 2.22299648253  2.2229964826 
 2.5595479227  2.55954792288 
 2.94705170255  2.94705170301 
 3.3932217719  3.39322177301 
 3.90693993705  3.90693993939 
 4.49843266897  4.49843267275 
 5.17947467923  5.17947468326 
 5.96362331659  5.96362331206 
 6.86648845004  6.86648843071 
 7.90604321091  7.90604315556 
 9.10298177992  9.10298157612 
 10.4811313415  10.4811305979 
 12.0679264064  12.0679235362 
 13.8949549437  13.8949431309 
 15.9985871961  15.9985346423 
 18.4206996933  18.4204467189 
 21.2095088792  21.2081854257 
 24.4205309455  24.4129843511 
 28.1176869797  28.0708652622 
 32.3745754282  32.06924979 
 37.2759372031  35.5501010581 
 42.9193426013  37.1006406772 
 49.4171336132  37.4078442523 
 56.8986602902  37.4483269157 
 65.512855686  37.4528107973 
 75.4312006335  37.4532436873 
 86.8511373751  37.4532800057 
 100.0  37.4532826665 
18.4206996933 50 
 0.1  578.002821497 
 0.115139539933  701.167776239 
 0.132571136559  806.961255803 
 0.152641796718  0.152641796718 
 0.175751062485  0.175751062485 
 0.202358964773  0.202358964773 
 0.232995181052  0.232995181052 
 0.268269579528  0.268269579528 
 0.308884359648  0.308884359648 
 0.355648030622  0.355648030622 
 0.409491506238  0.409491506238 
 0.471486636346  0.471486636346 
 0.542867543932  0.542867543932 
 0.625055192527  0.625055192528 
 0.719685673001  0.719685673001 
 0.828642772855  0.828642772855 
 0.95409547635  0.954095476351 
 1.09854114199  1.09854114199 
 1.26485521686  1.26485521686 
 1.4563484775  1.45634847751 
 1.67683293681  1.67683293684 
 1.93069772888  1.93069772894 
 2.22299648253  2.22299648265 
 2.5595479227  2.559547923 
 2.94705170255  2.94705170332 
 3.3932217719  3.39322177372 
 3.90693993705  3.90693994086 
 4.49843266897  4.49843267462 
 5.17947467923  5.17947468353 
 5.96362331659  5.96362330147 
 6.86648845004  6.86648839836 
 7.90604321091  7.9060430513 
 9.10298177992  9.1029812353 
 10.4811313415  10.4811293796 
 12.0679264064  12.0679190145 
 13.8949549437  13.8949251352 
 15.9985871961  15.9984582131 
 18.4206996933  18.4200983988 
 21.2095088792  21.206478446 
 24.4205309455  24.4039748531 
 28.1176869797  28.0203550298 
 32.3745754282  31.7971387826 
 37.2759372031  34.6031564257 
 42.9193426013  35.6005145091 
 49.4171336132  35.7827840484 
 56.8986602902  35.807506539 
 65.512855686  35.8103684653 
 75.4312006335  35.810656349 
 86.8511373751  35.8106804516 
 100.0  35.8106825494 
30.8884359648 50 
 0.1  0.1 
 0.115139539933  0.115139539933 
 0.132571136559  0.132571136559 
 0.152641796718  0.152641796718 
 0.175751062485  0.175751062485 
 0.202358964773  0.202358964773 
 0.232995181052  0.232995181052 
 0.268269579528  0.268269579528 
 0.308884359648  0.308884359648 
 0.355648030622  0.355648030622 
 0.409491506238  0.409491506238 
 0.471486636346  0.471486636346 
 0.542867543932  0.542867543933 
 0.625055192527  0.625055192528 
 0.719685673001  0.719685673002 
 0.828642772855  0.828642772856 
 0.95409547635  0.954095476351 
 1.09854114199  1.09854114199 
 1.26485521686  1.26485521686 
 1.4563484775  1.45634847752 
 1.67683293681  1.67683293685 
 1.93069772888  1.93069772897 
 2.22299648253  2.22299648273 
 2.5595479227  2.55954792321 
 2.94705170255  2.94705170381 
 3.3932217719  3.3932217749 
 3.90693993705  3.90693994213 
 4.49843266897  4.49843267648 
 5.17947467923  5.1794746652 
 5.96362331659  5.96362327193 
 6.86648845004  6.86648832434 
 7.90604321091  7.90604280195 
 9.10298177992  9.10298042308 
 10.4811313415  10.4811266478 
 12.0679264064  12.0679092869 
 13.8949549437  13.8948885094 
 15.9985871961  15.9983119487 
 18.4206996933  18.4194738578 
 21.2095088792  21.2036209932 
 24.4205309455  24.3899480989 
 28.1176869797  27.9483179791 
 32.3745754282  31.4655805755 
 37.2759372031  33.7248686455 
 42.9193426013  34.4176742067 
 49.4171336132  34.5401045273 
 56.8986602902  34.5570057461 
 65.512855686  34.5590049953 
 75.4312006335  34.559207811 
 86.8511373751  34.5592268901 
 100.0  34.5592269741 
51.7947467923 50 
 0.1  0.1 
 0.115139539933  0.115139539933 
 0.132571136559  0.132571136559 
 0.152641796718  0.152641796718 
 0.175751062485  0.175751062485 
 0.202358964773  0.202358964773 
 0.232995181052  0.232995181052 
 0.268269579528  0.268269579528 
 0.308884359648  0.308884359648 
 0.355648030622  0.355648030622 
 0.409491506238  0.409491506238 
 0.471486636346  0.471486636346 
 0.542867543932  0.542867543933 
 0.625055192527  0.625055192528 
 0.719685673001  0.719685673002 
 0.828642772855  0.828642772856 
 0.95409547635  0.954095476353 
 1.09854114199  1.09854114199 
 1.26485521686  1.26485521687 
 1.4563484775  1.45634847753 
 1.67683293681  1.67683293688 
 1.93069772888  1.93069772903 
 2.22299648253  2.22299648287 
 2.5595479227  2.55954792349 
 2.94705170255  2.94705170467 
 3.3932217719  3.39322177595 
 3.90693993705  3.90693994479 
 4.49843266897  4.4984326616 
 5.17947467923  5.17947465904 
 5.96362331659  5.96362320633 
 6.86648845004  6.86648813106 
 7.90604321091  7.90604228291 
 9.10298177992  9.10297881788 
 10.4811313415  10.481121606 
 12.0679264064  12.0678927043 
 13.8949549437  13.8948299495 
 15.9985871961  15.9980927625 
 18.4206996933  18.4185963435 
 21.2095088792  21.1998367753 
 24.4205309455  24.3724108389 
 28.1176869797  27.8644207149 
 32.3745754282  31.1288292368 
 37.2759372031  32.9891383753 
 42.9193426013  33.5066783882 
 49.4171336132  33.5962938923 
 56.8986602902  33.6087444636 
 65.512855686  33.6102295076 
 75.4312006335  33.6103822574 
 86.8511373751  33.6103950827 
 100.0  33.6103963193 
86.8511373751 50 
 0.1  0.1 
 0.115139539933  0.115139539933 
 0.132571136559  0.132571136559 
 0.152641796718  0.152641796718 
 0.175751062485  0.175751062486 
 0.202358964773  0.202358964773 
 0.232995181052  0.232995181052 
 0.268269579528  0.268269579528 
 0.308884359648  0.308884359648 
 0.355648030622  0.355648030622 
 0.409491506238  0.409491506238 
 0.471486636346  0.471486636346 
 0.542867543932  0.542867543933 
 0.625055192527  0.625055192528 
 0.719685673001  0.719685673003 
 0.828642772855  0.828642772858 
 0.95409547635  0.954095476356 
 1.09854114199  1.098541142 
 1.26485521686  1.26485521688 
 1.4563484775  1.45634847755 
 1.67683293681  1.67683293691 
 1.93069772888  1.93069772913 
 2.22299648253  2.22299648314 
 2.5595479227  2.55954792414 
 2.94705170255  2.94705170615 
 3.3932217719  3.39322178009 
 3.90693993705  3.90693994095 
 4.49843266897  4.49843265365 
 5.17947467923  5.17947459946 
 5.96362331659  5.96362307873 
 6.86648845004  6.8664878066 
 7.90604321091  7.90604139973 
 9.10298177992  9.1029764803 
 10.4811313415  10.4811145668 
 12.0679264064  12.0678700327 
 13.8949549437  13.8947548599 
 15.9985871961  15.9978250393 
 18.4206996933  18.4175677751 
 21.2095088792  21.1955519184 
 24.4205309455  24.3532118551 
 28.1176869797  27.7770478878 
 32.3745754282  30.8142929247 
 37.2759372031  32.3857278482 
 42.9193426013  32.7939633609 
 49.4171336132  32.8635681179 
 56.8986602902  32.8732490468 
 65.512855686  32.8744071236 
 75.4312006335  32.8745267578 
 86.8511373751  32.8745372152 
 100.0  32.8745377092 
145.63484775 50 
 0.1  0.1 
 0.115139539933  0.115139539933 
 0.132571136559  0.132571136559 
 0.152641796718  0.152641796718 
 0.175751062485  0.175751062486 
 0.202358964773  0.202358964773 
 0.232995181052  0.232995181052 
 0.268269579528  0.268269579528 
 0.308884359648  0.308884359648 
 0.355648030622  0.355648030623 
 0.409491506238  0.409491506238 
 0.471486636346  0.471486636346 
 0.542867543932  0.542867543933 
 0.625055192527  0.625055192529 
 0.719685673001  0.719685673004 
 0.828642772855  0.82864277286 
 0.95409547635  0.95409547636 
 1.09854114199  1.09854114201 
 1.26485521686  1.26485521689 
 1.4563484775  1.45634847759 
 1.67683293681  1.676832937 
 1.93069772888  1.93069772931 
 2.22299648253  2.22299648351 
 2.5595479227  2.55954792464 
 2.94705170255  2.94705170712 
 3.3932217719  3.39322177794 
 3.90693993705  3.90693993504 
 4.49843266897  4.49843262107 
 5.17947467923  5.17947452285 
 5.96362331659  5.9636229445 
 6.86648845004  6.86648741661 
 7.90604321091  7.906040241 
 9.10298177992  9.10297332625 
 10.4811313415  10.4811058982 
 12.0679264064  12.0678441455 
 13.8949549437  13.8946711505 
 15.9985871961  15.9975340998 
 18.4206996933  18.4164692654 
 21.2095088792  21.1910580844 
 24.4205309455  24.333442664 
 28.1176869797  27.6903325527 
 32.3745754282  30.5283498909 
 37.2759372031  31.8851218105 
 42.9193426013  32.2201005628 
 49.4171336132  32.2765224675 
 56.8986602902  32.2843641371 
 65.512855686  32.2853030057 
 75.4312006335  32.2854006054 
 86.8511373751  32.2854088371 
 100.0  32.2854097926 
244.205309455 50 
 0.1  0.1 
 0.115139539933  0.115139539933 
 0.132571136559  0.132571136559 
 0.152641796718  0.152641796718 
 0.175751062485  0.175751062486 
 0.202358964773  0.202358964773 
 0.232995181052  0.232995181052 
 0.268269579528  0.268269579528 
 0.308884359648  0.308884359648 
 0.355648030622  0.355648030623 
 0.409491506238  0.409491506239 
 0.471486636346  0.471486636347 
 0.542867543932  0.542867543934 
 0.625055192527  0.62505519253 
 0.719685673001  0.719685673006 
 0.828642772855  0.828642772863 
 0.95409547635  0.954095476366 
 1.09854114199  1.09854114202 
 1.26485521686  1.26485521692 
 1.4563484775  1.45634847763 
 1.67683293681  1.6768329371 
 1.93069772888  1.93069772955 
 2.22299648253  2.22299648397 
 2.5595479227  2.55954792595 
 2.94705170255  2.94705170906 
 3.3932217719  3.3932217732 
 3.90693993705  3.90693992389 
 4.49843266897  4.49843259542 
 5.17947467923  5.17947451804 
 5.96362331659  5.96362284151 
 6.86648845004  6.86648712886 
 7.90604321091  7.90603925094 
 9.10298177992  9.10297025618 
 10.4811313415  10.4810967699 
 12.0679264064  12.0678169764 
 13.8949549437  13.894584263 
 15.9985871961  15.9972332856 
 18.4206996933  18.4153457506 
 21.2095088792  21.1864899861 
 24.4205309455  24.3135744871 
 28.1176869797  27.6057900828 
 32.3745754282  30.269343992 
 37.2759372031  31.4615208295 
 42.9193426013  31.7445232662 
 49.4171336132  31.7917335023 
 56.8986602902  31.7982882334 
 65.512855686  31.7990733096 
 75.4312006335  31.7991544598 
 86.8511373751  31.799161767 
 100.0  31.7991618838 
409.491506238 50 
 0.1  0.1 
 0.115139539933  0.115139539933 
 0.132571136559  0.132571136559 
 0.152641796718  0.152641796718 
 0.175751062485  0.175751062486 
 0.202358964773  0.202358964773 
 0.232995181052  0.232995181052 
 0.268269579528  0.268269579528 
 0.308884359648  0.308884359648 
 0.355648030622  0.355648030623 
 0.409491506238  0.409491506239 
 0.471486636346  0.471486636347 
 0.542867543932  0.542867543935 
 0.625055192527  0.625055192532 
 0.719685673001  0.719685673009 
 0.828642772855  0.828642772869 
 0.95409547635  0.954095476377 
 1.09854114199  1.09854114204 
 1.26485521686  1.26485521696 
 1.4563484775  1.45634847772 
 1.67683293681  1.67683293727 
 1.93069772888  1.93069772986 
 2.22299648253  2.22299648473 
 2.5595479227  2.55954792745 
 2.94705170255  2.94705171091 
 3.3932217719  3.39322176247 
 3.90693993705  3.90693992681 
 4.49843266897  4.49843259501 
 5.17947467923  5.1794744826 
 5.96362331659  5.96362278007 
 6.86648845004  6.86648691403 
 7.90604321091  7.90603861926 
 9.10298177992  9.10296785649 
 10.4811313415  10.4810883688 
 12.0679264064  12.0677892342 
 13.8949549437  13.8944952891 
 15.9985871961  15.9969293893 
 18.4206996933  18.4142122878 
 21.2095088792  21.1819024423 
 24.4205309455  24.2937837545 
 28.1176869797  27.5238419299 
 32.3745754282  30.0337446502 
 37.2759372031  31.0960922007 
 42.9193426013  31.3405369316 
 49.4171336132  31.3810049747 
 56.8986602902  31.3866176965 
 65.512855686  31.3872892364 
 75.4312006335  31.3873589242 
 86.8511373751  31.3873650771 
 100.0  31.3873658454 
686.648845004 50 
 0.1  0.1 
 0.115139539933  0.115139539933 
 0.132571136559  0.132571136559 
 0.152641796718  0.152641796718 
 0.175751062485  0.175751062486 
 0.202358964773  0.202358964773 
 0.232995181052  0.232995181052 
 0.268269579528  0.268269579529 
 0.308884359648  0.308884359649 
 0.355648030622  0.355648030623 
 0.409491506238  0.40949150624 
 0.471486636346  0.471486636349 
 0.542867543932  0.542867543937 
 0.625055192527  0.625055192535 
 0.719685673001  0.719685673015 
 0.828642772855  0.828642772879 
 0.95409547635  0.954095476394 
 1.09854114199  1.09854114207 
 1.26485521686  1.26485521703 
 1.4563484775  1.45634847776 
 1.67683293681  1.67683293763 
 1.93069772888  1.93069773055 
 2.22299648253  2.22299648593 
 2.5595479227  2.55954792922 
 2.94705170255  2.94705169874 
 3.3932217719  3.39322176281 
 3.90693993705  3.9069399111 
 4.49843266897  4.49843259275 
 5.17947467923  5.17947444803 
 5.96362331659  5.963622696 
 6.86648845004  6.86648677122 
 7.90604321091  7.90603821048 
 9.10298177992  9.10296656487 
 10.4811313415  10.4810832837 
 12.0679264064  12.0677692217 
 13.8949549437  13.8944127046 
 15.9985871961  15.9966240321 
 18.4206996933  18.4130763376 
 21.2095088792  21.1773146007 
 24.4205309455  24.2741336703 
 28.1176869797  27.4445192011 
 32.3745754282  29.81810104 
 37.2759372031  30.7755676651 
 42.9193426013  30.9903800121 
 49.4171336132  31.0257268992 
 56.8986602902  31.0306238613 
 65.512855686  31.031210858 
 75.4312006335  31.0312715294 
 86.8511373751  31.0312770848 
 100.0  31.0312775039 
1151.39539933 50 
 0.1  0.1 
 0.115139539933  0.115139539933 
 0.132571136559  0.132571136559 
 0.152641796718  0.152641796718 
 0.175751062485  0.175751062486 
 0.202358964773  0.202358964773 
 0.232995181052  0.232995181052 
 0.268269579528  0.268269579529 
 0.308884359648  0.308884359649 
 0.355648030622  0.355648030624 
 0.409491506238  0.409491506241 
 0.471486636346  0.471486636351 
 0.542867543932  0.54286754394 
 0.625055192527  0.625055192541 
 0.719685673001  0.719685673024 
 0.828642772855  0.828642772895 
 0.95409547635  0.954095476427 
 1.09854114199  1.09854114214 
 1.26485521686  1.26485521715 
 1.4563484775  1.45634847815 
 1.67683293681  1.67683293816 
 1.93069772888  1.93069773164 
 2.22299648253  2.22299648842 
 2.5595479227  2.55954792712 
 2.94705170255  2.94705170785 
 3.3932217719  3.39322176041 
 3.90693993705  3.90693991902 
 4.49843266897  4.49843259033 
 5.17947467923  5.17947445465 
 5.96362331659  5.96362271878 
 6.86648845004  6.86648670011 
 7.90604321091  7.90603804723 
 9.10298177992  9.10296570022 
 10.4811313415  10.4810803516 
 12.0679264064  12.067756714 
 13.8949549437  13.8943601994 
 15.9985871961  15.9963766552 
 18.4206996933  18.4119642094 
 21.2095088792  21.1727315691 
 24.4205309455  24.2546440861 
 28.1176869797  27.3677261778 
 32.3745754282  29.6194844308 
 37.2759372031  30.4905252185 
 42.9193426013  30.6819103709 
 49.4171336132  30.7132476696 
 56.8986602902  30.7175858773 
 65.512855686  30.7181054377 
 75.4312006335  30.7181590202 
 86.8511373751  30.7181635456 
 100.0  35.4899212978 
1930.69772888 50 
 0.1  0.1 
 0.115139539933  0.115139539933 
 0.132571136559  0.132571136559 
 0.152641796718  0.152641796718 
 0.175751062485  0.175751062486 
 0.202358964773  0.202358964773 
 0.232995181052  0.232995181053 
 0.268269579528  0.26826957953 
 0.308884359648  0.30888435965 
 0.355648030622  0.355648030626 
 0.409491506238  0.409491506243 
 0.471486636346  0.471486636354 
 0.542867543932  0.542867543946 
 0.625055192527  0.62505519255 
 0.719685673001  0.719685673041 
 0.828642772855  0.828642772924 
 0.95409547635  0.954095476472 
 1.09854114199  1.09854114224 
 1.26485521686  1.26485521739 
 1.4563484775  1.45634847859 
 1.67683293681  1.67683293856 
 1.93069772888  1.93069773338 
 2.22299648253  2.22299648848 
 2.5595479227  2.559547927 
 2.94705170255  2.94705170886 
 3.3932217719  3.39322176475 
 3.90693993705  3.90693990394 
 4.49843266897  4.49843258062 
 5.17947467923  5.17947446197 
 5.96362331659  5.96362270812 
 6.86648845004  6.86648668767 
 7.90604321091  7.90603789885 
 9.10298177992  9.10296541763 
 10.4811313415  10.4810785655 
 12.0679264064  12.0677494827 
 13.8949549437  13.8943278241 
 15.9985871961  15.9962275449 
 18.4206996933  18.4112043037 
 21.2095088792  21.1686408325 
 24.4205309455  24.2353345214 
 28.1176869797  27.2933306038 
 32.3745754282  29.4355044169 
 37.2759372031  30.2341343964 
 42.9193426013  30.4065625525 
 49.4171336132  30.4346807621 
 56.8986602902  30.4385713003 
 65.512855686  30.4390370052 
 75.4312006335  30.4390851954 
 86.8511373751  49.2660021739 
 100.0  69.350382189 
3237.45754282 50 
 0.1  0.1 
 0.115139539933  0.115139539933 
 0.132571136559  0.13257113656 
 0.152641796718  0.152641796718 
 0.175751062485  0.175751062487 
 0.202358964773  0.202358964774 
 0.232995181052  0.232995181054 
 0.268269579528  0.268269579531 
 0.308884359648  0.308884359652 
 0.355648030622  0.355648030628 
 0.409491506238  0.409491506247 
 0.471486636346  0.471486636361 
 0.542867543932  0.542867543957 
 0.625055192527  0.62505519257 
 0.719685673001  0.719685673065 
 0.828642772855  0.828642772966 
 0.95409547635  0.954095476564 
 1.09854114199  1.09854114242 
 1.26485521686  1.26485521773 
 1.4563484775  1.4563484793 
 1.67683293681  1.67683294006 
 1.93069772888  1.93069773468 
 2.22299648253  2.22299648516 
 2.5595479227  2.55954792608 
 2.94705170255  2.94705170507 
 3.3932217719  3.39322176823 
 3.90693993705  3.90693990858 
 4.49843266897  4.49843257848 
 5.17947467923  5.17947446786 
 5.96362331659  5.96362269987 
 6.86648845004  6.86648664939 
 7.90604321091  7.90603779391 
 9.10298177992  9.10296504638 
 10.4811313415  10.48107736 
 12.0679264064  12.0677447971 
 13.8949549437  13.8943095055 
 15.9985871961  15.9961393058 
 18.4206996933  18.4107505393 
 21.2095088792  21.1661276858 
 24.4205309455  24.2207751861 
 28.1176869797  27.2244002963 
 32.3745754282  29.2642159055 
 37.2759372031  30.0013176552 
 42.9193426013  30.1581093894 
 49.4171336132  30.1835923398 
 56.8986602902  30.1871154911 
 65.512855686  30.1875374256 
 75.4312006335  51.5323824409 
 86.8511373751  66.8546840932 
 100.0  82.9953028987 
5428.67543932 50 
 0.1  0.100000000001 
 0.115139539933  0.115139539934 
 0.132571136559  0.13257113656 
 0.152641796718  0.152641796719 
 0.175751062485  0.175751062487 
 0.202358964773  0.202358964775 
 0.232995181052  0.232995181055 
 0.268269579528  0.268269579533 
 0.308884359648  0.308884359655 
 0.355648030622  0.355648030634 
 0.409491506238  0.409491506255 
 0.471486636346  0.471486636373 
 0.542867543932  0.542867543969 
 0.625055192527  0.625055192587 
 0.719685673001  0.719685673104 
 0.828642772855  0.828642773048 
 0.95409547635  0.954095476721 
 1.09854114199  1.09854114268 
 1.26485521686  1.26485521821 
 1.4563484775  1.45634848056 
 1.67683293681  1.67683294141 
 1.93069772888  1.93069773014 
 2.22299648253  2.22299648189 
 2.5595479227  2.5595479262 
 2.94705170255  2.9470517029 
 3.3932217719  3.39322176992 
 3.90693993705  3.9069399054 
 4.49843266897  4.49843258686 
 5.17947467923  5.17947444929 
 5.96362331659  5.96362270068 
 6.86648845004  6.86648664969 
 7.90604321091  7.90603776816 
 9.10298177992  9.10296479145 
 10.4811313415  10.4810768138 
 12.0679264064  12.0677423522 
 13.8949549437  13.8942974952 
 15.9985871961  15.9960861862 
 18.4206996933  18.4104812123 
 21.2095088792  21.1646306593 
 24.4205309455  24.2121482966 
 28.1176869797  27.1805831498 
 32.3745754282  29.1283251678 
 37.2759372031  29.7909035689 
 42.9193426013  29.9319021739 
 49.4171336132  29.9551861644 
 56.8986602902  36.9910070605 
 65.512855686  49.9351154813 
 75.4312006335  62.2202802175 
 86.8511373751  75.5197060336 
 100.0  90.2177110159 
9102.98177992 50 
 0.1  0.100000000001 
 0.115139539933  0.115139539934 
 0.132571136559  0.132571136561 
 0.152641796718  0.15264179672 
 0.175751062485  0.175751062489 
 0.202358964773  0.202358964777 
 0.232995181052  0.232995181058 
 0.268269579528  0.268269579537 
 0.308884359648  0.308884359661 
 0.355648030622  0.355648030642 
 0.409491506238  0.409491506263 
 0.471486636346  0.471486636385 
 0.542867543932  0.542867543989 
 0.625055192527  0.625055192628 
 0.719685673001  0.719685673178 
 0.828642772855  0.828642773176 
 0.95409547635  0.954095476941 
 1.09854114199  1.0985411431 
 1.26485521686  1.26485521901 
 1.4563484775  1.45634848132 
 1.67683293681  1.67683293746 
 1.93069772888  1.93069773197 
 2.22299648253  2.22299648848 
 2.5595479227  2.559547925 
 2.94705170255  2.94705170035 
 3.3932217719  3.3932217641 
 3.90693993705  3.9069399095 
 4.49843266897  4.49843258811 
 5.17947467923  5.17947444664 
 5.96362331659  5.9636226997 
 6.86648845004  6.86648662649 
 7.90604321091  7.90603775832 
 9.10298177992  9.10296470431 
 10.4811313415  10.4810763669 
 12.0679264064  12.0677404722 
 13.8949549437  13.8942907942 
 15.9985871961  15.9960542618 
 18.4206996933  18.4103192401 
 21.2095088792  21.1637381387 
 24.4205309455  24.207023503 
 28.1176869797  27.1549388261 
 32.3745754282  29.0517504052 
 37.2759372031  29.6640758716 
 42.9193426013  29.7719382304 
 49.4171336132  38.411119367 
 56.8986602902  46.6546261431 
 65.512855686  56.7133856111 
 75.4312006335  67.8409567227 
 86.8511373751  80.2723774766 
 100.0  94.2796664628 
15264.1796718 50 
 0.1  0.100000000003 
 0.115139539933  0.115139539936 
 0.132571136559  0.132571136563 
 0.152641796718  0.152641796723 
 0.175751062485  0.175751062492 
 0.202358964773  0.202358964781 
 0.232995181052  0.232995181063 
 0.268269579528  0.268269579544 
 0.308884359648  0.308884359671 
 0.355648030622  0.35564803065 
 0.409491506238  0.409491506278 
 0.471486636346  0.471486636406 
 0.542867543932  0.542867544028 
 0.625055192527  0.625055192702 
 0.719685673001  0.719685673306 
 0.828642772855  0.828642773375 
 0.95409547635  0.954095477335 
 1.09854114199  1.09854114377 
 1.26485521686  1.26485521924 
 1.4563484775  1.45634847807 
 1.67683293681  1.67683294091 
 1.93069772888  1.93069773058 
 2.22299648253  2.22299648945 
 2.5595479227  2.55954792963 
 2.94705170255  2.94705170373 
 3.3932217719  3.39322175839 
 3.90693993705  3.90693992767 
 4.49843266897  4.49843258358 
 5.17947467923  5.17947443995 
 5.96362331659  5.96362269256 
 6.86648845004  6.86648662978 
 7.90604321091  7.90603771381 
 9.10298177992  9.10296468769 
 10.4811313415  10.4810760291 
 12.0679264064  12.0677397419 
 13.8949549437  13.8942865386 
 15.9985871961  15.9960353375 
 18.4206996933  18.4102223675 
 21.2095088792  21.1632057279 
 24.4205309455  24.2039726418 
 28.1176869797  27.1398129619 
 32.3745754282  29.0077987752 
 37.2759372031  29.5959011149 
 42.9193426013  38.8597617521 
 49.4171336132  45.5863150999 
 56.8986602902  52.3771517102 
 65.512855686  60.4173946196 
 75.4312006335  70.9954186091 
 86.8511373751  82.9861018029 
 100.0  96.6264531706 
25595.479227 50 
 0.1  0.100000000005 
 0.115139539933  0.115139539938 
 0.132571136559  0.132571136566 
 0.152641796718  0.152641796726 
 0.175751062485  0.175751062497 
 0.202358964773  0.202358964787 
 0.232995181052  0.232995181071 
 0.268269579528  0.268269579555 
 0.308884359648  0.308884359677 
 0.355648030622  0.355648030664 
 0.409491506238  0.4094915063 
 0.471486636346  0.471486636441 
 0.542867543932  0.542867544082 
 0.625055192527  0.625055192812 
 0.719685673001  0.719685673552 
 0.828642772855  0.828642773791 
 0.95409547635  0.954095477778 
 1.09854114199  1.09854114317 
 1.26485521686  1.26485521752 
 1.4563484775  1.45634848064 
 1.67683293681  1.6768329371 
 1.93069772888  1.93069773186 
 2.22299648253  2.22299648781 
 2.5595479227  2.55954792745 
 2.94705170255  2.94705169677 
 3.3932217719  3.39322176848 
 3.90693993705  3.90693991542 
 4.49843266897  4.49843257949 
 5.17947467923  5.1794745013 
 5.96362331659  5.9636226945 
 6.86648845004  6.86648655597 
 7.90604321091  7.90603771391 
 9.10298177992  9.10296460525 
 10.4811313415  10.4810758676 
 12.0679264064  12.0677394313 
 13.8949549437  13.8942840823 
 15.9985871961  15.9960241788 
 18.4206996933  18.4101648432 
 21.2095088792  21.1628877689 
 24.4205309455  24.2021588581 
 28.1176869797  27.1308527006 
 32.3745754282  28.9821552261 
 37.2759372031  29.5571685772 
 42.9193426013  41.6545232448 
 49.4171336132  48.0273110711 
 56.8986602902  55.2345204173 
 65.512855686  63.5019215353 
 75.4312006335  72.9991026325 
 86.8511373751  84.5659168618 
 100.0  98.0011212673 
42919.3426013 50 
 0.1  0.100000000008 
 0.115139539933  0.115139539942 
 0.132571136559  0.13257113657 
 0.152641796718  0.152641796732 
 0.175751062485  0.175751062503 
 0.202358964773  0.202358964796 
 0.232995181052  0.232995181083 
 0.268269579528  0.268269579571 
 0.308884359648  0.308884359708 
 0.355648030622  0.355648030711 
 0.409491506238  0.409491506334 
 0.471486636346  0.471486636493 
 0.542867543932  0.542867544165 
 0.625055192527  0.625055193022 
 0.719685673001  0.719685673908 
 0.828642772855  0.828642774058 
 0.95409547635  0.95409547818 
 1.09854114199  1.09854114286 
 1.26485521686  1.26485521955 
 1.4563484775  1.4563484781 
 1.67683293681  1.67683293779 
 1.93069772888  1.93069773229 
 2.22299648253  2.22299648573 
 2.5595479227  2.55954792964 
 2.94705170255  2.94705169455 
 3.3932217719  3.39322175619 
 3.90693993705  3.90693990428 
 4.49843266897  4.4984325907 
 5.17947467923  5.1794744358 
 5.96362331659  5.96362269262 
 6.86648845004  6.86648660964 
 7.90604321091  7.906037713 
 9.10298177992  9.10296454503 
 10.4811313415  10.4810758869 
 12.0679264064  12.0677388655 
 13.8949549437  13.8942831394 
 15.9985871961  15.9960169859 
 18.4206996933  18.4101303067 
 21.2095088792  21.1626984667 
 24.4205309455  24.2010738523 
 28.1176869797  27.1255271538 
 32.3745754282  28.9670572984 
 37.2759372031  36.6595592163 
 42.9193426013  42.4865537893 
 49.4171336132  48.9193163021 
 56.8986602902  56.299423548 
 65.512855686  64.7879293585 
 75.4312006335  74.5538044541 
 86.8511373751  85.789179551 
 100.0  98.8124627736 
71968.5673001 50 
 0.1  0.100000000012 
 0.115139539933  0.115139539947 
 0.132571136559  0.132571136577 
 0.152641796718  0.15264179674 
 0.175751062485  0.175751062514 
 0.202358964773  0.20235896481 
 0.232995181052  0.232995181101 
 0.268269579528  0.268269579596 
 0.308884359648  0.308884359744 
 0.355648030622  0.355648030763 
 0.409491506238  0.409491506451 
 0.471486636346  0.471486636576 
 0.542867543932  0.542867544215 
 0.625055192527  0.625055193338 
 0.719685673001  0.719685674336 
 0.828642772855  0.828642774318 
 0.95409547635  0.954095477385 
 1.09854114199  1.09854114287 
 1.26485521686  1.26485521782 
 1.4563484775  1.45634847796 
 1.67683293681  1.67683294121 
 1.93069772888  1.93069773291 
 2.22299648253  2.22299648931 
 2.5595479227  2.55954792824 
 2.94705170255  2.94705170665 
 3.3932217719  3.39322177008 
 3.90693993705  3.90693990831 
 4.49843266897  4.4984325953 
 5.17947467923  5.17947442838 
 5.96362331659  5.96362267592 
 6.86648845004  6.86648661568 
 7.90604321091  7.906037673 
 9.10298177992  9.1029644704 
 10.4811313415  10.4810758247 
 12.0679264064  12.0677386285 
 13.8949549437  13.8942819337 
 15.9985871961  15.9960135318 
 18.4206996933  18.4101099801 
 21.2095088792  21.1625855659 
 24.4205309455  24.2004311184 
 28.1176869797  27.1223594139 
 32.3745754282  28.9581186558 
 37.2759372031  37.1134626737 
 42.9193426013  42.768510453 
 49.4171336132  49.2397669953 
 56.8986602902  56.6846095531 
 65.512855686  65.2537870582 
 75.4312006335  75.117559039 
 86.8511373751  86.4714205054 
 100.0  99.5402903386 
120679.264064 50 
 0.1  0.10000000002 
 0.115139539933  0.115139539956 
 0.132571136559  0.132571136588 
 0.152641796718  0.152641796753 
 0.175751062485  0.175751062531 
 0.202358964773  0.202358964832 
 0.232995181052  0.232995181131 
 0.268269579528  0.268269579637 
 0.308884359648  0.308884359803 
 0.355648030622  0.355648030851 
 0.409491506238  0.409491506598 
 0.471486636346  0.471486636972 
 0.542867543932  0.542867545338 
 0.625055192527  0.625055206739 
 0.719685673001  0.719685673008 
 0.828642772855  0.828642773046 
 0.95409547635  0.954095480882 
 1.09854114199  1.09854114375 
 1.26485521686  1.26485521813 
 1.4563484775  1.45634848091 
 1.67683293681  1.67683293983 
 1.93069772888  1.93069773355 
 2.22299648253  2.22299648877 
 2.5595479227  2.55954792516 
 2.94705170255  2.94705170678 
 3.3932217719  3.39322176917 
 3.90693993705  3.90693992928 
 4.49843266897  4.4984326061 
 5.17947467923  5.17947448803 
 5.96362331659  5.96362262278 
 6.86648845004  6.86648661324 
 7.90604321091  7.90603768038 
 9.10298177992  9.10296455136 
 10.4811313415  10.4810755826 
 12.0679264064  12.0677385039 
 13.8949549437  13.8942815844 
 15.9985871961  15.9960106651 
 18.4206996933  18.4100979808 
 21.2095088792  21.1625177753 
 24.4205309455  24.2000421752 
 28.1176869797  27.1204718884 
 32.3745754282  28.9528107258 
 37.2759372031  37.2252967379 
 42.9193426013  42.8663410065 
 49.4171336132  49.3540464885 
 56.8986602902  56.822418737 
 65.512855686  65.4205598327 
 75.4312006335  75.3194514237 
 86.8511373751  86.7158330087 
 100.0  99.8361756523 
202358.964773 50 
 0.1  0.100000000031 
 0.115139539933  0.11513953997 
 0.132571136559  0.132571136605 
 0.152641796718  0.152641796774 
 0.175751062485  0.175751062558 
 0.202358964773  0.202358964867 
 0.232995181052  0.232995181179 
 0.268269579528  0.268269579705 
 0.308884359648  0.308884359908 
 0.355648030622  0.355648031035 
 0.409491506238  0.40949150701 
 0.471486636346  0.471486638691 
 0.542867543932  0.542867543942 
 0.625055192527  0.625055192567 
 0.719685673001  0.719685673249 
 0.828642772855  0.828642772905 
 0.95409547635  0.954095477016 
 1.09854114199  1.0985411438 
 1.26485521686  1.26485521977 
 1.4563484775  1.45634847882 
 1.67683293681  1.67683293635 
 1.93069772888  1.93069773487 
 2.22299648253  2.22299648694 
 2.5595479227  2.55954792214 
 2.94705170255  2.94705170095 
 3.3932217719  3.39322175897 
 3.90693993705  3.90693989832 
 4.49843266897  4.49843256964 
 5.17947467923  5.17947443561 
 5.96362331659  5.96362264698 
 6.86648845004  6.86648659523 
 7.90604321091  7.90603763544 
 9.10298177992  9.10296448981 
 10.4811313415  10.4810757707 
 12.0679264064  12.0677382909 
 13.8949549437  13.8942812867 
 15.9985871961  15.9960092171 
 18.4206996933  18.4100895995 
 21.2095088792  21.1624776345 
 24.4205309455  24.1998126698 
 28.1176869797  27.1193476516 
 32.3745754282  32.3394301417 
 37.2759372031  37.2591397917 
 42.9193426013  42.9006296707 
 49.4171336132  49.3947033242 
 56.8986602902  56.8715314369 
 65.512855686  65.4800108319 
 75.4312006335  75.3914314998 
 86.8511373751  86.8029838369 
 100.0  99.941694419 
339322.17719 50 
 0.1  0.100000000049 
 0.115139539933  0.115139539992 
 0.132571136559  0.132571136631 
 0.152641796718  0.152641796808 
 0.175751062485  0.175751062602 
 0.202358964773  0.202358964927 
 0.232995181052  0.232995181266 
 0.268269579528  0.268269579847 
 0.308884359648  0.308884360189 
 0.355648030622  0.355648031884 
 0.409491506238  0.409491506374 
 0.471486636346  0.471486636349 
 0.542867543932  0.542867544012 
 0.625055192527  0.625055192968 
 0.719685673001  0.719685673092 
 0.828642772855  0.82864277291 
 0.95409547635  0.954095476455 
 1.09854114199  1.0985411435 
 1.26485521686  1.26485522054 
 1.4563484775  1.4563484794 
 1.67683293681  1.67683293814 
 1.93069772888  1.9306977332 
 2.22299648253  2.22299648439 
 2.5595479227  2.55954791828 
 2.94705170255  2.94705170615 
 3.3932217719  3.3932217733 
 3.90693993705  3.9069399214 
 4.49843266897  4.49843259558 
 5.17947467923  5.17947442302 
 5.96362331659  5.96362259818 
 6.86648845004  6.86648649025 
 7.90604321091  7.90603773457 
 9.10298177992  9.10296448022 
 10.4811313415  10.481075685 
 12.0679264064  12.0677384658 
 13.8949549437  13.8942810452 
 15.9985871961  15.996007826 
 18.4206996933  18.4100862247 
 21.2095088792  21.1624542979 
 24.4205309455  24.1996760611 
 28.1176869797  27.1186774561 
 32.3745754282  32.3673201101 
 37.2759372031  37.2701928003 
 42.9193426013  42.9127167127 
 49.4171336132  49.4091587446 
 56.8986602902  56.889010418 
 65.512855686  65.5011719633 
 75.4312006335  75.4170535619 
 86.8511373751  86.8340075114 
 100.0  99.9792584468 
568986.602902 50 
 0.1  0.100000000079 
 0.115139539933  0.115139540028 
 0.132571136559  0.132571136676 
 0.152641796718  0.152641796867 
 0.175751062485  0.175751062686 
 0.202358964773  0.202358965057 
 0.232995181052  0.232995181511 
 0.268269579528  0.268269580503 
 0.308884359648  0.308884359876 
 0.355648030622  0.355648030626 
 0.409491506238  0.409491506273 
 0.471486636346  0.471486636486 
 0.542867543932  0.54286754395 
 0.625055192527  0.62505519288 
 0.719685673001  0.719685674231 
 0.828642772855  0.82864277395 
 0.95409547635  0.954095476779 
 1.09854114199  1.09854114332 
 1.26485521686  1.26485521997 
 1.4563484775  1.45634847832 
 1.67683293681  1.67683294062 
 1.93069772888  1.93069772917 
 2.22299648253  2.22299648489 
 2.5595479227  2.55954793276 
 2.94705170255  2.94705170126 
 3.3932217719  3.3932217539 
 3.90693993705  3.90693989668 
 4.49843266897  4.49843264085 
 5.17947467923  5.17947441737 
 5.96362331659  5.96362261241 
 6.86648845004  6.8664865518 
 7.90604321091  7.90603769294 
 9.10298177992  9.10296460125 
 10.4811313415  10.481075697 
 12.0679264064  12.0677383695 
 13.8949549437  13.8942808941 
 15.9985871961  15.9960074087 
 18.4206996933  18.4100823685 
 21.2095088792  21.1624398225 
 24.4205309455  24.199597144 
 28.1176869797  27.1182775135 
 32.3745754282  32.3725092866 
 37.2759372031  37.2739399553 
 42.9193426013  42.9169923831 
 49.4171336132  49.4142980126 
 56.8986602902  56.8952281755 
 65.512855686  65.5087000787 
 75.4312006335  75.4261688436 
 86.8511373751  86.8450446475 
 100.0  99.9926226384 
954095.47635 50 
 0.1  0.10000000013 
 0.115139539933  0.115139540094 
 0.132571136559  0.132571136769 
 0.152641796718  0.152641797011 
 0.175751062485  0.175751062956 
 0.202358964773  0.202358965805 
 0.232995181052  0.232995181133 
 0.268269579528  0.268269579531 
 0.308884359648  0.30888435967 
 0.355648030622  0.3556480307 
 0.409491506238  0.409491506758 
 0.471486636346  0.471486636399 
 0.542867543932  0.542867544141 
 0.625055192527  0.625055193269 
 0.719685673001  0.719685674346 
 0.828642772855  0.828642773562 
 0.95409547635  0.954095483977 
 1.09854114199  1.09854114243 
 1.26485521686  1.26485521797 
 1.4563484775  1.45634847926 
 1.67683293681  1.67683293675 
 1.93069772888  1.93069772992 
 2.22299648253  2.22299648029 
 2.5595479227  2.5595479242 
 2.94705170255  2.94705171113 
 3.3932217719  3.39322176904 
 3.90693993705  3.90693989341 
 4.49843266897  4.49843258558 
 5.17947467923  5.17947440776 
 5.96362331659  5.96362263361 
 6.86648845004  6.86648661472 
 7.90604321091  7.90603767021 
 9.10298177992  9.10296455937 
 10.4811313415  10.4810758468 
 12.0679264064  12.067738501 
 13.8949549437  13.8942808594 
 15.9985871961  15.99600716 
 18.4206996933  18.4100815878 
 21.2095088792  21.1624323163 
 24.4205309455  24.1995447135 
 28.1176869797  28.1144271125 
 32.3745754282  32.3739185936 
 37.2759372031  37.2752362465 
 42.9193426013  42.9185080864 
 49.4171336132  49.4161252913 
 56.8986602902  56.8974396539 
 65.512855686  65.5113777135 
 75.4312006335  75.4294110353 
 86.8511373751  86.8489704421 
 100.0  99.9973761712 
1599858.71961 50 
 0.1  0.100000000254 
 0.115139539933  0.115139540295 
 0.132571136559  0.132571137175 
 0.152641796718  0.152641798836 
 0.175751062485  0.175751062489 
 0.202358964773  0.202358964774 
 0.232995181052  0.232995181072 
 0.268269579528  0.268269579588 
 0.308884359648  0.308884359908 
 0.355648030622  0.355648030648 
 0.409491506238  0.409491507352 
 0.471486636346  0.471486636465 
 0.542867543932  0.542867544166 
 0.625055192527  0.625055192863 
 0.719685673001  0.71968567423 
 0.828642772855  0.828642774291 
 0.95409547635  0.954095477444 
 1.09854114199  1.09854114436 
 1.26485521686  1.26485521805 
 1.4563484775  1.45634847911 
 1.67683293681  1.6768329416 
 1.93069772888  1.93069773482 
 2.22299648253  2.222996486 
 2.5595479227  2.55954793169 
 2.94705170255  2.94705170893 
 3.3932217719  3.39322176826 
 3.90693993705  3.90693991203 
 4.49843266897  4.49843261048 
 5.17947467923  5.17947441473 
 5.96362331659  5.96362263233 
 6.86648845004  6.86648659734 
 7.90604321091  7.90603768858 
 9.10298177992  9.10296456216 
 10.4811313415  10.4810756116 
 12.0679264064  12.0677386027 
 13.8949549437  13.8942813625 
 15.9985871961  15.9960071268 
 18.4206996933  18.4100811137 
 21.2095088792  21.1624253626 
 24.4205309455  24.1995152849 
 28.1176869797  28.1173460585 
 32.3745754282  32.3743557202 
 37.2759372031  37.2756898541 
 42.9193426013  42.9190460918 
 49.4171336132  49.4167750403 
 56.8986602902  56.8982261736 
 65.512855686  65.5123300432 
 75.4312006335  75.4305641599 
 86.8511373751  86.8503667013 
 100.0  99.9990668298 
2682695.79528 50 
 0.1  0.100000001688 
 0.115139539933  0.115139539936 
 0.132571136559  0.132571136561 
 0.152641796718  0.152641796725 
 0.175751062485  0.175751062511 
 0.202358964773  0.202358964834 
 0.232995181052  0.232995181348 
 0.268269579528  0.268269579548 
 0.308884359648  0.308884359961 
 0.355648030622  0.355648030677 
 0.409491506238  0.409491506701 
 0.471486636346  0.471486636458 
 0.542867543932  0.542867544293 
 0.625055192527  0.625055192684 
 0.719685673001  0.719685673677 
 0.828642772855  0.828642774055 
 0.95409547635  0.954095477878 
 1.09854114199  1.0985411435 
 1.26485521686  1.26485521796 
 1.4563484775  1.45634847904 
 1.67683293681  1.67683293651 
 1.93069772888  1.9306977343 
 2.22299648253  2.22299648642 
 2.5595479227  2.55954792548 
 2.94705170255  2.94705169593 
 3.3932217719  3.39322176408 
 3.90693993705  3.90693990002 
 4.49843266897  4.49843257241 
 5.17947467923  5.17947441296 
 5.96362331659  5.96362262927 
 6.86648845004  6.86648655574 
 7.90604321091  7.90603766894 
 9.10298177992  9.10296457477 
 10.4811313415  10.4810756518 
 12.0679264064  12.0677384599 
 13.8949549437  13.8942809772 
 15.9985871961  15.996007432 
 18.4206996933  18.4100798877 
 21.2095088792  21.1624234641 
 24.4205309455  24.1994979367 
 28.1176869797  28.1176016016 
 32.3745754282  32.374499969 
 37.2759372031  37.2758496414 
 42.9193426013  42.9192372087 
 49.4171336132  49.4170060951 
 56.8986602902  56.8985058979 
 65.512855686  65.5126687416 
 75.4312006335  75.4309742721 
 86.8511373751  86.8508632854 
 100.0  99.9996681185 
4498432.66897 50 
 0.1  0.100000000006 
 0.115139539933  0.115139539951 
 0.132571136559  0.132571136597 
 0.152641796718  0.152641796808 
 0.175751062485  0.175751062558 
 0.202358964773  0.202358964795 
 0.232995181052  0.232995181642 
 0.268269579528  0.26826957957 
 0.308884359648  0.308884359909 
 0.355648030622  0.355648030689 
 0.409491506238  0.409491506416 
 0.471486636346  0.471486636606 
 0.542867543932  0.542867544118 
 0.625055192527  0.625055192846 
 0.719685673001  0.719685673448 
 0.828642772855  0.828642773385 
 0.95409547635  0.9540954773 
 1.09854114199  1.09854114235 
 1.26485521686  1.26485521828 
 1.4563484775  1.45634847992 
 1.67683293681  1.67683293975 
 1.93069772888  1.93069773163 
 2.22299648253  2.22299648742 
 2.5595479227  2.5595479212 
 2.94705170255  2.94705171131 
 3.3932217719  3.39322176855 
 3.90693993705  3.90693989742 
 4.49843266897  4.49843256984 
 5.17947467923  5.17947441183 
 5.96362331659  5.9636226801 
 6.86648845004  6.8664865977 
 7.90604321091  7.90603766279 
 9.10298177992  9.10296452483 
 10.4811313415  10.4810755543 
 12.0679264064  12.0677381173 
 13.8949549437  13.8942804382 
 15.9985871961  15.996007094 
 18.4206996933  18.4100793207 
 21.2095088792  21.1624203461 
 24.4205309455  24.1994894214 
 28.1176869797  28.1176611747 
 32.3745754282  32.3745491288 
 37.2759372031  37.2759061478 
 42.9193426013  42.9193051314 
 49.4171336132  49.4170882633 
 56.8986602902  56.898605381 
 65.512855686  65.5127891995 
 75.4312006335  75.4311201284 
 86.8511373751  86.8510398955 
 100.0  99.9998819668 
7543120.06335 50 
 0.1  0.100000000076 
 0.115139539933  0.115139540426 
 0.132571136559  0.132571136571 
 0.152641796718  0.152641796768 
 0.175751062485  0.175751062543 
 0.202358964773  0.202358964824 
 0.232995181052  0.23299518132 
 0.268269579528  0.26826957958 
 0.308884359648  0.308884359768 
 0.355648030622  0.355648030992 
 0.409491506238  0.409491506402 
 0.471486636346  0.471486636558 
 0.542867543932  0.542867544093 
 0.625055192527  0.625055193422 
 0.719685673001  0.719685673606 
 0.828642772855  0.828642773399 
 0.95409547635  0.954095476372 
 1.09854114199  1.09854114371 
 1.26485521686  1.26485521887 
 1.4563484775  1.45634847883 
 1.67683293681  1.67683293788 
 1.93069772888  1.93069773446 
 2.22299648253  2.22299648031 
 2.5595479227  2.55954793081 
 2.94705170255  2.94705170732 
 3.3932217719  3.39322176461 
 3.90693993705  3.90693992338 
 4.49843266897  4.4984325966 
 5.17947467923  5.17947444547 
 5.96362331659  5.96362269086 
 6.86648845004  6.86648661304 
 7.90604321091  7.90603763983 
 9.10298177992  9.10296455756 
 10.4811313415  10.4810757134 
 12.0679264064  12.0677382108 
 13.8949549437  13.8942810351 
 15.9985871961  15.9960071494 
 18.4206996933  18.4100792672 
 21.2095088792  21.1624188529 
 24.4205309455  24.4205146995 
 28.1176869797  28.11767856 
 32.3745754282  32.3745661852 
 37.2759372031  37.2759261765 
 42.9193426013  42.9193292779 
 49.4171336132  49.417117485 
 56.8986602902  56.8986407619 
 65.512855686  65.5128320402 
 75.4312006335  75.4311720021 
 86.8511373751  86.8511027067 
 100.0  99.9999580217 
12648552.1686 50 
 0.1  0.10000000004 
 0.115139539933  0.115139540037 
 0.132571136559  0.132571136584 
 0.152641796718  0.152641796809 
 0.175751062485  0.175751062511 
 0.202358964773  0.202358964823 
 0.232995181052  0.232995181157 
 0.268269579528  0.268269579813 
 0.308884359648  0.308884359675 
 0.355648030622  0.355648030718 
 0.409491506238  0.409491506716 
 0.471486636346  0.471486636431 
 0.542867543932  0.542867544169 
 0.625055192527  0.625055192753 
 0.719685673001  0.719685673588 
 0.828642772855  0.82864277338 
 0.95409547635  0.9540954778 
 1.09854114199  1.09854114342 
 1.26485521686  1.26485521842 
 1.4563484775  1.45634847885 
 1.67683293681  1.67683293903 
 1.93069772888  1.93069773111 
 2.22299648253  2.22299648772 
 2.5595479227  2.55954793114 
 2.94705170255  2.94705170465 
 3.3932217719  3.39322176171 
 3.90693993705  3.90693987935 
 4.49843266897  4.4984325773 
 5.17947467923  5.17947441625 
 5.96362331659  5.96362265109 
 6.86648845004  6.86648660037 
 7.90604321091  7.90603769001 
 9.10298177992  9.10296448678 
 10.4811313415  10.4810757037 
 12.0679264064  12.067738314 
 13.8949549437  13.8942809362 
 15.9985871961  15.9960077113 
 18.4206996933  18.4100786475 
 21.2095088792  21.1624186916 
 24.4205309455  24.4205274431 
 28.1176869797  28.1176841269 
 32.3745754282  32.3745721639 
 37.2759372031  37.2759332854 
 42.9193426013  42.9193378634 
 49.4171336132  49.4171278773 
 56.8986602902  56.898653345 
 65.512855686  65.5128472764 
 75.4312006335  75.4311904508 
 86.8511373751  86.8511250454 
 100.0  99.9999850705 
21209508.8792 50 
 0.1  0.100000000076 
 0.115139539933  0.115139540237 
 0.132571136559  0.132571136592 
 0.152641796718  0.152641796777 
 0.175751062485  0.175751062603 
 0.202358964773  0.202358965091 
 0.232995181052  0.232995181127 
 0.268269579528  0.268269579602 
 0.308884359648  0.308884359992 
 0.355648030622  0.355648030921 
 0.409491506238  0.409491506483 
 0.471486636346  0.471486636491 
 0.542867543932  0.542867544157 
 0.625055192527  0.625055192709 
 0.719685673001  0.719685673025 
 0.828642772855  0.828642773895 
 0.95409547635  0.954095478201 
 1.09854114199  1.09854114456 
 1.26485521686  1.26485521782 
 1.4563484775  1.45634847915 
 1.67683293681  1.67683293791 
 1.93069772888  1.93069773039 
 2.22299648253  2.22299648021 
 2.5595479227  2.55954793228 
 2.94705170255  2.94705169937 
 3.3932217719  3.39322176567 
 3.90693993705  3.90693991238 
 4.49843266897  4.49843257734 
 5.17947467923  5.17947442942 
 5.96362331659  5.96362268361 
 6.86648845004  6.86648648761 
 7.90604321091  7.90603763879 
 9.10298177992  9.10296452237 
 10.4811313415  10.4810756539 
 12.0679264064  12.067738185 
 13.8949549437  13.8942805559 
 15.9985871961  15.9960076118 
 18.4206996933  18.4100798056 
 21.2095088792  21.1624177684 
 24.4205309455  24.420529926 
 28.1176869797  28.1176859927 
 32.3745754282  32.3745742721 
 37.2759372031  37.2759358106 
 42.9193426013  42.9193409164 
 49.4171336132  49.4171315733 
 56.8986602902  56.8986578201 
 65.512855686  65.5128526951 
 75.4312006335  75.4311970121 
 86.8511373751  86.8511329901 
 100.0  99.9999946904 
35564803.0622 50 
 0.1  0.100000000051 
 0.115139539933  0.11513954002 
 0.132571136559  0.132571136736 
 0.152641796718  0.152641797017 
 0.175751062485  0.175751062612 
 0.202358964773  0.202358964864 
 0.232995181052  0.232995182368 
 0.268269579528  0.268269579559 
 0.308884359648  0.308884359789 
 0.355648030622  0.355648030672 
 0.409491506238  0.409491506314 
 0.471486636346  0.471486636574 
 0.542867543932  0.54286754418 
 0.625055192527  0.625055195697 
 0.719685673001  0.719685675423 
 0.828642772855  0.828642773769 
 0.95409547635  0.954095476791 
 1.09854114199  1.0985411435 
 1.26485521686  1.26485521728 
 1.4563484775  1.4563484789 
 1.67683293681  1.67683293801 
 1.93069772888  1.93069773016 
 2.22299648253  2.22299648364 
 2.5595479227  2.55954792876 
 2.94705170255  2.94705170006 
 3.3932217719  3.39322176605 
 3.90693993705  3.90693989534 
 4.49843266897  4.49843262236 
 5.17947467923  5.17947450737 
 5.96362331659  5.9636226386 
 6.86648845004  6.86648661019 
 7.90604321091  7.9060376866 
 9.10298177992  9.10296447724 
 10.4811313415  10.4810755075 
 12.0679264064  12.0677377967 
 13.8949549437  13.8942808891 
 15.9985871961  15.996007547 
 18.4206996933  18.410079395 
 21.2095088792  21.2095081637 
 24.4205309455  24.4205306215 
 28.1176869797  28.1176866343 
 32.3745754282  32.374575018 
 37.2759372031  37.2759367081 
 42.9193426013  42.9193420021 
 49.4171336132  49.4171328877 
 56.8986602902  56.8986594117 
 65.512855686  65.5128546223 
 75.4312006335  75.4311993456 
 86.8511373751  86.8511358156 
 100.0  99.9999981116 
59636233.1659 50 
 0.1  0.100000000237 
 0.115139539933  0.115139539975 
 0.132571136559  0.132571136603 
 0.152641796718  0.152641796782 
 0.175751062485  0.175751062486 
 0.202358964773  0.20235896481 
 0.232995181052  0.232995181195 
 0.268269579528  0.268269579566 
 0.308884359648  0.308884359729 
 0.355648030622  0.355648030821 
 0.409491506238  0.409491506562 
 0.471486636346  0.471486636582 
 0.542867543932  0.542867544144 
 0.625055192527  0.625055192823 
 0.719685673001  0.719685673932 
 0.828642772855  0.828642773447 
 0.95409547635  0.954095478078 
 1.09854114199  1.09854114375 
 1.26485521686  1.26485521834 
 1.4563484775  1.45634847905 
 1.67683293681  1.67683293991 
 1.93069772888  1.93069773353 
 2.22299648253  2.22299648433 
 2.5595479227  2.55954791802 
 2.94705170255  2.94705169734 
 3.3932217719  3.39322176223 
 3.90693993705  3.90693992787 
 4.49843266897  4.49843258888 
 5.17947467923  5.17947440584 
 5.96362331659  5.96362264909 
 6.86648845004  6.86648646778 
 7.90604321091  7.90603766927 
 9.10298177992  9.10296450502 
 10.4811313415  10.4810755299 
 12.0679264064  12.0677377543 
 13.8949549437  13.8942803544 
 15.9985871961  15.996007232 
 18.4206996933  18.4100792643 
 21.2095088792  21.2095087421 
 24.4205309455  24.420530838 
 28.1176869797  28.117686858 
 32.3745754282  32.3745752825 
 37.2759372031  37.2759370271 
 42.9193426013  42.9193423882 
 49.4171336132  49.4171333552 
 56.8986602902  56.8986599778 
 65.512855686  65.5128553077 
 75.4312006335  75.4312001755 
 86.8511373751  86.8511368205 
 100.0  99.9999993284 
100000000.0 50 
 0.1  0.100000000154 
 0.115139539933  0.115139540035 
 0.132571136559  0.132571136801 
 0.152641796718  0.152641796745 
 0.175751062485  0.175751062701 
 0.202358964773  0.202358964809 
 0.232995181052  0.232995181097 
 0.268269579528  0.268269579681 
 0.308884359648  0.308884360147 
 0.355648030622  0.355648030722 
 0.409491506238  0.409491506444 
 0.471486636346  0.471486636655 
 0.542867543932  0.542867544119 
 0.625055192527  0.625055192717 
 0.719685673001  0.719685673788 
 0.828642772855  0.828642773115 
 0.95409547635  0.954095478535 
 1.09854114199  1.09854114243 
 1.26485521686  1.26485521894 
 1.4563484775  1.45634847927 
 1.67683293681  1.67683293788 
 1.93069772888  1.93069772794 
 2.22299648253  2.22299648574 
 2.5595479227  2.55954792529 
 2.94705170255  2.94705171033 
 3.3932217719  3.39322176673 
 3.90693993705  3.90693991062 
 4.49843266897  4.49843257399 
 5.17947467923  5.17947450569 
 5.96362331659  5.96362271964 
 6.86648845004  6.86648661321 
 7.90604321091  7.90603761381 
 9.10298177992  9.10296452668 
 10.4811313415  10.4810756772 
 12.0679264064  12.0677381377 
 13.8949549437  13.8942806371 
 15.9985871961  15.996006877 
 18.4206996933  18.4100789721 
 21.2095088792  21.2095088404 
 24.4205309455  24.4205309085 
 28.1176869797  28.1176869367 
 32.3745754282  32.3745753764 
 37.2759372031  37.2759371405 
 42.9193426013  42.9193425255 
 49.4171336132  49.4171335215 
 56.8986602902  56.8986601791 
 65.512855686  65.5128555514 
 75.4312006335  75.4312004706 
 86.8511373751  86.8511371779 
 100.0  99.9999997611 
