0.001 50 
 0.1  0.1 
 0.115139539933  0.115139539933 
 0.132571136559  0.132571136559 
 0.152641796718  0.152641796718 
 0.175751062485  0.175751062485 
 0.202358964773  0.202358964773 
 0.232995181052  0.232995181052 
 0.268269579528  0.268269579528 
 0.308884359648  0.308884359648 
 0.355648030622  0.355648030622 
 0.409491506238  0.409491506238 
 0.471486636346  0.471486636346 
 0.542867543932  0.542867543932 
 0.625055192527  0.625055192527 
 0.719685673001  0.719685673001 
 0.828642772855  0.828642772855 
 0.95409547635  0.95409547635 
 1.09854114199  1.09854114199 
 1.26485521686  1.26485521686 
 1.4563484775  1.4563484775 
 1.67683293681  1.67683293681 
 1.93069772888  1.93069772888 
 2.22299648253  2.22299648253 
 2.5595479227  2.5595479227 
 2.94705170255  2.94705170255 
 3.3932217719  3.39322177189 
 3.90693993705  3.90693993703 
 4.49843266897  4.49843266889 
 5.17947467923  5.17947467893 
 5.96362331659  5.96362331529 
 6.86648845004  6.86648844384 
 7.90604321091  7.90604317849 
 9.10298177992  9.10298159241 
 10.4811313415  10.4811301338 
 12.0679264064  12.0679176889 
 13.8949549437  13.8948839673 
 15.9985871961  15.9979310562 
 18.4206996933  18.4137806861 
 21.2095088792  21.1278938101 
 24.4205309455  23.5812609632 
 28.1176869797  24.4428179233 
 32.3745754282  24.527872092 
 37.2759372031  24.5328684824 
 42.9193426013  24.5330977636 
 49.4171336132  24.5331226223 
 56.8986602902  24.5331246765 
 65.512855686  24.5331199263 
 75.4312006335  24.53312232 
 86.8511373751  24.5331278513 
 100.0  24.5331208789 
0.00167683293681 50 
 0.1  0.1 
 0.115139539933  0.115139539933 
 0.132571136559  0.132571136559 
 0.152641796718  0.152641796718 
 0.175751062485  0.175751062485 
 0.202358964773  0.202358964773 
 0.232995181052  0.232995181052 
 0.268269579528  0.268269579528 
 0.308884359648  0.308884359648 
 0.355648030622  0.355648030622 
 0.409491506238  0.409491506238 
 0.471486636346  0.471486636346 
 0.542867543932  0.542867543932 
 0.625055192527  0.625055192527 
 0.719685673001  0.719685673001 
 0.828642772855  0.828642772855 
 0.95409547635  0.95409547635 
 1.09854114199  1.09854114199 
 1.26485521686  1.26485521686 
 1.4563484775  1.4563484775 
 1.67683293681  1.67683293681 
 1.93069772888  1.93069772888 
 2.22299648253  2.22299648253 
 2.5595479227  2.5595479227 
 2.94705170255  2.94705170255 
 3.3932217719  3.39322177189 
 3.90693993705  3.90693993702 
 4.49843266897  4.49843266884 
 5.17947467923  5.17947467873 
 5.96362331659  5.9636233144 
 6.86648845004  6.86648843959 
 7.90604321091  7.90604315624 
 9.10298177992  9.10298146338 
 10.4811313415  10.4811293005 
 12.0679264064  12.0679116558 
 13.8949549437  13.8948346761 
 15.9985871961  15.9974737497 
 18.4206996933  18.4089594602 
 21.2095088792  21.0736675441 
 24.4205309455  23.2105103709 
 28.1176869797  23.7851690219 
 32.3745754282  23.8344765851 
 37.2759372031  23.8373071718 
 42.9193426013  23.837432534 
 49.4171336132  23.8374414979 
 56.8986602902  23.8374406042 
 65.512855686  23.8374463242 
 75.4312006335  23.837454442 
 86.8511373751  23.837453335 
 100.0  23.8374171425 
0.00281176869797 50 
 0.1  0.1 
 0.115139539933  0.115139539933 
 0.132571136559  0.132571136559 
 0.152641796718  0.152641796718 
 0.175751062485  0.175751062485 
 0.202358964773  0.202358964773 
 0.232995181052  0.232995181052 
 0.268269579528  0.268269579528 
 0.308884359648  0.308884359648 
 0.355648030622  0.355648030622 
 0.409491506238  0.409491506238 
 0.471486636346  0.471486636346 
 0.542867543932  0.542867543932 
 0.625055192527  0.625055192527 
 0.719685673001  0.719685673001 
 0.828642772855  0.828642772855 
 0.95409547635  0.95409547635 
 1.09854114199  1.09854114199 
 1.26485521686  1.26485521686 
 1.4563484775  1.4563484775 
 1.67683293681  1.67683293681 
 1.93069772888  1.93069772888 
 2.22299648253  2.22299648253 
 2.5595479227  2.5595479227 
 2.94705170255  2.94705170255 
 3.3932217719  3.39322177188 
 3.90693993705  3.906939937 
 4.49843266897  4.49843266876 
 5.17947467923  5.17947467838 
 5.96362331659  5.96362331288 
 6.86648845004  6.86648843237 
 7.90604321091  7.90604311835 
 9.10298177992  9.10298124318 
 10.4811313415  10.4811278745 
 12.0679264064  12.0679012988 
 13.8949549437  13.894749755 
 15.9985871961  15.9966830387 
 18.4206996933  18.4006297453 
 21.2095088792  20.9846109862 
 24.4205309455  22.7484376 
 28.1176869797  23.1099092497 
 32.3745754282  23.137815592 
 37.2759372031  23.139381299 
 42.9193426013  23.1394738022 
 49.4171336132  23.1394663256 
 56.8986602902  23.1394630823 
 65.512855686  23.1394614146 
 75.4312006335  23.1394621498 
 86.8511373751  23.1394524547 
 100.0  23.1394497142 
0.00471486636346 50 
 0.1  0.1 
 0.115139539933  0.115139539933 
 0.132571136559  0.132571136559 
 0.152641796718  0.152641796718 
 0.175751062485  0.175751062485 
 0.202358964773  0.202358964773 
 0.232995181052  0.232995181052 
 0.268269579528  0.268269579528 
 0.308884359648  0.308884359648 
 0.355648030622  0.355648030622 
 0.409491506238  0.409491506238 
 0.471486636346  0.471486636346 
 0.542867543932  0.542867543932 
 0.625055192527  0.625055192527 
 0.719685673001  0.719685673001 
 0.828642772855  0.828642772855 
 0.95409547635  0.95409547635 
 1.09854114199  1.09854114199 
 1.26485521686  1.26485521686 
 1.4563484775  1.4563484775 
 1.67683293681  1.67683293681 
 1.93069772888  1.93069772888 
 2.22299648253  2.22299648253 
 2.5595479227  2.5595479227 
 2.94705170255  2.94705170254 
 3.3932217719  3.39322177187 
 3.90693993705  3.90693993696 
 4.49843266897  4.49843266863 
 5.17947467923  5.17947467779 
 5.96362331659  5.9636233103 
 6.86648845004  6.86648842 
 7.90604321091  7.90604305321 
 9.10298177992  9.10298086315 
 10.4811313415  10.4811254026 
 12.0679264064  12.0678832556 
 13.8949549437  13.8946009818 
 15.9985871961  15.9952901745 
 18.4206996933  18.3859917063 
 21.2095088792  20.8405819849 
 24.4205309455  22.2020551236 
 28.1176869797  22.4166018927 
 32.3745754282  22.4319094301 
 37.2759372031  22.4327673719 
 42.9193426013  22.4328088952 
 49.4171336132  22.4328058853 
 56.8986602902  22.4327999497 
 65.512855686  22.4328113807 
 75.4312006335  22.4328091396 
 86.8511373751  22.4328136315 
 100.0  22.4328059792 
0.00790604321091 50 
 0.1  0.1 
 0.115139539933  0.115139539933 
 0.132571136559  0.132571136559 
 0.152641796718  0.152641796718 
 0.175751062485  0.175751062485 
 0.202358964773  0.202358964773 
 0.232995181052  0.232995181052 
 0.268269579528  0.268269579528 
 0.308884359648  0.308884359648 
 0.355648030622  0.355648030622 
 0.409491506238  0.409491506238 
 0.471486636346  0.471486636346 
 0.542867543932  0.542867543932 
 0.625055192527  0.625055192527 
 0.719685673001  0.719685673001 
 0.828642772855  0.828642772855 
 0.95409547635  0.95409547635 
 1.09854114199  1.09854114199 
 1.26485521686  1.26485521686 
 1.4563484775  1.4563484775 
 1.67683293681  1.67683293681 
 1.93069772888  1.93069772888 
 2.22299648253  2.22299648252 
 2.5595479227  2.55954792269 
 2.94705170255  2.94705170254 
 3.3932217719  3.39322177185 
 3.90693993705  3.90693993691 
 4.49843266897  4.49843266839 
 5.17947467923  5.17947467677 
 5.96362331659  5.96362330582 
 6.86648845004  6.86648839852 
 7.90604321091  7.90604293947 
 9.10298177992  9.10298019557 
 10.4811313415  10.4811210307 
 12.0679264064  12.0678510988 
 13.8949549437  13.8943335997 
 15.9985871961  15.9927671755 
 18.4206996933  18.3596541693 
 21.2095088792  20.6137498886 
 24.4205309455  21.5808729872 
 28.1176869797  21.7008013676 
 32.3745754282  21.7088724627 
 37.2759372031  21.7093158165 
 42.9193426013  21.7093316067 
 49.4171336132  21.7093348263 
 56.8986602902  21.7093240247 
 65.512855686  21.7093365322 
 75.4312006335  21.7093347072 
 86.8511373751  21.7093340762 
 100.0  21.709332258 
0.0132571136559 50 
 0.1  0.1 
 0.115139539933  0.115139539933 
 0.132571136559  0.132571136559 
 0.152641796718  0.152641796718 
 0.175751062485  0.175751062485 
 0.202358964773  0.202358964773 
 0.232995181052  0.232995181052 
 0.268269579528  0.268269579528 
 0.308884359648  0.308884359648 
 0.355648030622  0.355648030622 
 0.409491506238  0.409491506238 
 0.471486636346  0.471486636346 
 0.542867543932  0.542867543932 
 0.625055192527  0.625055192527 
 0.719685673001  0.719685673001 
 0.828642772855  0.828642772855 
 0.95409547635  0.95409547635 
 1.09854114199  1.09854114199 
 1.26485521686  1.26485521686 
 1.4563484775  1.4563484775 
 1.67683293681  1.67683293681 
 1.93069772888  1.93069772888 
 2.22299648253  2.22299648252 
 2.5595479227  2.55954792269 
 2.94705170255  2.94705170253 
 3.3932217719  3.39322177182 
 3.90693993705  3.90693993682 
 4.49843266897  4.49843266792 
 5.17947467923  5.17947467498 
 5.96362331659  5.96362329794 
 6.86648845004  6.8664883604 
 7.90604321091  7.90604273605 
 9.10298177992  9.10297899083 
 10.4811313415  10.4811130616 
 12.0679264064  12.0677918318 
 13.8949549437  13.8938349255 
 15.9985871961  15.9880143044 
 18.4206996933  18.3109036833 
 21.2095088792  20.2717294374 
 24.4205309455  20.892746653 
 28.1176869797  20.9555866491 
 32.3745754282  20.9596327274 
 37.2759372031  20.9598504136 
 42.9193426013  20.9598547797 
 49.4171336132  20.9598606423 
 56.8986602902  20.9598585601 
 65.512855686  20.959857881 
 75.4312006335  20.9598592647 
 86.8511373751  20.9598554188 
 100.0  20.9598645007 
0.0222299648253 50 
 0.1  0.1 
 0.115139539933  0.115139539933 
 0.132571136559  0.132571136559 
 0.152641796718  0.152641796718 
 0.175751062485  0.175751062485 
 0.202358964773  0.202358964773 
 0.232995181052  0.232995181052 
 0.268269579528  0.268269579528 
 0.308884359648  0.308884359648 
 0.355648030622  0.355648030622 
 0.409491506238  0.409491506238 
 0.471486636346  0.471486636346 
 0.542867543932  0.542867543932 
 0.625055192527  0.625055192527 
 0.719685673001  0.719685673001 
 0.828642772855  0.828642772855 
 0.95409547635  0.95409547635 
 1.09854114199  1.09854114199 
 1.26485521686  1.26485521686 
 1.4563484775  1.4563484775 
 1.67683293681  1.67683293681 
 1.93069772888  1.93069772888 
 2.22299648253  2.22299648252 
 2.5595479227  2.55954792269 
 2.94705170255  2.94705170251 
 3.3932217719  3.39322177178 
 3.90693993705  3.90693993666 
 4.49843266897  4.49843266713 
 5.17947467923  5.17947467178 
 5.96362331659  5.96362328367 
 6.86648845004  6.8664882906 
 7.90604321091  7.90604235924 
 9.10298177992  9.10297673081 
 10.4811313415  10.4810979044 
 12.0679264064  12.0676774246 
 13.8949549437  13.892857523 
 15.9985871961  15.978601181 
 18.4206996933  18.2184111239 
 21.2095088792  19.7882004548 
 24.4205309455  20.1432793353 
 28.1176869797  20.1739825931 
 32.3745754282  20.17589406 
 37.2759372031  20.1759932085 
 42.9193426013  20.1759968587 
 49.4171336132  20.1760003279 
 56.8986602902  20.1759971322 
 65.512855686  20.175998954 
 75.4312006335  20.1759967502 
 86.8511373751  20.1759984226 
 100.0  20.1759989998 
0.0372759372031 50 
 0.1  0.1 
 0.115139539933  0.115139539933 
 0.132571136559  0.132571136559 
 0.152641796718  0.152641796718 
 0.175751062485  0.175751062485 
 0.202358964773  0.202358964773 
 0.232995181052  0.232995181052 
 0.268269579528  0.268269579528 
 0.308884359648  0.308884359648 
 0.355648030622  0.355648030622 
 0.409491506238  0.409491506238 
 0.471486636346  0.471486636346 
 0.542867543932  0.542867543932 
 0.625055192527  0.625055192527 
 0.719685673001  0.719685673001 
 0.828642772855  0.828642772855 
 0.95409547635  0.95409547635 
 1.09854114199  1.09854114199 
 1.26485521686  1.26485521686 
 1.4563484775  1.4563484775 
 1.67683293681  1.67683293681 
 1.93069772888  1.93069772888 
 2.22299648253  2.22299648252 
 2.5595479227  2.55954792268 
 2.94705170255  2.94705170249 
 3.3932217719  3.39322177165 
 3.90693993705  3.90693993633 
 4.49843266897  4.49843266569 
 5.17947467923  5.17947466581 
 5.96362331659  5.96362325674 
 6.86648845004  6.86648815703 
 7.90604321091  7.90604162703 
 9.10298177992  9.10297226665 
 10.4811313415  10.4810674439 
 12.0679264064  12.0674433548 
 13.8949549437  13.890823084 
 15.9985871961  15.9588975753 
 18.4206996933  18.0426466656 
 21.2095088792  19.158088268 
 24.4205309455  19.3380492662 
 28.1176869797  19.3520111304 
 32.3745754282  19.3528619967 
 37.2759372031  19.3529067486 
 42.9193426013  19.3529083745 
 49.4171336132  19.3529090047 
 56.8986602902  19.3529074566 
 65.512855686  19.3529076427 
 75.4312006335  19.3529053869 
 86.8511373751  19.3529081402 
 100.0  19.352906562 
0.0625055192527 50 
 0.1  0.1 
 0.115139539933  0.115139539933 
 0.132571136559  0.132571136559 
 0.152641796718  0.152641796718 
 0.175751062485  0.175751062485 
 0.202358964773  0.202358964773 
 0.232995181052  0.232995181052 
 0.268269579528  0.268269579528 
 0.308884359648  0.308884359648 
 0.355648030622  0.355648030622 
 0.409491506238  0.409491506238 
 0.471486636346  0.471486636346 
 0.542867543932  0.542867543932 
 0.625055192527  0.625055192527 
 0.719685673001  0.719685673001 
 0.828642772855  0.828642772855 
 0.95409547635  0.95409547635 
 1.09854114199  1.09854114199 
 1.26485521686  1.26485521686 
 1.4563484775  1.4563484775 
 1.67683293681  1.67683293681 
 1.93069772888  1.93069772888 
 2.22299648253  2.22299648252 
 2.5595479227  2.55954792267 
 2.94705170255  2.94705170245 
 3.3932217719  3.39322177168 
 3.90693993705  3.9069399357 
 4.49843266897  4.49843266291 
 5.17947467923  5.17947465414 
 5.96362331659  5.96362320316 
 6.86648845004  6.86648788659 
 7.90604321091  7.90604011636 
 9.10298177992  9.10296288471 
 10.4811313415  10.4810021848 
 12.0679264064  12.0669322564 
 13.8949549437  13.8863088531 
 15.9985871961  15.9156344662 
 18.4206996933  17.7250015456 
 21.2095088792  18.4036242184 
 24.4205309455  18.4853325672 
 28.1176869797  18.4912664557 
 32.3745754282  18.4916208316 
 37.2759372031  18.4916380553 
 42.9193426013  18.4916401971 
 49.4171336132  18.491641482 
 56.8986602902  18.4916375523 
 65.512855686  18.4916374109 
 75.4312006335  18.4916374502 
 86.8511373751  18.4916371649 
 100.0  18.4916362228 
0.104811313415 50 
 0.1  0.1 
 0.115139539933  0.115139539933 
 0.132571136559  0.132571136559 
 0.152641796718  0.152641796718 
 0.175751062485  0.175751062485 
 0.202358964773  0.202358964773 
 0.232995181052  0.232995181052 
 0.268269579528  0.268269579528 
 0.308884359648  0.308884359648 
 0.355648030622  0.355648030622 
 0.409491506238  0.409491506238 
 0.471486636346  0.471486636346 
 0.542867543932  0.542867543932 
 0.625055192527  0.625055192527 
 0.719685673001  0.719685673001 
 0.828642772855  0.828642772855 
 0.95409547635  0.95409547635 
 1.09854114199  1.09854114199 
 1.26485521686  1.26485521686 
 1.4563484775  1.4563484775 
 1.67683293681  1.67683293681 
 1.93069772888  1.93069772888 
 2.22299648253  2.22299648252 
 2.5595479227  2.55954792265 
 2.94705170255  2.9470517023 
 3.3932217719  3.39322177143 
 3.90693993705  3.90693993403 
 4.49843266897  4.49843265724 
 5.17947467923  5.17947462988 
 5.96362331659  5.96362308965 
 6.86648845004  6.86648730242 
 7.90604321091  7.90603678921 
 9.10298177992  9.10294182192 
 10.4811313415  10.4808529009 
 12.0679264064  12.0657425855 
 13.8949549437  13.875696637 
 15.9985871961  15.8188572135 
 18.4206996933  17.2156520844 
 21.2095088792  17.5631436635 
 24.4205309455  17.5971012697 
 28.1176869797  17.5994793307 
 32.3745754282  17.5996199149 
 37.2759372031  17.5996258645 
 42.9193426013  17.5996260531 
 49.4171336132  17.5996262016 
 56.8986602902  17.5996259402 
 65.512855686  17.599626179 
 75.4312006335  17.5996259544 
 86.8511373751  17.5996262122 
 100.0  17.5996259596 
0.175751062485 50 
 0.1  0.1 
 0.115139539933  0.115139539933 
 0.132571136559  0.132571136559 
 0.152641796718  0.152641796718 
 0.175751062485  0.175751062485 
 0.202358964773  0.202358964773 
 0.232995181052  0.232995181052 
 0.268269579528  0.268269579528 
 0.308884359648  0.308884359648 
 0.355648030622  0.355648030622 
 0.409491506238  0.409491506238 
 0.471486636346  0.471486636346 
 0.542867543932  0.542867543932 
 0.625055192527  0.625055192527 
 0.719685673001  0.719685673001 
 0.828642772855  0.828642772855 
 0.95409547635  0.95409547635 
 1.09854114199  1.09854114199 
 1.26485521686  1.26485521685 
 1.4563484775  1.4563484775 
 1.67683293681  1.67683293681 
 1.93069772888  1.93069772888 
 2.22299648253  2.22299648252 
 2.5595479227  2.55954792258 
 2.94705170255  2.94705170261 
 3.3932217719  3.39322177022 
 3.90693993705  3.90693993095 
 4.49843266897  4.49843264489 
 5.17947467923  5.17947457602 
 5.96362331659  5.96362283223 
 6.86648845004  6.86648595554 
 7.90604321091  7.90602898481 
 9.10298177992  9.10289152107 
 10.4811313415  10.4804906629 
 12.0679264064  12.0628180297 
 13.8949549437  13.849728183 
 15.9985871961  15.611238602 
 18.4206996933  16.5218369634 
 21.2095088792  16.6746087019 
 24.4205309455  16.6878418477 
 28.1176869797  16.6887520504 
 32.3745754282  16.6888056857 
 37.2759372031  16.6888079967 
 42.9193426013  16.6888076234 
 49.4171336132  16.6888073024 
 56.8986602902  16.6888079157 
 65.512855686  16.6888075824 
 75.4312006335  16.68880872 
 86.8511373751  16.6888080204 
 100.0  16.6888078137 
0.294705170255 50 
 0.1  0.1 
 0.115139539933  0.115139539933 
 0.132571136559  0.132571136559 
 0.152641796718  0.152641796718 
 0.175751062485  0.175751062485 
 0.202358964773  0.202358964773 
 0.232995181052  0.232995181052 
 0.268269579528  0.268269579528 
 0.308884359648  0.308884359648 
 0.355648030622  0.355648030622 
 0.409491506238  0.409491506238 
 0.471486636346  0.471486636346 
 0.542867543932  0.542867543932 
 0.625055192527  0.625055192527 
 0.719685673001  0.719685673001 
 0.828642772855  0.828642772855 
 0.95409547635  0.95409547635 
 1.09854114199  1.09854114199 
 1.26485521686  1.26485521685 
 1.4563484775  1.4563484775 
 1.67683293681  1.6768329368 
 1.93069772888  1.9306977289 
 2.22299648253  2.22299648249 
 2.5595479227  2.55954792293 
 2.94705170255  2.94705170153 
 3.3932217719  3.39322176836 
 3.90693993705  3.90693992392 
 4.49843266897  4.4984326162 
 5.17947467923  5.17947444864 
 5.96362331659  5.96362221333 
 6.86648845004  6.86648266482 
 7.90604321091  7.90600962755 
 9.10298177992  9.10276510101 
 10.4811313415  10.4795695143 
 12.0679264064  12.0553395506 
 13.8949549437  13.785680516 
 15.9985871961  15.2206761378 
 18.4206996933  15.7069332228 
 21.2095088792  15.7673694457 
 24.4205309455  15.7723093993 
 28.1176869797  15.77264685 
 32.3745754282  15.7726666963 
 37.2759372031  15.7726678015 
 42.9193426013  15.7726674932 
 49.4171336132  15.7726676943 
 56.8986602902  15.772666869 
 65.512855686  15.7726679001 
 75.4312006335  15.7726663194 
 86.8511373751  15.772667034 
 100.0  15.7726678452 
0.494171336132 50 
 0.1  0.1 
 0.115139539933  0.115139539933 
 0.132571136559  0.132571136559 
 0.152641796718  0.152641796718 
 0.175751062485  0.175751062485 
 0.202358964773  0.202358964773 
 0.232995181052  0.232995181052 
 0.268269579528  0.268269579528 
 0.308884359648  0.308884359648 
 0.355648030622  0.355648030622 
 0.409491506238  0.409491506238 
 0.471486636346  0.471486636346 
 0.542867543932  0.542867543932 
 0.625055192527  0.625055192527 
 0.719685673001  0.719685673001 
 0.828642772855  0.828642772855 
 0.95409547635  0.95409547635 
 1.09854114199  1.09854114199 
 1.26485521686  1.26485521686 
 1.4563484775  1.4563484775 
 1.67683293681  1.67683293682 
 1.93069772888  1.93069772891 
 2.22299648253  2.2229964824 
 2.5595479227  2.55954792331 
 2.94705170255  2.9470517003 
 3.3932217719  3.39322176394 
 3.90693993705  3.90693990692 
 4.49843266897  4.49843254557 
 5.17947467923  5.17947413026 
 5.96362331659  5.96362065389 
 6.86648845004  6.86647424865 
 7.90604321091  7.90595958034 
 9.10298177992  9.10243520111 
 10.4811313415  10.4771499365 
 12.0679264064  12.0358426992 
 13.8949549437  13.6351965722 
 15.9985871961  14.623162526 
 18.4206996933  14.8394845661 
 21.2095088792  14.8620222428 
 24.4205309455  14.8638232696 
 28.1176869797  14.8639462661 
 32.3745754282  14.8639536486 
 37.2759372031  14.8639541625 
 42.9193426013  14.8639536093 
 49.4171336132  14.8639535596 
 56.8986602902  14.8639535912 
 65.512855686  14.8639536593 
 75.4312006335  14.8639536034 
 86.8511373751  14.8639536293 
 100.0  14.8639536814 
0.828642772855 50 
 0.1  0.1 
 0.115139539933  0.115139539933 
 0.132571136559  0.132571136559 
 0.152641796718  0.152641796718 
 0.175751062485  0.175751062485 
 0.202358964773  0.202358964773 
 0.232995181052  0.232995181052 
 0.268269579528  0.268269579528 
 0.308884359648  0.308884359648 
 0.355648030622  0.355648030622 
 0.409491506238  0.409491506238 
 0.471486636346  0.471486636346 
 0.542867543932  0.542867543932 
 0.625055192527  0.625055192527 
 0.719685673001  0.719685673001 
 0.828642772855  0.828642772855 
 0.95409547635  0.95409547635 
 1.09854114199  1.09854114199 
 1.26485521686  1.26485521686 
 1.4563484775  1.45634847749 
 1.67683293681  1.67683293688 
 1.93069772888  1.93069772888 
 2.22299648253  2.22299648204 
 2.5595479227  2.55954792113 
 2.94705170255  2.94705169725 
 3.3932217719  3.39322175284 
 3.90693993705  3.9069398632 
 4.49843266897  4.49843236438 
 5.17947467923  5.17947330615 
 5.96362331659  5.96361656315 
 6.86648845004  6.86645201998 
 7.90604321091  7.9058265089 
 9.10298177992  9.10155342006 
 10.4811313415  10.4706860515 
 12.0679264064  11.9855501299 
 13.8949549437  13.3268211243 
 15.9985871961  13.8797771594 
 18.4206996933  13.9651512826 
 21.2095088792  13.973368785 
 24.4205309455  13.9740239664 
 28.1176869797  13.9740690991 
 32.3745754282  13.9740717176 
 37.2759372031  13.9740719474 
 42.9193426013  13.9740716458 
 49.4171336132  13.9740716336 
 56.8986602902  13.9740712687 
 65.512855686  13.9740712594 
 75.4312006335  13.9740714294 
 86.8511373751  13.9740716253 
 100.0  13.9740717614 
1.38949549437 50 
 0.1  0.1 
 0.115139539933  0.115139539933 
 0.132571136559  0.132571136559 
 0.152641796718  0.152641796718 
 0.175751062485  0.175751062485 
 0.202358964773  0.202358964773 
 0.232995181052  0.232995181052 
 0.268269579528  0.268269579528 
 0.308884359648  0.308884359648 
 0.355648030622  0.355648030622 
 0.409491506238  0.409491506238 
 0.471486636346  0.471486636346 
 0.542867543932  0.542867543932 
 0.625055192527  0.625055192527 
 0.719685673001  0.719685673001 
 0.828642772855  0.828642772855 
 0.95409547635  0.954095476351 
 1.09854114199  1.09854114199 
 1.26485521686  1.26485521686 
 1.4563484775  1.45634847748 
 1.67683293681  1.67683293693 
 1.93069772888  1.93069772873 
 2.22299648253  2.22299648134 
 2.5595479227  2.55954791885 
 2.94705170255  2.94705168912 
 3.3932217719  3.39322172391 
 3.90693993705  3.90693975015 
 4.49843266897  4.49843188404 
 5.17947467923  5.17947110678 
 5.96362331659  5.96360559752 
 6.86648845004  6.86639217297 
 7.90604321091  7.90546722964 
 9.10298177992  9.09917333673 
 10.4811313415  10.4534747192 
 12.0679264064  11.8638913317 
 13.8949549437  12.8226452319 
 15.9985871961  13.0788387122 
 18.4206996933  13.1110333254 
 21.2095088792  13.1140738284 
 24.4205309455  13.1143205487 
 28.1176869797  13.1143377878 
 32.3745754282  13.1143388962 
 37.2759372031  13.1143389565 
 42.9193426013  13.1143389645 
 49.4171336132  13.1143387757 
 56.8986602902  13.1143389819 
 65.512855686  13.1143389493 
 75.4312006335  13.1143386961 
 86.8511373751  13.1143390258 
 100.0  13.1143388131 
2.32995181052 50 
 0.1  0.1 
 0.115139539933  0.115139539933 
 0.132571136559  0.132571136559 
 0.152641796718  0.152641796718 
 0.175751062485  0.175751062485 
 0.202358964773  0.202358964773 
 0.232995181052  0.232995181052 
 0.268269579528  0.268269579528 
 0.308884359648  0.308884359648 
 0.355648030622  0.355648030622 
 0.409491506238  0.409491506238 
 0.471486636346  0.471486636346 
 0.542867543932  0.542867543932 
 0.625055192527  0.625055192527 
 0.719685673001  0.719685673001 
 0.828642772855  0.828642772856 
 0.95409547635  0.95409547635 
 1.09854114199  1.098541142 
 1.26485521686  1.26485521685 
 1.4563484775  1.45634847748 
 1.67683293681  1.67683293689 
 1.93069772888  1.93069772794 
 2.22299648253  2.22299647953 
 2.5595479227  2.55954791284 
 2.94705170255  2.94705166838 
 3.3932217719  3.39322164658 
 3.90693993705  3.90693944508 
 4.49843266897  4.49843058809 
 5.17947467923  5.17946515947 
 5.96362331659  5.96357591484 
 6.86648845004  6.86623024866 
 7.90604321091  7.90449793895 
 9.10298177992  9.09281372344 
 10.4811313415  10.4094147061 
 12.0679264064  11.6117784393 
 13.8949549437  12.1780399971 
 15.9985871961  12.2852543423 
 18.4206996933  12.2977440498 
 21.2095088792  12.2989525636 
 24.4205309455  12.299054706 
 28.1176869797  12.2990624414 
 32.3745754282  12.2990630352 
 37.2759372031  12.299063193 
 42.9193426013  12.2990627317 
 49.4171336132  12.2990628556 
 56.8986602902  12.2990628378 
 65.512855686  12.2990628608 
 75.4312006335  12.2990629198 
 86.8511373751  12.2990628334 
 100.0  12.299063196 
3.90693993705 50 
 0.1  0.1 
 0.115139539933  0.115139539933 
 0.132571136559  0.132571136559 
 0.152641796718  0.152641796718 
 0.175751062485  0.175751062485 
 0.202358964773  0.202358964773 
 0.232995181052  0.232995181052 
 0.268269579528  0.268269579528 
 0.308884359648  0.308884359648 
 0.355648030622  0.355648030622 
 0.409491506238  0.409491506238 
 0.471486636346  0.471486636346 
 0.542867543932  0.542867543932 
 0.625055192527  0.625055192528 
 0.719685673001  0.719685673001 
 0.828642772855  0.828642772857 
 0.95409547635  0.954095476348 
 1.09854114199  1.09854114201 
 1.26485521686  1.26485521683 
 1.4563484775  1.45634847784 
 1.67683293681  1.67683293604 
 1.93069772888  1.93069772643 
 2.22299648253  2.22299647467 
 2.5595479227  2.55954789666 
 2.94705170255  2.94705161196 
 3.3932217719  3.3932214374 
 3.90693993705  3.90693861865 
 4.49843266897  4.49842708675 
 5.17947467923  5.17944912534 
 5.96362331659  5.96349628175 
 6.86648845004  6.86579944969 
 7.90604321091  7.90195461762 
 9.10298177992  9.07661827115 
 10.4811313415  10.308397064 
 12.0679264064  11.2069492589 
 13.8949549437  11.4976079081 
 15.9985871961  11.5435314444 
 18.4206996933  11.5489586574 
 21.2095088792  11.5495163737 
 24.4205309455  11.5495673014 
 28.1176869797  11.5495714337 
 32.3745754282  11.5495717467 
 37.2759372031  11.5495715389 
 42.9193426013  11.549571766 
 49.4171336132  11.5495716384 
 56.8986602902  11.5495717129 
 65.512855686  11.5495716469 
 75.4312006335  11.5495717074 
 86.8511373751  11.5495717232 
 100.0  11.5495717104 
6.5512855686 50 
 0.1  0.1 
 0.115139539933  0.115139539933 
 0.132571136559  0.132571136559 
 0.152641796718  0.152641796718 
 0.175751062485  0.175751062485 
 0.202358964773  0.202358964773 
 0.232995181052  0.232995181052 
 0.268269579528  0.268269579528 
 0.308884359648  0.308884359648 
 0.355648030622  0.355648030622 
 0.409491506238  0.409491506238 
 0.471486636346  0.471486636346 
 0.542867543932  0.542867543933 
 0.625055192527  0.625055192528 
 0.719685673001  0.719685673003 
 0.828642772855  0.828642772858 
 0.95409547635  0.954095476341 
 1.09854114199  1.09854114201 
 1.26485521686  1.26485521666 
 1.4563484775  1.45634847686 
 1.67683293681  1.67683293476 
 1.93069772888  1.93069772237 
 2.22299648253  2.22299646152 
 2.5595479227  2.5595478529 
 2.94705170255  2.94705145885 
 3.3932217719  3.39322087463 
 3.90693993705  3.90693640844 
 4.49843266897  4.49841780498 
 5.17947467923  5.17940718871 
 5.96362331659  5.96329174069 
 6.86648845004  6.86471975397 
 7.90604321091  7.89580451483 
 9.10298177992  9.0400906923 
 10.4811313415  10.122531817 
 12.0679264064  10.7205079637 
 13.8949549437  10.8688053313 
 15.9985871961  10.891342589 
 18.4206996933  10.8941677849 
 21.2095088792  10.8944800346 
 24.4205309455  10.8945106411 
 28.1176869797  10.8945132463 
 32.3745754282  10.894513443 
 37.2759372031  10.8945133366 
 42.9193426013  10.8945134155 
 49.4171336132  10.8945134224 
 56.8986602902  10.894513335 
 65.512855686  10.8945133563 
 75.4312006335  10.8945133573 
 86.8511373751  10.8945131717 
 100.0  10.8945133563 
10.9854114199 50 
 0.1  0.1 
 0.115139539933  0.115139539933 
 0.132571136559  0.132571136559 
 0.152641796718  0.152641796718 
 0.175751062485  0.175751062485 
 0.202358964773  0.202358964773 
 0.232995181052  0.232995181052 
 0.268269579528  0.268269579528 
 0.308884359648  0.308884359648 
 0.355648030622  0.355648030622 
 0.409491506238  0.409491506238 
 0.471486636346  0.471486636346 
 0.542867543932  0.542867543933 
 0.625055192527  0.625055192528 
 0.719685673001  0.719685673008 
 0.828642772855  0.828642772854 
 0.95409547635  0.954095476423 
 1.09854114199  1.09854114184 
 1.26485521686  1.26485521631 
 1.4563484775  1.45634847579 
 1.67683293681  1.6768329309 
 1.93069772888  1.93069771142 
 2.22299648253  2.22299642624 
 2.5595479227  2.55954773201 
 2.94705170255  2.94705105849 
 3.3932217719  3.39321940504 
 3.90693993705  3.90693078047 
 4.49843266897  4.49839475251 
 5.17947467923  5.17930658186 
 5.96362331659  5.96282089617 
 6.86648845004  6.86235876803 
 7.90604321091  7.88324827706 
 9.10298177992  8.97415577903 
 10.4811313415  9.87058490113 
 12.0679264064  10.2583848035 
 13.8949549437  10.34301062 
 15.9985871961  10.3561465488 
 18.4206996933  10.3578856293 
 21.2095088792  10.3580879397 
 24.4205309455  10.3581087557 
 28.1176869797  10.3581104109 
 32.3745754282  10.3581105976 
 37.2759372031  10.3581105598 
 42.9193426013  10.3581105321 
 49.4171336132  10.3581105863 
 56.8986602902  10.35811061 
 65.512855686  10.3581105635 
 75.4312006335  10.3581105326 
 86.8511373751  10.3581106065 
 100.0  10.3581105979 
18.4206996933 50 
 0.1  0.1 
 0.115139539933  0.115139539933 
 0.132571136559  0.132571136559 
 0.152641796718  0.152641796718 
 0.175751062485  0.175751062485 
 0.202358964773  0.202358964773 
 0.232995181052  0.232995181052 
 0.268269579528  0.268269579528 
 0.308884359648  0.308884359648 
 0.355648030622  0.355648030622 
 0.409491506238  0.409491506238 
 0.471486636346  0.471486636346 
 0.542867543932  0.542867543934 
 0.625055192527  0.625055192528 
 0.719685673001  0.719685673013 
 0.828642772855  0.828642772844 
 0.95409547635  0.954095476447 
 1.09854114199  1.0985411416 
 1.26485521686  1.2648552154 
 1.4563484775  1.45634847297 
 1.67683293681  1.67683292217 
 1.93069772888  1.93069768184 
 2.22299648253  2.22299633539 
 2.5595479227  2.55954744056 
 2.94705170255  2.94705006916 
 3.3932217719  3.39321596165 
 3.90693993705  3.9069181223 
 4.49843266897  4.49834547166 
 5.17947467923  5.17910370089 
 5.96362331659  5.96193267334 
 6.86648845004  6.85822659815 
 7.90604321091  7.86320573297 
 9.10298177992  8.88407224086 
 10.4811313415  9.61150344457 
 12.0679264064  9.87713751079 
 13.8949549437  9.9321573811 
 15.9985871961  9.9408813376 
 18.4206996933  9.94207157314 
 21.2095088792  9.94221364651 
 24.4205309455  9.94222850097 
 28.1176869797  9.942229835 
 32.3745754282  9.94222979186 
 37.2759372031  9.94222995916 
 42.9193426013  9.942229941 
 49.4171336132  9.94222978451 
 56.8986602902  9.94222986599 
 65.512855686  9.94222975554 
 75.4312006335  9.942229803 
 86.8511373751  9.94222979222 
 100.0  9.94222995494 
30.8884359648 50 
 0.1  0.1 
 0.115139539933  0.115139539933 
 0.132571136559  0.132571136559 
 0.152641796718  0.152641796718 
 0.175751062485  0.175751062486 
 0.202358964773  0.202358964773 
 0.232995181052  0.232995181052 
 0.268269579528  0.268269579528 
 0.308884359648  0.308884359648 
 0.355648030622  0.355648030622 
 0.409491506238  0.409491506238 
 0.471486636346  0.471486636348 
 0.542867543932  0.542867543933 
 0.625055192527  0.625055192534 
 0.719685673001  0.71968567298 
 0.828642772855  0.828642772837 
 0.95409547635  0.954095476082 
 1.09854114199  1.09854114098 
 1.26485521686  1.26485521332 
 1.4563484775  1.45634846576 
 1.67683293681  1.67683289972 
 1.93069772888  1.93069761426 
 2.22299648253  2.22299612619 
 2.5595479227  2.55954679682 
 2.94705170255  2.94704801576 
 3.3932217719  3.3932091925 
 3.90693993705  3.90689482497 
 4.49843266897  4.49826138272 
 5.17947467923  5.17878177305 
 5.96362331659  5.96062208855 
 6.86648845004  6.85255449275 
 7.90604321091  7.83794776382 
 9.10298177992  8.78593097907 
 10.4811313415  9.38404246969 
 12.0679264064  9.57947038802 
 13.8949549437  9.61885300408 
 15.9985871961  9.62515418158 
 18.4206996933  9.62602493744 
 21.2095088792  9.62612980696 
 24.4205309455  9.62614085132 
 28.1176869797  9.62614183421 
 32.3745754282  9.62614184954 
 37.2759372031  9.62614183921 
 42.9193426013  9.62614193728 
 49.4171336132  9.6261419551 
 56.8986602902  9.62614195324 
 65.512855686  9.62614189852 
 75.4312006335  9.62614193761 
 86.8511373751  9.62614189328 
 100.0  9.62614191328 
51.7947467923 50 
 0.1  0.0999999999999 
 0.115139539933  0.115139539933 
 0.132571136559  0.132571136559 
 0.152641796718  0.152641796718 
 0.175751062485  0.175751062486 
 0.202358964773  0.202358964773 
 0.232995181052  0.232995181052 
 0.268269579528  0.268269579528 
 0.308884359648  0.308884359648 
 0.355648030622  0.355648030622 
 0.409491506238  0.409491506239 
 0.471486636346  0.471486636349 
 0.542867543932  0.54286754393 
 0.625055192527  0.625055192546 
 0.719685673001  0.719685672953 
 0.828642772855  0.828642772682 
 0.95409547635  0.954095475742 
 1.09854114199  1.0985411402 
 1.26485521686  1.26485520921 
 1.4563484775  1.45634845251 
 1.67683293681  1.67683286301 
 1.93069772888  1.93069748248 
 2.22299648253  2.22299575499 
 2.5595479227  2.55954564265 
 2.94705170255  2.94704464496 
 3.3932217719  3.39319879767 
 3.90693993705  3.90686141538 
 4.49843266897  4.49814801573 
 5.17947467923  5.17837212682 
 5.96362331659  5.95903821106 
 6.86648845004  6.84602402018 
 7.90604321091  7.81061344249 
 9.10298177992  8.69136160377 
 10.4811313415  9.19476152881 
 12.0679264064  9.34706908207 
 13.8949549437  9.37716860195 
 15.9985871961  9.38199343478 
 18.4206996933  9.38266309969 
 21.2095088792  9.38274412677 
 24.4205309455  9.38275269511 
 28.1176869797  9.38275343976 
 32.3745754282  9.38275342763 
 37.2759372031  9.38275349583 
 42.9193426013  9.38275346309 
 49.4171336132  9.3827534314 
 56.8986602902  9.38275343859 
 65.512855686  9.38275346489 
 75.4312006335  9.38275350458 
 86.8511373751  9.38275354319 
 100.0  9.38275354503 
86.8511373751 50 
 0.1  0.1 
 0.115139539933  0.115139539933 
 0.132571136559  0.132571136559 
 0.152641796718  0.152641796718 
 0.175751062485  0.175751062486 
 0.202358964773  0.202358964773 
 0.232995181052  0.232995181052 
 0.268269579528  0.268269579528 
 0.308884359648  0.308884359647 
 0.355648030622  0.355648030622 
 0.409491506238  0.409491506241 
 0.471486636346  0.471486636347 
 0.542867543932  0.542867543908 
 0.625055192527  0.625055192509 
 0.719685673001  0.719685672845 
 0.828642772855  0.828642772693 
 0.95409547635  0.954095475071 
 1.09854114199  1.09854113962 
 1.26485521686  1.26485519976 
 1.4563484775  1.45634842607 
 1.67683293681  1.67683277599 
 1.93069772888  1.93069726502 
 2.22299648253  2.22299515241 
 2.5595479227  2.55954404543 
 2.94705170255  2.9470401784 
 3.3932217719  3.39318585053 
 3.90693993705  3.90682173052 
 4.49843266897  4.49801837086 
 5.17947467923  5.17791823889 
 5.96362331659  5.95732795734 
 6.86648845004  6.8391590337 
 7.90604321091  7.7830948732 
 9.10298177992  8.60442732647 
 10.4811313415  9.037509995 
 12.0679264064  9.16134066458 
 13.8949549437  9.18544162892 
 15.9985871961  9.18930139771 
 18.4206996933  9.18983782607 
 21.2095088792  9.18990294162 
 24.4205309455  9.18990975433 
 28.1176869797  9.1899104149 
 32.3745754282  9.18991045898 
 37.2759372031  9.18991050574 
 42.9193426013  9.18991048045 
 49.4171336132  9.18991051466 
 56.8986602902  9.18991037786 
 65.512855686  9.18991043336 
 75.4312006335  9.18991050017 
 86.8511373751  9.18991018915 
 100.0  9.18991045813 
145.63484775 50 
 0.1  0.100000000001 
 0.115139539933  0.115139539934 
 0.132571136559  0.13257113656 
 0.152641796718  0.152641796718 
 0.175751062485  0.175751062487 
 0.202358964773  0.202358964773 
 0.232995181052  0.232995181051 
 0.268269579528  0.268269579526 
 0.308884359648  0.308884359645 
 0.355648030622  0.355648030624 
 0.409491506238  0.409491506229 
 0.471486636346  0.471486636325 
 0.542867543932  0.542867543914 
 0.625055192527  0.625055192493 
 0.719685673001  0.71968567284 
 0.828642772855  0.828642772405 
 0.95409547635  0.954095474557 
 1.09854114199  1.09854113248 
 1.26485521686  1.2648551874 
 1.4563484775  1.45634838789 
 1.67683293681  1.67683266102 
 1.93069772888  1.93069697572 
 2.22299648253  2.22299441171 
 2.5595479227  2.55954216378 
 2.94705170255  2.94703515124 
 3.3932217719  3.39317160332 
 3.90693993705  3.90677892884 
 4.49843266897  4.49788141318 
 5.17947467923  5.17744563729 
 5.96362331659  5.95557069508 
 6.86648845004  6.83221145914 
 7.90604321091  7.7561615234 
 9.10298177992  8.52543752978 
 10.4811313415  8.90481633742 
 12.0679264064  9.00868634564 
 13.8949549437  9.02865977426 
 15.9985871961  9.03185363907 
 18.4206996933  9.03229752429 
 21.2095088792  9.03235141319 
 24.4205309455  9.03235700218 
 28.1176869797  9.03235755754 
 32.3745754282  9.03235761436 
 37.2759372031  9.03235764573 
 42.9193426013  9.03235762519 
 49.4171336132  9.03235767828 
 56.8986602902  9.03235761584 
 65.512855686  9.03235759344 
 75.4312006335  9.03235759407 
 86.8511373751  9.03235766303 
 100.0  9.03235756331 
244.205309455 50 
 0.1  0.100000000003 
 0.115139539933  0.115139539935 
 0.132571136559  0.132571136561 
 0.152641796718  0.152641796718 
 0.175751062485  0.175751062483 
 0.202358964773  0.20235896477 
 0.232995181052  0.232995181049 
 0.268269579528  0.268269579527 
 0.308884359648  0.308884359649 
 0.355648030622  0.35564803063 
 0.409491506238  0.40949150623 
 0.471486636346  0.471486636337 
 0.542867543932  0.542867543936 
 0.625055192527  0.625055192406 
 0.719685673001  0.719685672628 
 0.828642772855  0.828642771644 
 0.95409547635  0.954095471941 
 1.09854114199  1.09854112627 
 1.26485521686  1.26485516618 
 1.4563484775  1.45634833588 
 1.67683293681  1.67683253321 
 1.93069772888  1.93069665366 
 2.22299648253  2.22299363329 
 2.5595479227  2.55954016721 
 2.94705170255  2.94702980881 
 3.3932217719  3.3931568119 
 3.90693993705  3.9067351013 
 4.49843266897  4.49774176763 
 5.17947467923  5.17696686195 
 5.96362331659  5.9537992483 
 6.86648845004  6.82528102169 
 7.90604321091  7.73005533933 
 9.10298177992  8.45356589554 
 10.4811313415  8.79076276482 
 12.0679264064  8.87997127011 
 13.8949549437  8.89696200808 
 15.9985871961  8.89967454945 
 18.4206996933  8.90005157353 
 21.2095088792  8.90009721418 
 24.4205309455  8.90010219061 
 28.1176869797  8.90010251567 
 32.3745754282  8.90010250505 
 37.2759372031  8.90010256794 
 42.9193426013  8.90010255534 
 49.4171336132  8.9001025526 
 56.8986602902  8.90010255085 
 65.512855686  8.90010240824 
 75.4312006335  8.90010264855 
 86.8511373751  8.90010251302 
 100.0  8.90010254556 
409.491506238 50 
 0.1  0.0999999999952 
 0.115139539933  0.115139539927 
 0.132571136559  0.132571136554 
 0.152641796718  0.152641796714 
 0.175751062485  0.175751062483 
 0.202358964773  0.202358964771 
 0.232995181052  0.232995181051 
 0.268269579528  0.26826957953 
 0.308884359648  0.308884359656 
 0.355648030622  0.355648030612 
 0.409491506238  0.409491506226 
 0.471486636346  0.471486636352 
 0.542867543932  0.542867543949 
 0.625055192527  0.625055192392 
 0.719685673001  0.719685673255 
 0.828642772855  0.828642772855 
 0.95409547635  0.954095469633 
 1.09854114199  1.09854111935 
 1.26485521686  1.26485515355 
 1.4563484775  1.45634827574 
 1.67683293681  1.6768324034 
 1.93069772888  1.930696318 
 2.22299648253  2.2229928151 
 2.5595479227  2.55953813157 
 2.94705170255  2.94702448742 
 3.3932217719  3.39314185242 
 3.90693993705  3.90669087293 
 4.49843266897  4.49760126247 
 5.17947467923  5.17648587366 
 5.96362331659  5.95202606625 
 6.86648845004  6.81840302736 
 7.90604321091  7.7048188403 
 9.10298177992  8.3878216083 
 10.4811313415  8.69107264732 
 12.0679264064  8.7691057027 
 13.8949549437  8.78385479936 
 15.9985871961  8.78620619296 
 18.4206996933  8.78653296955 
 21.2095088792  8.78657268868 
 24.4205309455  8.78657680949 
 28.1176869797  8.78657719376 
 32.3745754282  8.78657719503 
 37.2759372031  8.78657731444 
 42.9193426013  8.7865772867 
 49.4171336132  8.78657708749 
 56.8986602902  8.78657725017 
 65.512855686  8.78657718845 
 75.4312006335  8.78657712086 
 86.8511373751  8.78657710997 
 100.0  8.78657722995 
686.648845004 50 
 0.1  0.0999999999968 
 0.115139539933  0.11513953993 
 0.132571136559  0.132571136557 
 0.152641796718  0.152641796717 
 0.175751062485  0.175751062485 
 0.202358964773  0.202358964773 
 0.232995181052  0.232995181055 
 0.268269579528  0.268269579539 
 0.308884359648  0.30888435963 
 0.355648030622  0.355648030612 
 0.409491506238  0.409491506237 
 0.471486636346  0.471486636391 
 0.542867543932  0.542867543938 
 0.625055192527  0.625055192584 
 0.719685673001  0.719685672573 
 0.828642772855  0.828642773944 
 0.95409547635  0.954095467546 
 1.09854114199  1.09854111385 
 1.26485521686  1.26485512377 
 1.4563484775  1.45634822457 
 1.67683293681  1.67683225613 
 1.93069772888  1.93069598068 
 2.22299648253  2.22299198271 
 2.5595479227  2.55953604102 
 2.94705170255  2.94701900165 
 3.3932217719  3.393126777 
 3.90693993705  3.90664643878 
 4.49843266897  4.49746042209 
 5.17947467923  5.17600455202 
 5.96362331659  5.95025555597 
 6.86648845004  6.81158876615 
 7.90604321091  7.68042807529 
 9.10298177992  8.32731973599 
 10.4811313415  8.60269010655 
 12.0679264064  8.67194827391 
 13.8949549437  8.68495814091 
 15.9985871961  8.68702985 
 18.4206996933  8.68731771144 
 21.2095088792  8.68735273475 
 24.4205309455  8.68735632252 
 28.1176869797  8.68735683798 
 32.3745754282  8.68735679453 
 37.2759372031  8.68735667213 
 42.9193426013  8.68735670471 
 49.4171336132  8.68735701688 
 56.8986602902  8.68735673932 
 65.512855686  8.68735672706 
 75.4312006335  8.68735662732 
 86.8511373751  14.373157984 
 100.0  51.4646412181 
1151.39539933 50 
 0.1  0.0999999999997 
 0.115139539933  0.115139539933 
 0.132571136559  0.13257113656 
 0.152641796718  0.152641796719 
 0.175751062485  0.175751062489 
 0.202358964773  0.20235896478 
 0.232995181052  0.232995181073 
 0.268269579528  0.26826957951 
 0.308884359648  0.30888435964 
 0.355648030622  0.35564803062 
 0.409491506238  0.409491506251 
 0.471486636346  0.471486636239 
 0.542867543932  0.542867543855 
 0.625055192527  0.625055192926 
 0.719685673001  0.719685672792 
 0.828642772855  0.828642768185 
 0.95409547635  0.954095464409 
 1.09854114199  1.09854110572 
 1.26485521686  1.2648551021 
 1.4563484775  1.45634817734 
 1.67683293681  1.67683210721 
 1.93069772888  1.93069563931 
 2.22299648253  2.22299113656 
 2.5595479227  2.5595339729 
 2.94705170255  2.94701350237 
 3.3932217719  3.39311172048 
 3.90693993705  3.90660198012 
 4.49843266897  4.49731949752 
 5.17947467923  5.17552314156 
 5.96362331659  5.94848948555 
 6.86648845004  6.80484147612 
 7.90604321091  7.65683989213 
 9.10298177992  8.27132371816 
 10.4811313415  8.52340109654 
 12.0679264064  8.5856000097 
 13.8949549437  8.59722470159 
 15.9985871961  8.5990741617 
 18.4206996933  8.59933106763 
 21.2095088792  8.59936224711 
 24.4205309455  8.59936558621 
 28.1176869797  8.59936585384 
 32.3745754282  8.59936578272 
 37.2759372031  8.59936622775 
 42.9193426013  8.59936593505 
 49.4171336132  8.59936569205 
 56.8986602902  8.59936584035 
 65.512855686  8.59936594495 
 75.4312006335  36.2744927472 
 86.8511373751  56.2331103503 
 100.0  74.9054719847 
1930.69772888 50 
 0.1  0.100000000003 
 0.115139539933  0.115139539937 
 0.132571136559  0.132571136566 
 0.152641796718  0.15264179673 
 0.175751062485  0.175751062512 
 0.202358964773  0.202358964747 
 0.232995181052  0.232995181043 
 0.268269579528  0.268269579524 
 0.308884359648  0.308884359646 
 0.355648030622  0.355648030628 
 0.409491506238  0.409491506367 
 0.471486636346  0.471486636203 
 0.542867543932  0.542867543956 
 0.625055192527  0.62505519219 
 0.719685673001  0.719685672985 
 0.828642772855  0.828642771361 
 0.95409547635  0.954095462255 
 1.09854114199  1.09854109985 
 1.26485521686  1.2648550884 
 1.4563484775  1.45634810441 
 1.67683293681  1.67683197169 
 1.93069772888  1.93069528974 
 2.22299648253  2.22299030516 
 2.5595479227  2.55953186794 
 2.94705170255  2.94700804237 
 3.3932217719  3.3930966692 
 3.90693993705  3.90655755891 
 4.49843266897  4.49717857206 
 5.17947467923  5.17504204376 
 5.96362331659  5.94672824358 
 6.86648845004  6.79816166267 
 7.90604321091  7.63400852867 
 9.10298177992  8.21923201767 
 10.4811313415  8.45156616104 
 12.0679264064  8.50797123954 
 13.8949549437  8.5184684126 
 15.9985871961  8.5201373034 
 18.4206996933  8.52036911617 
 21.2095088792  8.52039731391 
 24.4205309455  8.52040013243 
 28.1176869797  8.52040064785 
 32.3745754282  8.52040047224 
 37.2759372031  8.52040034742 
 42.9193426013  8.52040046101 
 49.4171336132  8.52040057557 
 56.8986602902  25.1555306441 
 65.512855686  41.043598049 
 75.4312006335  55.4911381802 
 86.8511373751  70.2040524862 
 100.0  85.9114949395 
3237.45754282 50 
 0.1  0.100000000023 
 0.115139539933  0.115139539976 
 0.132571136559  0.13257113653 
 0.152641796718  0.152641796706 
 0.175751062485  0.175751062479 
 0.202358964773  0.202358964769 
 0.232995181052  0.232995181049 
 0.268269579528  0.268269579528 
 0.308884359648  0.308884359653 
 0.355648030622  0.355648030679 
 0.409491506238  0.409491506243 
 0.471486636346  0.471486636342 
 0.542867543932  0.542867544114 
 0.625055192527  0.62505519203 
 0.719685673001  0.719685673354 
 0.828642772855  0.82864276876 
 0.95409547635  0.954095456534 
 1.09854114199  1.09854108977 
 1.26485521686  1.26485506215 
 1.4563484775  1.45634805969 
 1.67683293681  1.67683182628 
 1.93069772888  1.93069494659 
 2.22299648253  2.22298947858 
 2.5595479227  2.5595297842 
 2.94705170255  2.94700265078 
 3.3932217719  3.39308157768 
 3.90693993705  3.90651300757 
 4.49843266897  4.49703766865 
 5.17947467923  5.17456135439 
 5.96362331659  5.94497188232 
 6.86648845004  6.7915480526 
 7.90604321091  7.61188812673 
 9.10298177992  8.17055041991 
 10.4811313415  8.38594381383 
 12.0679264064  8.43751256774 
 13.8949549437  8.44707594067 
 15.9985871961  8.44859513606 
 18.4206996933  8.44880629666 
 21.2095088792  8.44883180715 
 24.4205309455  8.44883429409 
 28.1176869797  8.44883465478 
 32.3745754282  8.44883489637 
 37.2759372031  8.44883471012 
 42.9193426013  17.0342828818 
 49.4171336132  29.8184338496 
 56.8986602902  41.0279166209 
 65.512855686  52.3090689114 
 75.4312006335  64.2830071629 
 86.8511373751  77.3517209974 
 100.0  91.8554468636 
5428.67543932 50 
 0.1  0.0999999999933 
 0.115139539933  0.115139539928 
 0.132571136559  0.132571136555 
 0.152641796718  0.152641796715 
 0.175751062485  0.175751062484 
 0.202358964773  0.202358964772 
 0.232995181052  0.232995181053 
 0.268269579528  0.268269579534 
 0.308884359648  0.3088843597 
 0.355648030622  0.355648030613 
 0.409491506238  0.409491506231 
 0.471486636346  0.471486636366 
 0.542867543932  0.542867543794 
 0.625055192527  0.62505519252 
 0.719685673001  0.719685671381 
 0.828642772855  0.828642768014 
 0.95409547635  0.954095460673 
 1.09854114199  1.09854108294 
 1.26485521686  1.26485504227 
 1.4563484775  1.45634798892 
 1.67683293681  1.67683168328 
 1.93069772888  1.93069461715 
 2.22299648253  2.22298864648 
 2.5595479227  2.55952766292 
 2.94705170255  2.94699714853 
 3.3932217719  3.39306653968 
 3.90693993705  3.90646851902 
 4.49843266897  4.49689674019 
 5.17947467923  5.17408096513 
 5.96362331659  5.94322040538 
 6.86648845004  6.78499944897 
 7.90604321091  7.59043818916 
 9.10298177992  8.12487257947 
 10.4811313415  8.32557446407 
 12.0679264064  8.3730483716 
 13.8949549437  8.38182543644 
 15.9985871961  8.38321910677 
 18.4206996933  8.38341288104 
 21.2095088792  8.38343613157 
 24.4205309455  8.38343865822 
 28.1176869797  8.38343896118 
 32.3745754282  10.7718596862 
 37.2759372031  21.5442447014 
 42.9193426013  30.2696099688 
 49.4171336132  38.9312894391 
 56.8986602902  48.0658664661 
 65.512855686  57.9992678032 
 75.4312006335  68.998224183 
 86.8511373751  81.3183557684 
 100.0  95.2257187278 
9102.98177992 50 
 0.1  0.0999999999985 
 0.115139539933  0.115139539932 
 0.132571136559  0.132571136559 
 0.152641796718  0.152641796718 
 0.175751062485  0.175751062487 
 0.202358964773  0.202358964776 
 0.232995181052  0.232995181061 
 0.268269579528  0.268269579315 
 0.308884359648  0.308884359632 
 0.355648030622  0.355648030617 
 0.409491506238  0.409491506243 
 0.471486636346  0.471486636648 
 0.542867543932  0.542867543912 
 0.625055192527  0.625055192697 
 0.719685673001  0.719685672123 
 0.828642772855  0.828642764693 
 0.95409547635  0.954095456518 
 1.09854114199  1.09854107701 
 1.26485521686  1.26485502369 
 1.4563484775  1.45634794634 
 1.67683293681  1.67683151793 
 1.93069772888  1.93069426161 
 2.22299648253  2.22298781013 
 2.5595479227  2.55952559665 
 2.94705170255  2.94699170284 
 3.3932217719  3.3930515275 
 3.90693993705  3.90642404452 
 4.49843266897  4.49675591923 
 5.17947467923  5.17360135439 
 5.96362331659  5.94147397294 
 6.86648845004  6.77851509147 
 7.90604321091  7.56961970702 
 9.10298177992  8.08185908853 
 10.4811313415  8.26970085965 
 12.0679264064  8.3136654878 
 13.8949549437  8.321772751 
 15.9985871961  8.32305916893 
 18.4206996933  8.32323796069 
 21.2095088792  8.32325982692 
 24.4205309455  8.32326192731 
 28.1176869797  15.457761786 
 32.3745754282  22.2794852461 
 37.2759372031  28.9401761739 
 42.9193426013  35.9142305644 
 49.4171336132  43.4680716333 
 56.8986602902  51.8117205286 
 65.512855686  61.142519995 
 75.4312006335  71.6637645018 
 86.8511373751  83.5952175648 
 100.0  97.1806696289 
15264.1796718 50 
 0.1  0.100000000001 
 0.115139539933  0.115139539935 
 0.132571136559  0.132571136562 
 0.152641796718  0.152641796722 
 0.175751062485  0.175751062495 
 0.202358964773  0.202358964834 
 0.232995181052  0.232995181022 
 0.268269579528  0.26826957952 
 0.308884359648  0.308884359644 
 0.355648030622  0.355648030624 
 0.409491506238  0.409491506276 
 0.471486636346  0.471486636343 
 0.542867543932  0.542867543934 
 0.625055192527  0.625055192293 
 0.719685673001  0.719685672918 
 0.828642772855  0.828642767532 
 0.95409547635  0.954095456043 
 1.09854114199  1.09854106762 
 1.26485521686  1.26485500289 
 1.4563484775  1.45634787223 
 1.67683293681  1.67683141113 
 1.93069772888  1.93069391505 
 2.22299648253  2.22298691544 
 2.5595479227  2.55952349507 
 2.94705170255  2.94698622178 
 3.3932217719  3.39303639859 
 3.90693993705  3.90637956231 
 4.49843266897  4.49661516406 
 5.17947467923  5.17312142929 
 5.96362331659  5.93973248824 
 6.86648845004  6.77209335543 
 7.90604321091  7.54939822567 
 9.10298177992  8.04122293301 
 10.4811313415  8.21771778632 
 12.0679264064  8.25864264079 
 13.8949549437  8.26617229556 
 15.9985871961  8.26736659693 
 18.4206996933  8.26753237282 
 21.2095088792  10.6244557319 
 24.4205309455  16.3530471401 
 28.1176869797  21.485538651 
 32.3745754282  26.8147799765 
 37.2759372031  32.5620071341 
 42.9193426013  38.8934036823 
 49.4171336132  45.9617085585 
 56.8986602902  53.9224726604 
 65.512855686  62.9428313431 
 75.4312006335  73.2075801842 
 86.8511373751  84.9242944066 
 100.0  98.3282609319 
25595.479227 50 
 0.1  0.100000000011 
 0.115139539933  0.115139539949 
 0.132571136559  0.13257113661 
 0.152641796718  0.152641797037 
 0.175751062485  0.175751062468 
 0.202358964773  0.202358964765 
 0.232995181052  0.232995181047 
 0.268269579528  0.268269579526 
 0.308884359648  0.308884359649 
 0.355648030622  0.355648030639 
 0.409491506238  0.409491506187 
 0.471486636346  0.471486636332 
 0.542867543932  0.542867544002 
 0.625055192527  0.62505519308 
 0.719685673001  0.719685673092 
 0.828642772855  0.828642762867 
 0.95409547635  0.954095448831 
 1.09854114199  1.09854106125 
 1.26485521686  1.26485498116 
 1.4563484775  1.45634783106 
 1.67683293681  1.67683126701 
 1.93069772888  1.93069357933 
 2.22299648253  2.222986099 
 2.5595479227  2.55952140441 
 2.94705170255  2.94698078663 
 3.3932217719  3.3930213186 
 3.90693993705  3.90633506427 
 4.49843266897  4.49647438822 
 5.17947467923  5.17264264945 
 5.96362331659  5.93799588072 
 6.86648845004  6.765733638 
 7.90604321091  7.5297408277 
 9.10298177992  8.00272286166 
 10.4811313415  8.16913282247 
 12.0679264064  8.20740024979 
 13.8949549437  8.21442652278 
 15.9985871961  8.21554097556 
 18.4206996933  11.8602976454 
 21.2095088792  15.9267121313 
 24.4205309455  20.0051164033 
 28.1176869797  24.3803010314 
 32.3745754282  29.1864035937 
 37.2759372031  34.5420282841 
 42.9193426013  40.566371919 
 49.4171336132  47.3866483516 
 56.8986602902  55.1430011699 
 65.512855686  63.9925259473 
 75.4312006335  74.1130768108 
 86.8511373751  85.7071984433 
 100.0  99.0063907207 
42919.3426013 50 
 0.1  0.0999999999819 
 0.115139539933  0.115139539922 
 0.132571136559  0.132571136552 
 0.152641796718  0.152641796713 
 0.175751062485  0.175751062482 
 0.202358964773  0.202358964771 
 0.232995181052  0.232995181051 
 0.268269579528  0.26826957953 
 0.308884359648  0.308884359661 
 0.355648030622  0.355648030567 
 0.409491506238  0.409491506225 
 0.471486636346  0.471486636353 
 0.542867543932  0.542867542891 
 0.625055192527  0.625055192366 
 0.719685673001  0.719685676789 
 0.828642772855  0.828642761964 
 0.95409547635  0.954095447076 
 1.09854114199  1.09854105171 
 1.26485521686  1.26485495949 
 1.4563484775  1.45634775728 
 1.67683293681  1.67683114473 
 1.93069772888  1.93069327101 
 2.22299648253  2.22298532316 
 2.5595479227  2.55951936104 
 2.94705170255  2.946975313 
 3.3932217719  3.39300627975 
 3.90693993705  3.90629065384 
 4.49843266897  4.49633364516 
 5.17947467923  5.1721641803 
 5.96362331659  5.93626415182 
 6.86648845004  6.75943417574 
 7.90604321091  7.51061784841 
 9.10298177992  7.96615120153 
 10.4811313415  8.12353976727 
 12.0679264064  8.15946505333 
 13.8949549437  8.16604954635 
 15.9985871961  11.6694873247 
 18.4206996933  14.9077221944 
 21.2095088792  18.244819917 
 24.4205309455  21.8946593715 
 28.1176869797  25.9535949305 
 32.3745754282  30.513299055 
 37.2759372031  35.6706926518 
 42.9193426013  41.5321085762 
 49.4171336132  48.2164740621 
 56.8986602902  55.8582550755 
 65.512855686  64.6104633242 
 75.4312006335  74.6478978164 
 86.8511373751  86.1707432121 
 100.0  99.4086284232 
71968.5673001 50 
 0.1  0.0999999999969 
 0.115139539933  0.11513953993 
 0.132571136559  0.132571136557 
 0.152641796718  0.152641796717 
 0.175751062485  0.175751062485 
 0.202358964773  0.202358964774 
 0.232995181052  0.232995181056 
 0.268269579528  0.268269579546 
 0.308884359648  0.308884359616 
 0.355648030622  0.355648030612 
 0.409491506238  0.409491506237 
 0.471486636346  0.471486636407 
 0.542867543932  0.542867544184 
 0.625055192527  0.625055192598 
 0.719685673001  0.71968567273 
 0.828642772855  0.82864276296 
 0.95409547635  0.954095443486 
 1.09854114199  1.09854104712 
 1.26485521686  1.26485492927 
 1.4563484775  1.45634771264 
 1.67683293681  1.67683097121 
 1.93069772888  1.93069289134 
 2.22299648253  2.22298442432 
 2.5595479227  2.55951720169 
 2.94705170255  2.9469698753 
 3.3932217719  3.39299116802 
 3.90693993705  3.90624613323 
 4.49843266897  4.49619299875 
 5.17947467923  5.17168577804 
 5.96362331659  5.93453731655 
 6.86648845004  6.75319418953 
 7.90604321091  7.49200166474 
 9.10298177992  7.93132819318 
 10.4811313415  8.08060164757 
 12.0679264064  8.1144472209 
 13.8949549437  10.8696817884 
 15.9985871961  13.6341674383 
 18.4206996933  16.4181269085 
 21.2095088792  19.4958327867 
 24.4205309455  22.9476383025 
 28.1176869797  26.848068702 
 32.3745754282  31.277883102 
 37.2759372031  36.3271431564 
 42.9193426013  42.0975304806 
 49.4171336132  48.704651496 
 56.8986602902  56.2805032558 
 65.512855686  64.9762003584 
 75.4312006335  74.9650446454 
 86.8511373751  86.4460134372 
 100.0  99.6477451081 
120679.264064 50 
 0.1  0.1 
 0.115139539933  0.115139539933 
 0.132571136559  0.13257113656 
 0.152641796718  0.15264179672 
 0.175751062485  0.175751062489 
 0.202358964773  0.202358964782 
 0.232995181052  0.232995181191 
 0.268269579528  0.268269579508 
 0.308884359648  0.308884359641 
 0.355648030622  0.355648030621 
 0.409491506238  0.409491506253 
 0.471486636346  0.471486636239 
 0.542867543932  0.542867543852 
 0.625055192527  0.625055192812 
 0.719685673001  0.719685672817 
 0.828642772855  0.828642759916 
 0.95409547635  0.954095440612 
 1.09854114199  1.09854103609 
 1.26485521686  1.26485491509 
 1.4563484775  1.45634764604 
 1.67683293681  1.67683086803 
 1.93069772888  1.93069257477 
 2.22299648253  2.22298358826 
 2.5595479227  2.55951515934 
 2.94705170255  2.94696440989 
 3.3932217719  3.39297616107 
 3.90693993705  3.90620170052 
 4.49843266897  4.49605232261 
 5.17947467923  5.17120790314 
 5.96362331659  5.93281528859 
 6.86648845004  6.74701269255 
 7.90604321091  7.47386620363 
 9.10298177992  7.898098919 
 10.4811313415  8.04003374075 
 12.0679264064  8.79371518047 
 13.8949549437  12.2744008179 
 15.9985871961  14.6387500527 
 18.4206996933  17.2546545088 
 21.2095088792  20.2050307149 
 24.4205309455  23.553225758 
 28.1176869797  27.3676110754 
 32.3745754282  31.7251019146 
 37.2759372031  36.7130547376 
 42.9193426013  42.4311534286 
 49.4171336132  48.9934773425 
 56.8986602902  56.5308235186 
 65.512855686  65.1933425291 
 75.4312006335  75.153547669 
 86.8511373751  86.6097623097 
 100.0  99.7900761273 
202358.964773 50 
 0.1  0.100000000004 
 0.115139539933  0.115139539938 
 0.132571136559  0.132571136567 
 0.152641796718  0.152641796736 
 0.175751062485  0.175751062266 
 0.202358964773  0.20235896475 
 0.232995181052  0.232995181044 
 0.268269579528  0.268269579524 
 0.308884359648  0.308884359647 
 0.355648030622  0.35564803063 
 0.409491506238  0.409491508207 
 0.471486636346  0.471486636165 
 0.542867543932  0.542867543962 
 0.625055192527  0.625055192273 
 0.719685673001  0.719685673009 
 0.828642772855  0.828642772024 
 0.95409547635  0.954095436182 
 1.09854114199  1.09854103241 
 1.26485521686  1.26485489339 
 1.4563484775  1.45634759251 
 1.67683293681  1.67683068071 
 1.93069772888  1.93069219822 
 2.22299648253  2.22298280143 
 2.5595479227  2.55951306449 
 2.94705170255  2.94695895601 
 3.3932217719  3.39296102101 
 3.90693993705  3.90615726787 
 4.49843266897  4.49591172543 
 5.17947467923  5.17073033113 
 5.96362331659  5.93109812616 
 6.86648845004  6.74088833186 
 7.90604321091  7.45618883565 
 9.10298177992  7.86632799579 
 10.4811313415  8.00159507773 
 12.0679264064  10.893176875 
 13.8949549437  12.963754841 
 15.9985871961  15.2030349788 
 18.4206996933  17.7345882644 
 21.2095088792  20.6163633206 
 24.4205309455  23.9070845265 
 28.1176869797  27.6728124428 
 32.3745754282  31.988837226 
 37.2759372031  36.9412845035 
 42.9193426013  42.6288753304 
 49.4171336132  49.1649183047 
 56.8986602902  56.6795819361 
 65.512855686  65.3224968018 
 75.4312006335  75.2657410341 
 86.8511373751  86.7072703649 
 100.0  99.8748617119 
339322.17719 50 
 0.1  0.100000000045 
 0.115139539933  0.115139539806 
 0.132571136559  0.132571136538 
 0.152641796718  0.152641796708 
 0.175751062485  0.17575106248 
 0.202358964773  0.202358964769 
 0.232995181052  0.23299518105 
 0.268269579528  0.268269579528 
 0.308884359648  0.308884359653 
 0.355648030622  0.355648030717 
 0.409491506238  0.409491506262 
 0.471486636346  0.471486636343 
 0.542867543932  0.542867544173 
 0.625055192527  0.625055192454 
 0.719685673001  0.719685673469 
 0.828642772855  0.828642756938 
 0.95409547635  0.954095432099 
 1.09854114199  1.09854101931 
 1.26485521686  1.26485486723 
 1.4563484775  1.45634754204 
 1.67683293681  1.67683054073 
 1.93069772888  1.93069178301 
 2.22299648253  2.22298194994 
 2.5595479227  2.55951097558 
 2.94705170255  2.9469534719 
 3.3932217719  3.39294601569 
 3.90693993705  3.90611278098 
 4.49843266897  4.49577106563 
 5.17947467923  5.17025351654 
 5.96362331659  5.92938554189 
 6.86648845004  6.73482009522 
 7.90604321091  7.43894769537 
 9.10298177992  7.83589517004 
 10.4811313415  9.21492040091 
 12.0679264064  11.4136996429 
 13.8949549437  13.3497827748 
 15.9985871961  15.5292439323 
 18.4206996933  18.0146853559 
 21.2095088792  20.8578079438 
 24.4205309455  24.1156446491 
 28.1176869797  27.8532341523 
 32.3745754282  32.14509147 
 37.2759372031  37.0767254036 
 42.9193426013  42.7463555329 
 49.4171336132  49.2668765699 
 56.8986602902  56.7681113698 
 65.512855686  65.3993990189 
 75.4312006335  75.3325701078 
 86.8511373751  86.7653689058 
 100.0  99.9253908476 
568986.602902 50 
 0.1  0.0999999999942 
 0.115139539933  0.115139539928 
 0.132571136559  0.132571136556 
 0.152641796718  0.152641796715 
 0.175751062485  0.175751062484 
 0.202358964773  0.202358964772 
 0.232995181052  0.232995181053 
 0.268269579528  0.268269579535 
 0.308884359648  0.308884359748 
 0.355648030622  0.35564803062 
 0.409491506238  0.409491506232 
 0.471486636346  0.471486636371 
 0.542867543932  0.542867543708 
 0.625055192527  0.62505519246 
 0.719685673001  0.719685671771 
 0.828642772855  0.828642757842 
 0.95409547635  0.954095430945 
 1.09854114199  1.09854101549 
 1.26485521686  1.26485484723 
 1.4563484775  1.45634747131 
 1.67683293681  1.67683039494 
 1.93069772888  1.93069150461 
 2.22299648253  2.22298112271 
 2.5595479227  2.55950891733 
 2.94705170255  2.9469480276 
 3.3932217719  3.39293092164 
 3.90693993705  3.90606840358 
 4.49843266897  4.49563056299 
 5.17947467923  5.16977679441 
 5.96362331659  5.92767777299 
 6.86648845004  6.72880725422 
 7.90604321091  7.42212137464 
 9.10298177992  7.80669555855 
 10.4811313415  9.96880361416 
 12.0679264064  11.6892618864 
 13.8949549437  13.5731089694 
 15.9985871961  15.7204298518 
 18.4206996933  18.1796627436 
 21.2095088792  21.0004760369 
 24.4205309455  24.239169117 
 28.1176869797  27.9602777404 
 32.3745754282  32.2379159866 
 37.2759372031  37.157262944 
 42.9193426013  42.8162634282 
 49.4171336132  49.3275807987 
 56.8986602902  56.8208417191 
 65.512855686  65.4452179038 
 75.4312006335  75.3723964978 
 86.8511373751  86.799998378 
 100.0  99.9555125269 
954095.47635 50 
 0.1  0.0999999999987 
 0.115139539933  0.115139539932 
 0.132571136559  0.132571136559 
 0.152641796718  0.152641796718 
 0.175751062485  0.175751062487 
 0.202358964773  0.202358964776 
 0.232995181052  0.232995181064 
 0.268269579528  0.268269579448 
 0.308884359648  0.308884359635 
 0.355648030622  0.355648030617 
 0.409491506238  0.409491506244 
 0.471486636346  0.471486637147 
 0.542867543932  0.542867543773 
 0.625055192527  0.625055192729 
 0.719685673001  0.719685672083 
 0.828642772855  0.828642760347 
 0.95409547635  0.954095429476 
 1.09854114199  1.09854100973 
 1.26485521686  1.26485483043 
 1.4563484775  1.45634742928 
 1.67683293681  1.67683024597 
 1.93069772888  1.93069118197 
 2.22299648253  2.22298023862 
 2.5595479227  2.55950675001 
 2.94705170255  2.94694250579 
 3.3932217719  3.39291593536 
 3.90693993705  3.90602387058 
 4.49843266897  4.49549002239 
 5.17947467923  5.16930048135 
 5.96362331659  5.92597512163 
 6.86648845004  6.7228486541 
 7.90604321091  7.40569098982 
 9.10298177992  7.77863560914 
 10.4811313415  10.2039665941 
 12.0679264064  11.845558544 
 13.8949549437  13.7041234842 
 15.9985871961  15.8333101085 
 18.4206996933  18.2773379698 
 21.2095088792  21.0850987741 
 24.4205309455  24.3125361664 
 28.1176869797  28.0239202512 
 32.3745754282  32.2931463202 
 37.2759372031  37.2052097663 
 42.9193426013  42.8578997908 
 49.4171336132  49.3637471487 
 56.8986602902  56.8522649702 
 65.512855686  65.472527408 
 75.4312006335  75.396137532 
 86.8511373751  86.8206435897 
 100.0  99.9734716981 
1599858.71961 50 
 0.1  0.100000000002 
 0.115139539933  0.115139539935 
 0.132571136559  0.132571136562 
 0.152641796718  0.152641796723 
 0.175751062485  0.175751062498 
 0.202358964773  0.202358965217 
 0.232995181052  0.23299518103 
 0.268269579528  0.268269579521 
 0.308884359648  0.308884359645 
 0.355648030622  0.355648030625 
 0.409491506238  0.409491506286 
 0.471486636346  0.471486636371 
 0.542867543932  0.542867543943 
 0.625055192527  0.625055191044 
 0.719685673001  0.719685672973 
 0.828642772855  0.828642753687 
 0.95409547635  0.95409542669 
 1.09854114199  1.09854100165 
 1.26485521686  1.26485480544 
 1.4563484775  1.45634735695 
 1.67683293681  1.67683011338 
 1.93069772888  1.93069081671 
 2.22299648253  2.22297944281 
 2.5595479227  2.55950466747 
 2.94705170255  2.94693716166 
 3.3932217719  3.39290081212 
 3.90693993705  3.90597946491 
 4.49843266897  4.49534972918 
 5.17947467923  5.16882390099 
 5.96362331659  5.92427641618 
 6.86648845004  6.71694310137 
 7.90604321091  7.38964031516 
 9.10298177992  8.83344002335 
 10.4811313415  10.3230776398 
 12.0679264064  11.93643814 
 13.8949549437  13.7815321103 
 15.9985871961  15.9002346975 
 18.4206996933  18.3353394197 
 21.2095088792  21.135403443 
 24.4205309455  24.356184474 
 28.1176869797  28.061805671 
 32.3745754282  32.326038803 
 37.2759372031  37.2337741449 
 42.9193426013  42.8827109791 
 49.4171336132  49.3853028499 
 56.8986602902  56.8709963972 
 65.512855686  65.4888083877 
 75.4312006335  75.4102922653 
 86.8511373751  86.832953305 
 100.0  99.984180356 
2682695.79528 50 
 0.1  0.100000000014 
 0.115139539933  0.115139539957 
 0.132571136559  0.132571136586 
 0.152641796718  0.152641796644 
 0.175751062485  0.175751062473 
 0.202358964773  0.202358964766 
 0.232995181052  0.232995181048 
 0.268269579528  0.268269579528 
 0.308884359648  0.30888435965 
 0.355648030622  0.355648030644 
 0.409491506238  0.409491506201 
 0.471486636346  0.471486636338 
 0.542867543932  0.542867544016 
 0.625055192527  0.625055194283 
 0.719685673001  0.71968567325 
 0.828642772855  0.828642767783 
 0.95409547635  0.954095426538 
 1.09854114199  1.09854099285 
 1.26485521686  1.26485477553 
 1.4563484775  1.45634729945 
 1.67683293681  1.6768299665 
 1.93069772888  1.93069049015 
 2.22299648253  2.22297857742 
 2.5595479227  2.55950257689 
 2.94705170255  2.94693168129 
 3.3932217719  3.39288565125 
 3.90693993705  3.90593498782 
 4.49843266897  4.49520917722 
 5.17947467923  5.16834906961 
 5.96362331659  5.92258286787 
 6.86648845004  6.71109040789 
 7.90604321091  7.37395069286 
 9.10298177992  8.97640597578 
 10.4811313415  10.3890660873 
 12.0679264064  11.9898919686 
 13.8949549437  13.8274473994 
 15.9985871961  15.9400084765 
 18.4206996933  18.3698418995 
 21.2095088792  21.16534639 
 24.4205309455  24.3821775408 
 28.1176869797  28.0843748287 
 32.3745754282  32.3456387578 
 37.2759372031  37.2507984698 
 42.9193426013  42.8975006323 
 49.4171336132  49.3981534017 
 56.8986602902  56.8821641963 
 65.512855686  65.498515838 
 75.4312006335  75.4187323617 
 86.8511373751  86.8402935339 
 100.0  99.9905660575 
4498432.66897 50 
 0.1  0.0999999999869 
 0.115139539933  0.115139539924 
 0.132571136559  0.132571136554 
 0.152641796718  0.152641796714 
 0.175751062485  0.175751062485 
 0.202358964773  0.202358964771 
 0.232995181052  0.232995181052 
 0.268269579528  0.268269579533 
 0.308884359648  0.308884359664 
 0.355648030622  0.355648030586 
 0.409491506238  0.409491506228 
 0.471486636346  0.47148663637 
 0.542867543932  0.542867543368 
 0.625055192527  0.625055192484 
 0.719685673001  0.719685672262 
 0.828642772855  0.828642759761 
 0.95409547635  0.954095425695 
 1.09854114199  1.09854098233 
 1.26485521686  1.26485474888 
 1.4563484775  1.45634724907 
 1.67683293681  1.67682985796 
 1.93069772888  1.93069017279 
 2.22299648253  2.22297780036 
 2.5595479227  2.55950060867 
 2.94705170255  2.94692616361 
 3.3932217719  3.39287056969 
 3.90693993705  3.90589061179 
 4.49843266897  4.49506875441 
 5.17947467923  5.16787393433 
 5.96362331659  5.92089393653 
 6.86648845004  6.70528902648 
 7.90604321091  7.35860759434 
 9.10298177992  9.03443328412 
 10.4811313415  10.4269420969 
 12.0679264064  12.0215210206 
 13.8949549437  13.8547430275 
 15.9985871961  15.9636796091 
 18.4206996933  18.3903869896 
 21.2095088792  21.1831831055 
 24.4205309455  24.3976656651 
 28.1176869797  28.0978256119 
 32.3745754282  32.3573217946 
 37.2759372031  37.2609474444 
 42.9193426013  42.9063182068 
 49.4171336132  49.4058154036 
 56.8986602902  56.8888232136 
 65.512855686  65.5043043159 
 75.4312006335  75.4237652718 
 86.8511373751  86.8446706779 
 100.0  99.9943740577 
7543120.06335 50 
 0.1  0.1 
 0.115139539933  0.115139539934 
 0.132571136559  0.13257113656 
 0.152641796718  0.152641796719 
 0.175751062485  0.175751062486 
 0.202358964773  0.202358964776 
 0.232995181052  0.232995181058 
 0.268269579528  0.268269579552 
 0.308884359648  0.308884359626 
 0.355648030622  0.355648030625 
 0.409491506238  0.409491506247 
 0.471486636346  0.471486636464 
 0.542867543932  0.542867544802 
 0.625055192527  0.625055192446 
 0.719685673001  0.719685673037 
 0.828642772855  0.828642751597 
 0.95409547635  0.954095417739 
 1.09854114199  1.09854097399 
 1.26485521686  1.26485475479 
 1.4563484775  1.45634718445 
 1.67683293681  1.67682967067 
 1.93069772888  1.93068982929 
 2.22299648253  2.22297689723 
 2.5595479227  2.55949836692 
 2.94705170255  2.94692079749 
 3.3932217719  3.39285549252 
 3.90693993705  3.90584619785 
 4.49843266897  4.49492840039 
 5.17947467923  5.16739926205 
 5.96362331659  5.91920953839 
 6.86648845004  6.69953815161 
 7.90604321091  7.83545471563 
 9.10298177992  9.06404919514 
 10.4811313415  10.4490570919 
 12.0679264064  12.0402979473 
 13.8949549437  13.8709907057 
 15.9985871961  15.9777790445 
 18.4206996933  18.4026283625 
 21.2095088792  21.1938131117 
 24.4205309455  24.4068975278 
 28.1176869797  28.1058440941 
 32.3745754282  32.3642871155 
 37.2759372031  37.2669985992 
 42.9193426013  42.911575817 
 49.4171336132  49.4103841699 
 56.8986602902  56.8927940317 
 65.512855686  65.5077561043 
 75.4312006335  75.4267665513 
 86.8511373751  86.8472809378 
 100.0  99.9966449375 
12648552.1686 50 
 0.1  0.100000000009 
 0.115139539933  0.115139539941 
 0.132571136559  0.132571136567 
 0.152641796718  0.152641796727 
 0.175751062485  0.175751062491 
 0.202358964773  0.202358964791 
 0.232995181052  0.23299518084 
 0.268269579528  0.268269579513 
 0.308884359648  0.30888435965 
 0.355648030622  0.355648030648 
 0.409491506238  0.409491506284 
 0.471486636346  0.471486636349 
 0.542867543932  0.542867543982 
 0.625055192527  0.625055193386 
 0.719685673001  0.719685673022 
 0.828642772855  0.828642750798 
 0.95409547635  0.954095413778 
 1.09854114199  1.09854096897 
 1.26485521686  1.2648547181 
 1.4563484775  1.45634713035 
 1.67683293681  1.67682953206 
 1.93069772888  1.93068944072 
 2.22299648253  2.22297603807 
 2.5595479227  2.55949634106 
 2.94705170255  2.94691527868 
 3.3932217719  3.39284050061 
 3.90693993705  3.9058017012 
 4.49843266897  4.49478820092 
 5.17947467923  5.1669249459 
 5.96362331659  5.9175297605 
 6.86648845004  6.6938373398 
 7.90604321091  7.87400774056 
 9.10298177992  9.08037695516 
 10.4811313415  10.4620872005 
 12.0679264064  12.0514660218 
 13.8949549437  13.8806694709 
 15.9985871961  15.9861813426 
 18.4206996933  18.4099247724 
 21.2095088792  21.2001499119 
 24.4205309455  24.4124014037 
 28.1176869797  28.1106249281 
 32.3745754282  32.3684402587 
 37.2759372031  37.2706068137 
 42.9193426013  42.9147109523 
 49.4171336132  49.4131086099 
 56.8986602902  56.895161947 
 65.512855686  65.509814535 
 75.4312006335  75.428556345 
 86.8511373751  86.8488375616 
 100.0  99.9979991805 
21209508.8792 50 
 0.1  0.100000000019 
 0.115139539933  0.115139539952 
 0.132571136559  0.132571136582 
 0.152641796718  0.152641796757 
 0.175751062485  0.175751062619 
 0.202358964773  0.202358964769 
 0.232995181052  0.232995181059 
 0.268269579528  0.268269579533 
 0.308884359648  0.308884359668 
 0.355648030622  0.355648030682 
 0.409491506238  0.40949150594 
 0.471486636346  0.471486636227 
 0.542867543932  0.542867544132 
 0.625055192527  0.625055192329 
 0.719685673001  0.719685672494 
 0.828642772855  0.828642773178 
 0.95409547635  0.954095412161 
 1.09854114199  1.09854096181 
 1.26485521686  1.26485468683 
 1.4563484775  1.4563470679 
 1.67683293681  1.67682941045 
 1.93069772888  1.9306890936 
 2.22299648253  2.2229752507 
 2.5595479227  2.5594942477 
 2.94705170255  2.94690986057 
 3.3932217719  3.3928253878 
 3.90693993705  3.905757389 
 4.49843266897  4.49464786766 
 5.17947467923  5.1664509681 
 5.96362331659  5.91585456507 
 6.86648845004  6.68818524645 
 7.90604321091  7.88896949231 
 9.10298177992  9.08970497659 
 10.4811313415  10.4698034243 
 12.0679264064  12.0581157768 
 13.8949549437  13.8864377184 
 15.9985871961  15.9911900006 
 18.4206996933  18.4142746969 
 21.2095088792  21.2039280404 
 24.4205309455  24.4156831183 
 28.1176869797  28.1134756513 
 32.3745754282  32.3709167838 
 37.2759372031  37.2727584511 
 42.9193426013  42.9165805202 
 49.4171336132  49.4147332921 
 56.8986602902  56.8965740358 
 65.512855686  65.511042075 
 75.4312006335  75.4296236905 
 86.8511373751  86.8497658602 
 100.0  99.9988067914 
35564803.0622 50 
 0.1  0.100000000183 
 0.115139539933  0.115139539915 
 0.132571136559  0.132571136559 
 0.152641796718  0.152641796727 
 0.175751062485  0.175751062492 
 0.202358964773  0.202358964786 
 0.232995181052  0.232995181069 
 0.268269579528  0.268269579547 
 0.308884359648  0.308884359683 
 0.355648030622  0.355648030833 
 0.409491506238  0.409491506365 
 0.471486636346  0.471486636379 
 0.542867543932  0.542867543945 
 0.625055192527  0.625055192237 
 0.719685673001  0.719685672637 
 0.828642772855  0.828642764896 
 0.95409547635  0.954095409148 
 1.09854114199  1.09854095603 
 1.26485521686  1.26485468778 
 1.4563484775  1.45634700458 
 1.67683293681  1.67682924797 
 1.93069772888  1.93068864856 
 2.22299648253  2.22297440805 
 2.5595479227  2.55949219274 
 2.94705170255  2.94690433951 
 3.3932217719  3.39281028639 
 3.90693993705  3.90571304054 
 4.49843266897  4.49450764844 
 5.17947467923  5.16597741504 
 5.96362331659  5.91418378631 
 6.86648845004  6.84815812796 
 7.90604321091  7.89642778792 
 9.10298177992  9.0951337614 
 10.4811313415  10.4743861145 
 12.0679264064  12.0620777451 
 13.8949549437  13.8898763347 
 15.9985871961  15.9941762097 
 18.4206996933  18.4168683379 
 21.2095088792  21.2061808538 
 24.4205309455  24.4176399996 
 28.1176869797  28.1151755779 
 32.3745754282  32.3723936001 
 37.2759372031  37.2740415477 
 42.9193426013  42.9176954215 
 49.4171336132  49.4157021661 
 56.8986602902  56.8974161358 
 65.512855686  65.5117741227 
 75.4312006335  75.4302602081 
 86.8511373751  86.8503194579 
 100.0  99.999288417 
59636233.1659 50 
 0.1  0.0999999999951 
 0.115139539933  0.115139539929 
 0.132571136559  0.132571136603 
 0.152641796718  0.152641796771 
 0.175751062485  0.1757510625 
 0.202358964773  0.202358964799 
 0.232995181052  0.23299518108 
 0.268269579528  0.268269579559 
 0.308884359648  0.308884360145 
 0.355648030622  0.355648030645 
 0.409491506238  0.40949150636 
 0.471486636346  0.471486636477 
 0.542867543932  0.542867543943 
 0.625055192527  0.625055192151 
 0.719685673001  0.719685670751 
 0.828642772855  0.828642748501 
 0.95409547635  0.954095406742 
 1.09854114199  1.09854094331 
 1.26485521686  1.26485464489 
 1.4563484775  1.4563469681 
 1.67683293681  1.67682912689 
 1.93069772888  1.93068845922 
 2.22299648253  2.2229735807 
 2.5595479227  2.55949012502 
 2.94705170255  2.94689893353 
 3.3932217719  3.39279518801 
 3.90693993705  3.90566849881 
 4.49843266897  4.49436739689 
 5.17947467923  5.16550435154 
 5.96362331659  5.91251770234 
 6.86648845004  6.85847227548 
 7.90604321091  7.90048672692 
 9.10298177992  9.09832578055 
 10.4811313415  10.47711239 
 12.0679264064  12.0644392051 
 13.8949549437  13.8919265168 
 15.9985871961  15.9959568001 
 18.4206996933  18.4184149134 
 21.2095088792  21.207524233 
 24.4205309455  24.4188069354 
 28.1176869797  28.1161893012 
 32.3745754282  32.3732742858 
 37.2759372031  37.2748067172 
 42.9193426013  42.9183602929 
 49.4171336132  49.4162799571 
 56.8986602902  56.8979183266 
 65.512855686  65.5122106845 
 75.4312006335  75.4306398006 
 86.8511373751  86.850649601 
 100.0  99.9995756393 
100000000.0 50 
 0.1  0.100000000012 
 0.115139539933  0.115139539944 
 0.132571136559  0.132571136565 
 0.152641796718  0.152641796727 
 0.175751062485  0.175751062504 
 0.202358964773  0.202358964777 
 0.232995181052  0.232995181184 
 0.268269579528  0.268269579509 
 0.308884359648  0.308884359701 
 0.355648030622  0.35564803066 
 0.409491506238  0.40949150625 
 0.471486636346  0.471486634844 
 0.542867543932  0.542867543642 
 0.625055192527  0.625055192946 
 0.719685673001  0.719685671538 
 0.828642772855  0.828642748002 
 0.95409547635  0.954095404783 
 1.09854114199  1.09854093955 
 1.26485521686  1.26485461899 
 1.4563484775  1.45634690578 
 1.67683293681  1.67682896158 
 1.93069772888  1.93068811572 
 2.22299648253  2.22297268993 
 2.5595479227  2.55948798763 
 2.94705170255  2.94689350854 
 3.3932217719  3.39278025852 
 3.90693993705  3.90562411104 
 4.49843266897  4.49422726656 
 5.17947467923  5.1650314278 
 5.96362331659  5.91085631474 
 6.86648845004  6.86226679519 
 7.90604321091  7.9027885229 
 9.10298177992  9.10021363355 
 10.4811313415  10.4787358831 
 12.0679264064  12.0658470267 
 13.8949549437  13.8931489979 
 15.9985871961  15.9970185804 
 18.4206996933  18.4193371708 
 21.2095088792  21.2083253333 
 24.4205309455  24.4195028254 
 28.1176869797  28.1167938303 
 32.3745754282  32.3737994821 
 37.2759372031  37.275263028 
 42.9193426013  42.9187567923 
 49.4171336132  49.4166245266 
 56.8986602902  56.8982178122 
 65.512855686  65.5124710321 
 75.4312006335  75.4308661744 
 86.8511373751  86.8508464853 
 100.0  99.9997469275 
