0.001 50 
 0.1  0.1 
 0.115139539933  0.115139539933 
 0.132571136559  0.132571136559 
 0.152641796718  0.152641796718 
 0.175751062485  0.175751062485 
 0.202358964773  0.202358964773 
 0.232995181052  0.232995181052 
 0.268269579528  0.268269579528 
 0.308884359648  0.308884359648 
 0.355648030622  0.355648030622 
 0.409491506238  0.409491506238 
 0.471486636346  0.471486636346 
 0.542867543932  0.542867543932 
 0.625055192527  0.625055192527 
 0.719685673001  0.719685673001 
 0.828642772855  0.828642772855 
 0.95409547635  0.95409547635 
 1.09854114199  1.09854114199 
 1.26485521686  1.26485521686 
 1.4563484775  1.4563484775 
 1.67683293681  1.67683293681 
 1.93069772888  1.93069772888 
 2.22299648253  2.22299648253 
 2.5595479227  2.5595479227 
 2.94705170255  2.94705170255 
 3.3932217719  3.39322177189 
 3.90693993705  3.90693993704 
 4.49843266897  4.4984326689 
 5.17947467923  5.17947467897 
 5.96362331659  5.96362331547 
 6.86648845004  6.86648844482 
 7.90604321091  7.90604318431 
 9.10298177992  9.10298163077 
 10.4811313415  10.4811304152 
 12.0679264064  12.0679199992 
 13.8949549437  13.8949053515 
 15.9985871961  15.9981556019 
 18.4206996933  18.4164638911 
 21.2095088792  21.1631108544 
 24.4205309455  23.9238980072 
 28.1176869797  25.2639982041 
 32.3745754282  25.2979799639 
 37.2759372031  25.164468364 
 42.9193426013  25.0509147581 
 49.4171336132  24.9595003001 
 56.8986602902  24.8842755422 
 65.512855686  24.8215120566 
 75.4312006335  24.7689826151 
 86.8511373751  24.7253528349 
 100.0  24.6895025919 
0.00167683293681 50 
 0.1  0.1 
 0.115139539933  0.115139539933 
 0.132571136559  0.132571136559 
 0.152641796718  0.152641796718 
 0.175751062485  0.175751062485 
 0.202358964773  0.202358964773 
 0.232995181052  0.232995181052 
 0.268269579528  0.268269579528 
 0.308884359648  0.308884359648 
 0.355648030622  0.355648030622 
 0.409491506238  0.409491506238 
 0.471486636346  0.471486636346 
 0.542867543932  0.542867543932 
 0.625055192527  0.625055192527 
 0.719685673001  0.719685673001 
 0.828642772855  0.828642772855 
 0.95409547635  0.95409547635 
 1.09854114199  1.09854114199 
 1.26485521686  1.26485521686 
 1.4563484775  1.4563484775 
 1.67683293681  1.67683293681 
 1.93069772888  1.93069772888 
 2.22299648253  2.22299648253 
 2.5595479227  2.5595479227 
 2.94705170255  2.94705170255 
 3.3932217719  3.39322177189 
 3.90693993705  3.90693993702 
 4.49843266897  4.49843266886 
 5.17947467923  5.17947467879 
 5.96362331659  5.9636233147 
 6.86648845004  6.86648844127 
 7.90604321091  7.90604316625 
 9.10298177992  9.10298152945 
 10.4811313415  10.4811297852 
 12.0679264064  12.0679156376 
 13.8949549437  13.8948715434 
 15.9985871961  15.9978608954 
 18.4206996933  18.4135719993 
 21.2095088792  21.1321893669 
 24.4205309455  23.6628745769 
 28.1176869797  24.59709717 
 32.3745754282  24.5647374881 
 37.2759372031  24.4435899011 
 42.9193426013  24.3414772059 
 49.4171336132  24.2577276697 
 56.8986602902  24.1878213786 
 65.512855686  24.1290075532 
 75.4312006335  24.0795779556 
 86.8511373751  24.0384400161 
 100.0  24.00484318 
0.00281176869797 50 
 0.1  0.1 
 0.115139539933  0.115139539933 
 0.132571136559  0.132571136559 
 0.152641796718  0.152641796718 
 0.175751062485  0.175751062485 
 0.202358964773  0.202358964773 
 0.232995181052  0.232995181052 
 0.268269579528  0.268269579528 
 0.308884359648  0.308884359648 
 0.355648030622  0.355648030622 
 0.409491506238  0.409491506238 
 0.471486636346  0.471486636346 
 0.542867543932  0.542867543932 
 0.625055192527  0.625055192527 
 0.719685673001  0.719685673001 
 0.828642772855  0.828642772855 
 0.95409547635  0.95409547635 
 1.09854114199  1.09854114199 
 1.26485521686  1.26485521686 
 1.4563484775  1.4563484775 
 1.67683293681  1.67683293681 
 1.93069772888  1.93069772888 
 2.22299648253  2.22299648253 
 2.5595479227  2.5595479227 
 2.94705170255  2.94705170255 
 3.3932217719  3.39322177188 
 3.90693993705  3.906939937 
 4.49843266897  4.49843266878 
 5.17947467923  5.17947467849 
 5.96362331659  5.96362331342 
 6.86648845004  6.8664884353 
 7.90604321091  7.90604313587 
 9.10298177992  9.10298135884 
 10.4811313415  10.4811287236 
 12.0679264064  12.0679082782 
 13.8949549437  13.894814414 
 15.9985871961  15.9973620365 
 18.4206996933  18.4086781254 
 21.2095088792  21.0811912014 
 24.4205309455  23.3080593222 
 28.1176869797  23.9059252968 
 32.3745754282  23.8407903273 
 37.2759372031  23.7322500994 
 42.9193426013  23.6404601292 
 49.4171336132  23.5638350518 
 56.8986602902  23.4991222268 
 65.512855686  23.4443095302 
 75.4312006335  23.3981887446 
 86.8511373751  23.3598743342 
 100.0  23.328671075 
0.00471486636346 50 
 0.1  0.1 
 0.115139539933  0.115139539933 
 0.132571136559  0.132571136559 
 0.152641796718  0.152641796718 
 0.175751062485  0.175751062485 
 0.202358964773  0.202358964773 
 0.232995181052  0.232995181052 
 0.268269579528  0.268269579528 
 0.308884359648  0.308884359648 
 0.355648030622  0.355648030622 
 0.409491506238  0.409491506238 
 0.471486636346  0.471486636346 
 0.542867543932  0.542867543932 
 0.625055192527  0.625055192527 
 0.719685673001  0.719685673001 
 0.828642772855  0.828642772855 
 0.95409547635  0.95409547635 
 1.09854114199  1.09854114199 
 1.26485521686  1.26485521686 
 1.4563484775  1.4563484775 
 1.67683293681  1.67683293681 
 1.93069772888  1.93069772888 
 2.22299648253  2.22299648253 
 2.5595479227  2.5595479227 
 2.94705170255  2.94705170254 
 3.3932217719  3.39322177187 
 3.90693993705  3.90693993697 
 4.49843266897  4.49843266865 
 5.17947467923  5.17947467798 
 5.96362331659  5.96362331126 
 6.86648845004  6.86648842526 
 7.90604321091  7.90604308464 
 9.10298177992  9.1029810708 
 10.4811313415  10.4811269285 
 12.0679264064  12.0678958098 
 13.8949549437  13.8947173832 
 15.9985871961  15.9965123813 
 18.4206996933  18.4003484799 
 21.2095088792  20.997992992 
 24.4205309455  22.8560565531 
 28.1176869797  23.2013174639 
 32.3745754282  23.1236809479 
 37.2759372031  23.0274873059 
 42.9193426013  22.9453276028 
 49.4171336132  22.8756276669 
 56.8986602902  22.8162242235 
 65.512855686  22.7657334288 
 75.4312006335  22.7232627134 
 86.8511373751  22.6881045952 
 100.0  22.6595313104 
0.00790604321091 50 
 0.1  0.1 
 0.115139539933  0.115139539933 
 0.132571136559  0.132571136559 
 0.152641796718  0.152641796718 
 0.175751062485  0.175751062485 
 0.202358964773  0.202358964773 
 0.232995181052  0.232995181052 
 0.268269579528  0.268269579528 
 0.308884359648  0.308884359648 
 0.355648030622  0.355648030622 
 0.409491506238  0.409491506238 
 0.471486636346  0.471486636346 
 0.542867543932  0.542867543932 
 0.625055192527  0.625055192527 
 0.719685673001  0.719685673001 
 0.828642772855  0.828642772855 
 0.95409547635  0.95409547635 
 1.09854114199  1.09854114199 
 1.26485521686  1.26485521686 
 1.4563484775  1.4563484775 
 1.67683293681  1.67683293681 
 1.93069772888  1.93069772888 
 2.22299648253  2.22299648252 
 2.5595479227  2.55954792269 
 2.94705170255  2.94705170254 
 3.3932217719  3.39322177185 
 3.90693993705  3.90693993691 
 4.49843266897  4.49843266843 
 5.17947467923  5.17947467712 
 5.96362331659  5.96362330761 
 6.86648845004  6.86648840828 
 7.90604321091  7.90604299793 
 9.10298177992  9.1029805823 
 10.4811313415  10.4811238763 
 12.0679264064  12.0678745426 
 13.8949549437  13.89455121 
 15.9985871961  15.9950507769 
 18.4206996933  18.3860440126 
 21.2095088792  20.8646432992 
 24.4205309455  22.3146568223 
 28.1176869797  22.4878605612 
 32.3745754282  22.4095630074 
 37.2759372031  22.325413486 
 42.9193426013  22.2526053352 
 49.4171336132  22.1900533619 
 56.8986602902  22.1363775743 
 65.512855686  22.0906762074 
 75.4312006335  22.0522711659 
 86.8511373751  22.0205104469 
 100.0  21.9947149667 
0.0132571136559 50 
 0.1  0.1 
 0.115139539933  0.115139539933 
 0.132571136559  0.132571136559 
 0.152641796718  0.152641796718 
 0.175751062485  0.175751062485 
 0.202358964773  0.202358964773 
 0.232995181052  0.232995181052 
 0.268269579528  0.268269579528 
 0.308884359648  0.308884359648 
 0.355648030622  0.355648030622 
 0.409491506238  0.409491506238 
 0.471486636346  0.471486636346 
 0.542867543932  0.542867543932 
 0.625055192527  0.625055192527 
 0.719685673001  0.719685673001 
 0.828642772855  0.828642772855 
 0.95409547635  0.95409547635 
 1.09854114199  1.09854114199 
 1.26485521686  1.26485521686 
 1.4563484775  1.4563484775 
 1.67683293681  1.67683293681 
 1.93069772888  1.93069772888 
 2.22299648253  2.22299648252 
 2.5595479227  2.55954792269 
 2.94705170255  2.94705170253 
 3.3932217719  3.39322177182 
 3.90693993705  3.9069399368 
 4.49843266897  4.49843266806 
 5.17947467923  5.17947467567 
 5.96362331659  5.96362330143 
 6.86648845004  6.86648837944 
 7.90604321091  7.90604285025 
 9.10298177992  9.10297974767 
 10.4811313415  10.4811186402 
 12.0679264064  12.0678378692 
 13.8949549437  13.8942628172 
 15.9985871961  15.9924967432 
 18.4206996933  18.3611575032 
 21.2095088792  20.6568074959 
 24.4205309455  21.6982375154 
 28.1176869797  21.7654881127 
 32.3745754282  21.6932033245 
 37.2759372031  21.6209725188 
 42.9193426013  21.5576911602 
 49.4171336132  21.5027506608 
 56.8986602902  21.4553848556 
 65.512855686  21.4149858881 
 75.4312006335  21.3810132582 
 86.8511373751  21.3528743401 
 100.0  21.3299607705 
0.0222299648253 50 
 0.1  0.1 
 0.115139539933  0.115139539933 
 0.132571136559  0.132571136559 
 0.152641796718  0.152641796718 
 0.175751062485  0.175751062485 
 0.202358964773  0.202358964773 
 0.232995181052  0.232995181052 
 0.268269579528  0.268269579528 
 0.308884359648  0.308884359648 
 0.355648030622  0.355648030622 
 0.409491506238  0.409491506238 
 0.471486636346  0.471486636346 
 0.542867543932  0.542867543932 
 0.625055192527  0.625055192527 
 0.719685673001  0.719685673001 
 0.828642772855  0.828642772855 
 0.95409547635  0.95409547635 
 1.09854114199  1.09854114199 
 1.26485521686  1.26485521686 
 1.4563484775  1.4563484775 
 1.67683293681  1.67683293681 
 1.93069772888  1.93069772888 
 2.22299648253  2.22299648252 
 2.5595479227  2.55954792269 
 2.94705170255  2.94705170251 
 3.3932217719  3.39322177177 
 3.90693993705  3.90693993663 
 4.49843266897  4.49843266744 
 5.17947467923  5.17947467321 
 5.96362331659  5.96362329088 
 6.86648845004  6.86648833005 
 7.90604321091  7.90604259626 
 9.10298177992  9.10297830457 
 10.4811313415  10.4811095279 
 12.0679264064  12.0677735299 
 13.8949549437  13.8937518506 
 15.9985871961  15.9879265135 
 18.4206996933  18.3171182714 
 21.2095088792  20.3462853397 
 24.4205309455  21.0214541399 
 28.1176869797  21.0307380118 
 32.3745754282  20.9680983206 
 37.2759372031  20.9078029964 
 42.9193426013  20.8543962537 
 49.4171336132  20.8076487886 
 56.8986602902  20.767143399 
 65.512855686  20.7324890957 
 75.4312006335  20.7032452451 
 86.8511373751  20.6789359501 
 100.0  20.6590487827 
0.0372759372031 50 
 0.1  0.1 
 0.115139539933  0.115139539933 
 0.132571136559  0.132571136559 
 0.152641796718  0.152641796718 
 0.175751062485  0.175751062485 
 0.202358964773  0.202358964773 
 0.232995181052  0.232995181052 
 0.268269579528  0.268269579528 
 0.308884359648  0.308884359648 
 0.355648030622  0.355648030622 
 0.409491506238  0.409491506238 
 0.471486636346  0.471486636346 
 0.542867543932  0.542867543932 
 0.625055192527  0.625055192527 
 0.719685673001  0.719685673001 
 0.828642772855  0.828642772855 
 0.95409547635  0.95409547635 
 1.09854114199  1.09854114199 
 1.26485521686  1.26485521686 
 1.4563484775  1.4563484775 
 1.67683293681  1.67683293681 
 1.93069772888  1.93069772888 
 2.22299648253  2.22299648252 
 2.5595479227  2.55954792268 
 2.94705170255  2.94705170248 
 3.3932217719  3.39322177168 
 3.90693993705  3.90693993634 
 4.49843266897  4.49843266637 
 5.17947467923  5.17947466898 
 5.96362331659  5.96362327266 
 6.86648845004  6.86648824432 
 7.90604321091  7.90604215243 
 9.10298177992  9.10297576223 
 10.4811313415  10.4810933139 
 12.0679264064  12.0676576482 
 13.8949549437  13.8928182056 
 15.9985871961  15.9794673265 
 18.4206996933  18.2378072309 
 21.2095088792  19.9089981002 
 24.4205309455  20.2954901742 
 28.1176869797  20.2782765354 
 32.3745754282  20.226948856 
 37.2759372031  20.1784805171 
 42.9193426013  20.1351638805 
 49.4171336132  20.0969565462 
 56.8986602902  20.0636571724 
 65.512855686  20.0350204837 
 75.4312006335  20.0107265193 
 86.8511373751  19.9904160582 
 100.0  19.9737045098 
0.0625055192527 50 
 0.1  0.1 
 0.115139539933  0.115139539933 
 0.132571136559  0.132571136559 
 0.152641796718  0.152641796718 
 0.175751062485  0.175751062485 
 0.202358964773  0.202358964773 
 0.232995181052  0.232995181052 
 0.268269579528  0.268269579528 
 0.308884359648  0.308884359648 
 0.355648030622  0.355648030622 
 0.409491506238  0.409491506238 
 0.471486636346  0.471486636346 
 0.542867543932  0.542867543932 
 0.625055192527  0.625055192527 
 0.719685673001  0.719685673001 
 0.828642772855  0.828642772855 
 0.95409547635  0.95409547635 
 1.09854114199  1.09854114199 
 1.26485521686  1.26485521685 
 1.4563484775  1.4563484775 
 1.67683293681  1.67683293681 
 1.93069772888  1.93069772888 
 2.22299648253  2.22299648251 
 2.5595479227  2.55954792266 
 2.94705170255  2.94705170244 
 3.3932217719  3.39322177154 
 3.90693993705  3.90693993583 
 4.49843266897  4.49843266451 
 5.17947467923  5.17947466159 
 5.96362331659  5.96362324065 
 6.86648845004  6.86648809239 
 7.90604321091  7.90604135781 
 9.10298177992  9.10297115475 
 10.4811313415  10.4810634992 
 12.0679264064  12.0674408633 
 13.8949549437  13.8910373478 
 15.9985871961  15.9631121471 
 18.4206996933  18.0939279473 
 21.2095088792  19.3369586753 
 24.4205309455  19.5278150695 
 28.1176869797  19.5026333137 
 32.3745754282  19.4628106104 
 37.2759372031  19.4255769237 
 42.9193426013  19.3920489903 
 49.4171336132  19.3622689431 
 56.8986602902  19.3361483751 
 65.512855686  19.3135347883 
 75.4312006335  19.2942249979 
 86.8511373751  19.2779789054 
 100.0  19.2645263551 
0.104811313415 50 
 0.1  0.1 
 0.115139539933  0.115139539933 
 0.132571136559  0.132571136559 
 0.152641796718  0.152641796718 
 0.175751062485  0.175751062485 
 0.202358964773  0.202358964773 
 0.232995181052  0.232995181052 
 0.268269579528  0.268269579528 
 0.308884359648  0.308884359648 
 0.355648030622  0.355648030622 
 0.409491506238  0.409491506238 
 0.471486636346  0.471486636346 
 0.542867543932  0.542867543932 
 0.625055192527  0.625055192527 
 0.719685673001  0.719685673001 
 0.828642772855  0.828642772855 
 0.95409547635  0.95409547635 
 1.09854114199  1.09854114199 
 1.26485521686  1.26485521685 
 1.4563484775  1.4563484775 
 1.67683293681  1.67683293681 
 1.93069772888  1.93069772887 
 2.22299648253  2.22299648251 
 2.5595479227  2.55954792263 
 2.94705170255  2.94705170236 
 3.3932217719  3.39322177128 
 3.90693993705  3.90693993495 
 4.49843266897  4.49843266122 
 5.17947467923  5.1794746484 
 5.96362331659  5.96362318287 
 6.86648845004  6.86648781463 
 7.90604321091  7.90603988368 
 9.10298177992  9.1029624604 
 10.4811313415  10.4810061207 
 12.0679264064  12.0670142274 
 13.8949549437  13.887449966 
 15.9985871961  15.9299417155 
 18.4206996933  17.8390929729 
 21.2095088792  18.6450956799 
 24.4205309455  18.7239676777 
 28.1176869797  18.7001651621 
 32.3745754282  18.6708704724 
 37.2759372031  18.6436193968 
 42.9193426013  18.618942457 
 49.4171336132  18.5968827669 
 56.8986602902  18.5774114374 
 65.512855686  18.5604435803 
 75.4312006335  18.545858158 
 86.8511373751  18.5335056566 
 100.0  18.5232122017 
0.175751062485 50 
 0.1  0.1 
 0.115139539933  0.115139539933 
 0.132571136559  0.132571136559 
 0.152641796718  0.152641796718 
 0.175751062485  0.175751062485 
 0.202358964773  0.202358964773 
 0.232995181052  0.232995181052 
 0.268269579528  0.268269579528 
 0.308884359648  0.308884359648 
 0.355648030622  0.355648030622 
 0.409491506238  0.409491506238 
 0.471486636346  0.471486636346 
 0.542867543932  0.542867543932 
 0.625055192527  0.625055192527 
 0.719685673001  0.719685673001 
 0.828642772855  0.828642772855 
 0.95409547635  0.95409547635 
 1.09854114199  1.09854114199 
 1.26485521686  1.26485521685 
 1.4563484775  1.4563484775 
 1.67683293681  1.67683293681 
 1.93069772888  1.93069772887 
 2.22299648253  2.22299648249 
 2.5595479227  2.55954792259 
 2.94705170255  2.94705170221 
 3.3932217719  3.39322177081 
 3.90693993705  3.90693993334 
 4.49843266897  4.49843265523 
 5.17947467923  5.17947462401 
 5.96362331659  5.96362307442 
 6.86648845004  6.86648728424 
 7.90604321091  7.90603701341 
 9.10298177992  9.10294515871 
 10.4811313415  10.48088915 
 12.0679264064  12.0661216674 
 13.8949549437  13.8797681395 
 15.9985871961  15.860099883 
 18.4206996933  17.4218331735 
 21.2095088792  17.8644916964 
 24.4205309455  17.8896612847 
 28.1176869797  17.8707773308 
 32.3745754282  17.8502615758 
 37.2759372031  17.8312334865 
 42.9193426013  17.8139309115 
 49.4171336132  17.7983859191 
 56.8986602902  17.7845874731 
 65.512855686  17.7724928507 
 75.4312006335  17.7620334847 
 86.8511373751  17.7531187423 
 100.0  17.7456375341 
0.294705170255 50 
 0.1  0.1 
 0.115139539933  0.115139539933 
 0.132571136559  0.132571136559 
 0.152641796718  0.152641796718 
 0.175751062485  0.175751062485 
 0.202358964773  0.202358964773 
 0.232995181052  0.232995181052 
 0.268269579528  0.268269579528 
 0.308884359648  0.308884359648 
 0.355648030622  0.355648030622 
 0.409491506238  0.409491506238 
 0.471486636346  0.471486636346 
 0.542867543932  0.542867543932 
 0.625055192527  0.625055192527 
 0.719685673001  0.719685673001 
 0.828642772855  0.828642772854 
 0.95409547635  0.95409547635 
 1.09854114199  1.09854114199 
 1.26485521686  1.26485521685 
 1.4563484775  1.4563484775 
 1.67683293681  1.6768329368 
 1.93069772888  1.93069772886 
 2.22299648253  2.22299648246 
 2.5595479227  2.5595479225 
 2.94705170255  2.94705170195 
 3.3932217719  3.39322176996 
 3.90693993705  3.90693993034 
 4.49843266897  4.49843264381 
 5.17947467923  5.17947457674 
 5.96362331659  5.96362286004 
 6.86648845004  6.86648621288 
 7.90604321091  7.90603108029 
 9.10298177992  9.10290849198 
 10.4811313415  10.4806346823 
 12.0679264064  12.0641288284 
 13.8949549437  13.8623469298 
 15.9985871961  15.7129323501 
 18.4206996933  16.8233619104 
 21.2095088792  17.0283105018 
 24.4205309455  17.0321498901 
 28.1176869797  17.018599485 
 32.3745754282  17.004835418 
 37.2759372031  16.9920904741 
 42.9193426013  16.9804684203 
 49.4171336132  16.9699864082 
 56.8986602902  16.9606389825 
 65.512855686  16.9524035596 
 75.4312006335  16.9452382164 
 86.8511373751  16.9390855332 
 100.0  16.9338722937 
0.494171336132 50 
 0.1  0.1 
 0.115139539933  0.115139539933 
 0.132571136559  0.132571136559 
 0.152641796718  0.152641796718 
 0.175751062485  0.175751062485 
 0.202358964773  0.202358964773 
 0.232995181052  0.232995181052 
 0.268269579528  0.268269579528 
 0.308884359648  0.308884359648 
 0.355648030622  0.355648030622 
 0.409491506238  0.409491506238 
 0.471486636346  0.471486636346 
 0.542867543932  0.542867543932 
 0.625055192527  0.625055192527 
 0.719685673001  0.719685673001 
 0.828642772855  0.828642772854 
 0.95409547635  0.954095476349 
 1.09854114199  1.09854114199 
 1.26485521686  1.26485521685 
 1.4563484775  1.45634847749 
 1.67683293681  1.6768329368 
 1.93069772888  1.93069772885 
 2.22299648253  2.22299648244 
 2.5595479227  2.55954792234 
 2.94705170255  2.94705170145 
 3.3932217719  3.3932217683 
 3.90693993705  3.90693992442 
 4.49843266897  4.49843262084 
 5.17947467923  5.17947447955 
 5.96362331659  5.96362240914 
 6.86648845004  6.86648390505 
 7.90604321091  7.9060179822 
 9.10298177992  9.10282549132 
 10.4811313415  10.4800442015 
 12.0679264064  12.0594047492 
 13.8949549437  13.8212754459 
 15.9985871961  15.423899178 
 18.4206996933  16.0812361685 
 21.2095088792  16.1630726585 
 24.4205309455  16.1603628425 
 28.1176869797  16.1512529361 
 32.3745754282  16.142338883 
 37.2759372031  16.1340910832 
 42.9193426013  16.1265519544 
 49.4171336132  16.119729038 
 56.8986602902  16.1136164472 
 65.512855686  16.1081969697 
 75.4312006335  16.1034424788 
 86.8511373751  16.0993088549 
 100.0  16.0957387054 
0.828642772855 50 
 0.1  0.1 
 0.115139539933  0.115139539933 
 0.132571136559  0.132571136559 
 0.152641796718  0.152641796718 
 0.175751062485  0.175751062485 
 0.202358964773  0.202358964773 
 0.232995181052  0.232995181052 
 0.268269579528  0.268269579528 
 0.308884359648  0.308884359648 
 0.355648030622  0.355648030622 
 0.409491506238  0.409491506238 
 0.471486636346  0.471486636346 
 0.542867543932  0.542867543932 
 0.625055192527  0.625055192527 
 0.719685673001  0.719685673001 
 0.828642772855  0.828642772854 
 0.95409547635  0.954095476349 
 1.09854114199  1.09854114199 
 1.26485521686  1.26485521685 
 1.4563484775  1.45634847749 
 1.67683293681  1.6768329368 
 1.93069772888  1.93069772882 
 2.22299648253  2.22299648229 
 2.5595479227  2.55954792202 
 2.94705170255  2.94705170044 
 3.3932217719  3.39322176489 
 3.90693993705  3.90693991198 
 4.49843266897  4.49843257153 
 5.17947467923  5.17947426614 
 5.96362331659  5.96362139601 
 6.86648845004  6.86647860035 
 7.90604321091  7.90598716619 
 9.10298177992  9.10262585393 
 10.4811313415  10.4785950484 
 12.0679264064  12.0476815241 
 13.8949549437  13.7245389479 
 15.9985871961  14.9390274142 
 18.4206996933  15.2588267217 
 21.2095088792  15.287705208 
 24.4205309455  15.2840454148 
 28.1176869797  15.2781856922 
 32.3745754282  15.2725679753 
 37.2759372031  15.2673667309 
 42.9193426013  15.2625969526 
 49.4171336132  15.2582581762 
 56.8986602902  15.2543419233 
 65.512855686  15.250831097 
 75.4312006335  15.2476975159 
 86.8511373751  15.2448989195 
 100.0  15.2423744662 
1.38949549437 50 
 0.1  0.1 
 0.115139539933  0.115139539933 
 0.132571136559  0.132571136559 
 0.152641796718  0.152641796718 
 0.175751062485  0.175751062485 
 0.202358964773  0.202358964773 
 0.232995181052  0.232995181052 
 0.268269579528  0.268269579528 
 0.308884359648  0.308884359648 
 0.355648030622  0.355648030622 
 0.409491506238  0.409491506238 
 0.471486636346  0.471486636346 
 0.542867543932  0.542867543932 
 0.625055192527  0.625055192527 
 0.719685673001  0.719685673001 
 0.828642772855  0.828642772854 
 0.95409547635  0.954095476349 
 1.09854114199  1.09854114198 
 1.26485521686  1.26485521685 
 1.4563484775  1.4563484775 
 1.67683293681  1.67683293678 
 1.93069772888  1.93069772875 
 2.22299648253  2.22299648206 
 2.5595479227  2.55954792134 
 2.94705170255  2.94705169828 
 3.3932217719  3.39322175742 
 3.90693993705  3.9069398841 
 4.49843266897  4.49843245856 
 5.17947467923  5.17947376618 
 5.96362331659  5.96361897462 
 6.86648845004  6.86646566545 
 7.90604321091  7.90591061783 
 9.10298177992  9.10212139541 
 10.4811313415  10.4748849805 
 12.0679264064  12.0179186747 
 13.8949549437  13.5123527221 
 15.9985871961  14.2744418874 
 18.4206996933  14.4066753939 
 21.2095088792  14.4155965715 
 24.4205309455  14.4126318481 
 28.1176869797  14.4089697521 
 32.3745754282  14.405492252 
 37.2759372031  14.4022603891 
 42.9193426013  14.3992753946 
 49.4171336132  14.3965305837 
 56.8986602902  14.39401118 
 65.512855686  14.3916940646 
 75.4312006335  14.3895426702 
 86.8511373751  14.3875025936 
 100.0  14.3854931138 
2.32995181052 50 
 0.1  0.1 
 0.115139539933  0.115139539933 
 0.132571136559  0.132571136559 
 0.152641796718  0.152641796718 
 0.175751062485  0.175751062485 
 0.202358964773  0.202358964772 
 0.232995181052  0.232995181051 
 0.268269579528  0.268269579528 
 0.308884359648  0.308884359648 
 0.355648030622  0.355648030622 
 0.409491506238  0.409491506238 
 0.471486636346  0.471486636346 
 0.542867543932  0.542867543932 
 0.625055192527  0.625055192527 
 0.719685673001  0.719685673 
 0.828642772855  0.828642772854 
 0.95409547635  0.954095476348 
 1.09854114199  1.09854114198 
 1.26485521686  1.26485521686 
 1.4563484775  1.4563484775 
 1.67683293681  1.67683293673 
 1.93069772888  1.93069772866 
 2.22299648253  2.22299648157 
 2.5595479227  2.55954791982 
 2.94705170255  2.94705169331 
 3.3932217719  3.39322173993 
 3.90693993705  3.9069398176 
 4.49843266897  4.49843218343 
 5.17947467923  5.17947253082 
 5.96362331659  5.96361288417 
 6.86648845004  6.86643263133 
 7.90604321091  7.90571243729 
 9.10298177992  9.10080051756 
 10.4811313415  10.4651410104 
 12.0679264064  11.9434524408 
 13.8949549437  13.1181227689 
 15.9985871961  13.505186301 
 18.4206996933  13.5544044177 
 21.2095088792  13.5565644117 
 24.4205309455  13.5545065529 
 28.1176869797  13.5522495324 
 32.3745754282  13.5501051612 
 37.2759372031  13.548089445 
 42.9193426013  13.5461944027 
 49.4171336132  13.5444051288 
 56.8986602902  13.5426977229 
 65.512855686  13.5410346743 
 75.4312006335  13.5393620818 
 86.8511373751  13.5375970497 
 100.0  13.5356167665 
3.90693993705 50 
 0.1  0.0999999999999 
 0.115139539933  0.115139539933 
 0.132571136559  0.132571136559 
 0.152641796718  0.152641796717 
 0.175751062485  0.175751062485 
 0.202358964773  0.202358964772 
 0.232995181052  0.232995181051 
 0.268269579528  0.268269579528 
 0.308884359648  0.308884359647 
 0.355648030622  0.355648030622 
 0.409491506238  0.409491506238 
 0.471486636346  0.471486636345 
 0.542867543932  0.542867543932 
 0.625055192527  0.625055192526 
 0.719685673001  0.719685673 
 0.828642772855  0.828642772853 
 0.95409547635  0.954095476344 
 1.09854114199  1.09854114197 
 1.26485521686  1.26485521688 
 1.4563484775  1.45634847748 
 1.67683293681  1.67683293654 
 1.93069772888  1.93069772814 
 2.22299648253  2.2229964804 
 2.5595479227  2.5595479162 
 2.94705170255  2.94705168125 
 3.3932217719  3.39322169633 
 3.90693993705  3.90693965046 
 4.49843266897  4.49843148425 
 5.17947467923  5.17946934018 
 5.96362331659  5.96359697395 
 6.86648845004  6.86634543771 
 7.90604321091  7.90518472474 
 9.10298177992  9.09726637213 
 10.4811313415  10.4394487766 
 12.0679264064  11.7713636028 
 13.8949549437  12.5364192871 
 15.9985871961  12.7009345381 
 18.4206996933  12.718195313 
 21.2095088792  12.718335815 
 24.4205309455  12.7169900773 
 28.1176869797  12.7155876424 
 32.3745754282  12.7142334147 
 37.2759372031  12.7129230638 
 42.9193426013  12.7116390612 
 49.4171336132  12.7103540385 
 56.8986602902  12.7090280894 
 65.512855686  12.707602006 
 75.4312006335  12.7059879976 
 86.8511373751  12.7040556204 
 100.0  12.7016070699 
6.5512855686 50 
 0.1  0.0999999999999 
 0.115139539933  0.115139539932 
 0.132571136559  0.132571136559 
 0.152641796718  0.152641796717 
 0.175751062485  0.175751062485 
 0.202358964773  0.202358964772 
 0.232995181052  0.232995181051 
 0.268269579528  0.268269579528 
 0.308884359648  0.308884359647 
 0.355648030622  0.355648030621 
 0.409491506238  0.409491506236 
 0.471486636346  0.471486636344 
 0.542867543932  0.54286754393 
 0.625055192527  0.625055192522 
 0.719685673001  0.719685672997 
 0.828642772855  0.828642772846 
 0.95409547635  0.954095476331 
 1.09854114199  1.09854114196 
 1.26485521686  1.26485521686 
 1.4563484775  1.45634847735 
 1.67683293681  1.67683293645 
 1.93069772888  1.93069772902 
 2.22299648253  2.22299647752 
 2.5595479227  2.55954790709 
 2.94705170255  2.94705165051 
 3.3932217719  3.39322158524 
 3.90693993705  3.90693921464 
 4.49843266897  4.49842964017 
 5.17947467923  5.1794608565 
 5.96362331659  5.96355435981 
 6.86648845004  6.86611047614 
 7.90604321091  7.90375750107 
 9.10298177992  9.08775294316 
 10.4811313415  10.3738260472 
 12.0679264064  11.4370894036 
 13.8949549437  11.8394268527 
 15.9985871961  11.9025103684 
 18.4206996933  11.9083743825 
 21.2095088792  11.9080403087 
 24.4205309455  11.9071592479 
 28.1176869797  11.9062430305 
 32.3745754282  11.905318104 
 37.2759372031  11.9043660343 
 42.9193426013  11.903355781 
 49.4171336132  11.9022430911 
 56.8986602902  11.9009616093 
 65.512855686  11.8994172837 
 75.4312006335  11.8974685992 
 86.8511373751  11.8949064782 
 100.0  11.8914148295 
10.9854114199 50 
 0.1  0.0999999999995 
 0.115139539933  0.115139539932 
 0.132571136559  0.132571136558 
 0.152641796718  0.152641796717 
 0.175751062485  0.175751062485 
 0.202358964773  0.202358964771 
 0.232995181052  0.23299518105 
 0.268269579528  0.268269579525 
 0.308884359648  0.308884359644 
 0.355648030622  0.355648030618 
 0.409491506238  0.409491506233 
 0.471486636346  0.47148663634 
 0.542867543932  0.542867543919 
 0.625055192527  0.625055192504 
 0.719685673001  0.719685672978 
 0.828642772855  0.82864277282 
 0.95409547635  0.954095476257 
 1.09854114199  1.09854114189 
 1.26485521686  1.26485521669 
 1.4563484775  1.45634847632 
 1.67683293681  1.67683293448 
 1.93069772888  1.93069772354 
 2.22299648253  2.22299646931 
 2.5595479227  2.55954788335 
 2.94705170255  2.94705156949 
 3.3932217719  3.39322128896 
 3.90693993705  3.90693804815 
 4.49843266897  4.49842467527 
 5.17947467923  5.17943791945 
 5.96362331659  5.96343874102 
 6.86648845004  6.86547215201 
 7.90604321091  7.89989294474 
 9.10298177992  9.06259990548 
 10.4811313415  10.2219234769 
 12.0679264064  10.9305077647 
 13.8949549437  11.1090441664 
 15.9985871961  11.1326919254 
 18.4206996933  11.1346687793 
 21.2095088792  11.1342912131 
 24.4205309455  11.1336719424 
 28.1176869797  11.1329963735 
 32.3745754282  11.1322568884 
 37.2759372031  11.131419909 
 42.9193426013  11.1304358616 
 49.4171336132  11.1292342072 
 56.8986602902  11.1277122181 
 65.512855686  11.1257213251 
 75.4312006335  11.1230422184 
 86.8511373751  11.1193495265 
 100.0  11.1141523356 
18.4206996933 50 
 0.1  0.0999999999996 
 0.115139539933  0.115139539932 
 0.132571136559  0.132571136559 
 0.152641796718  0.152641796717 
 0.175751062485  0.175751062485 
 0.202358964773  0.20235896477 
 0.232995181052  0.232995181045 
 0.268269579528  0.26826957952 
 0.308884359648  0.30888435964 
 0.355648030622  0.355648030614 
 0.409491506238  0.409491506188 
 0.471486636346  0.471486636219 
 0.542867543932  0.542867543882 
 0.625055192527  0.625055192189 
 0.719685673001  0.719685672616 
 0.828642772855  0.828642772341 
 0.95409547635  0.954095475583 
 1.09854114199  1.09854114052 
 1.26485521686  1.26485521413 
 1.4563484775  1.45634847268 
 1.67683293681  1.67683292743 
 1.93069772888  1.93069770852 
 2.22299648253  2.22299643648 
 2.5595479227  2.55954780869 
 2.94705170255  2.9470513495 
 3.3932217719  3.39322048785 
 3.90693993705  3.90693488665 
 4.49843266897  4.49841119865 
 5.17947467923  5.17937564669 
 5.96362331659  5.96312558545 
 6.86648845004  6.86375370767 
 7.90604321091  7.88966425968 
 9.10298177992  9.00031998048 
 10.4811313415  9.93373846947 
 12.0679264064  10.3257673509 
 13.8949549437  10.4004237122 
 15.9985871961  10.409842294 
 18.4206996933  10.4105251873 
 21.2095088792  10.410181563 
 24.4205309455  10.4096811788 
 28.1176869797  10.4090886012 
 32.3745754282  10.4083755183 
 37.2759372031  10.4074912965 
 42.9193426013  10.4063626659 
 49.4171336132  10.4048862093 
 56.8986602902  10.4029125223 
 65.512855686  10.400225444 
 75.4312006335  10.3965075339 
 86.8511373751  10.3912908798 
 100.0  10.3838761493 
30.8884359648 50 
 0.1  0.0999999999999 
 0.115139539933  0.115139539933 
 0.132571136559  0.132571136559 
 0.152641796718  0.152641796717 
 0.175751062485  0.175751062479 
 0.202358964773  0.202358964768 
 0.232995181052  0.232995181048 
 0.268269579528  0.268269579525 
 0.308884359648  0.308884359644 
 0.355648030622  0.355648030616 
 0.409491506238  0.409491506171 
 0.471486636346  0.47148663624 
 0.542867543932  0.54286754387 
 0.625055192527  0.625055192453 
 0.719685673001  0.719685672501 
 0.828642772855  0.828642771628 
 0.95409547635  0.954095473749 
 1.09854114199  1.09854113817 
 1.26485521686  1.26485520822 
 1.4563484775  1.45634845854 
 1.67683293681  1.67683289939 
 1.93069772888  1.93069764571 
 2.22299648253  2.22299627827 
 2.5595479227  2.5595474709 
 2.94705170255  2.94705049523 
 3.3932217719  3.39321813241 
 3.90693993705  3.90692633563 
 4.49843266897  4.49837492561 
 5.17947467923  5.17920940265 
 5.96362331659  5.96230009839 
 6.86648845004  6.85931853591 
 7.90604321091  7.86446598626 
 9.10298177992  8.86821001966 
 10.4811313415  9.520790037 
 12.0679264064  9.71802037902 
 13.8949549437  9.75162743424 
 15.9985871961  9.75598903071 
 18.4206996933  9.75623938393 
 21.2095088792  9.75592843146 
 24.4205309455  9.75547728578 
 28.1176869797  9.75490250218 
 32.3745754282  9.75416233105 
 37.2759372031  9.7531917322 
 42.9193426013  9.75189905394 
 49.4171336132  9.75015339796 
 56.8986602902  9.74776903873 
 65.512855686  9.74447929169 
 75.4312006335  9.73989878824 
 86.8511373751  9.73347173786 
 100.0  9.72439704218 
51.7947467923 50 
 0.1  0.0999999999999 
 0.115139539933  0.115139539933 
 0.132571136559  0.132571136554 
 0.152641796718  0.152641796716 
 0.175751062485  0.175751062485 
 0.202358964773  0.202358964772 
 0.232995181052  0.232995181051 
 0.268269579528  0.268269579527 
 0.308884359648  0.308884359614 
 0.355648030622  0.355648030571 
 0.409491506238  0.409491506147 
 0.471486636346  0.471486636337 
 0.542867543932  0.54286754391 
 0.625055192527  0.62505519199 
 0.719685673001  0.719685672046 
 0.828642772855  0.828642772363 
 0.95409547635  0.954095471684 
 1.09854114199  1.09854113315 
 1.26485521686  1.26485519586 
 1.4563484775  1.45634843702 
 1.67683293681  1.67683284145 
 1.93069772888  1.93069748431 
 2.22299648253  2.22299588011 
 2.5595479227  2.55954636875 
 2.94705170255  2.94704747289 
 3.3932217719  3.39320940648 
 3.90693993705  3.90689988662 
 4.49843266897  4.49828052032 
 5.17947467923  5.17879053565 
 5.96362331659  5.96028824613 
 6.86648845004  6.84903653093 
 7.90604321091  7.81157927008 
 9.10298177992  8.65336304364 
 10.4811313415  9.07113687466 
 12.0679264064  9.17566622027 
 13.8949549437  9.19354160545 
 15.9985871961  9.19601060977 
 18.4206996933  9.19613691129 
 21.2095088792  9.19589702415 
 24.4205309455  9.19553804263 
 28.1176869797  9.1950614103 
 32.3745754282  9.19442784915 
 37.2759372031  9.19357882936 
 42.9193426013  9.19243261429 
 49.4171336132  9.19087545326 
 56.8986602902  9.1887510515 
 65.512855686  9.18584524733 
 75.4312006335  9.18187156694 
 86.8511373751  9.17646423743 
 100.0  9.16920491903 
86.8511373751 50 
 0.1  0.0999999999981 
 0.115139539933  0.115139539933 
 0.132571136559  0.132571136559 
 0.152641796718  0.152641796718 
 0.175751062485  0.175751062486 
 0.202358964773  0.202358964773 
 0.232995181052  0.232995181051 
 0.268269579528  0.26826957948 
 0.308884359648  0.30888435965 
 0.355648030622  0.355648030642 
 0.409491506238  0.40949150626 
 0.471486636346  0.47148663635 
 0.542867543932  0.542867543225 
 0.625055192527  0.625055191743 
 0.719685673001  0.719685672735 
 0.828642772855  0.828642772988 
 0.95409547635  0.954095469703 
 1.09854114199  1.0985411388 
 1.26485521686  1.26485518499 
 1.4563484775  1.45634840489 
 1.67683293681  1.67683276569 
 1.93069772888  1.93069730737 
 2.22299648253  2.22299530759 
 2.5595479227  2.55954460811 
 2.94705170255  2.94704181367 
 3.3932217719  3.39319064217 
 3.90693993705  3.90683467462 
 4.49843266897  4.49804235378 
 5.17947467923  5.17785510889 
 5.96362331659  5.95612291628 
 6.86648845004  6.82953244607 
 7.90604321091  7.72584985413 
 9.10298177992  8.39692379199 
 10.4811313415  8.66889097208 
 12.0679264064  8.73221682235 
 13.8949549437  8.74345683379 
 15.9985871961  8.74516163006 
 18.4206996933  8.7453562581 
 21.2095088792  8.74532933494 
 24.4205309455  8.74526029504 
 28.1176869797  8.74516747396 
 32.3745754282  8.74504833557 
 37.2759372031  8.74489848407 
 42.9193426013  8.74471669705 
 49.4171336132  8.74451030106 
 56.8986602902  8.74430927677 
 65.512855686  8.7441947046 
 75.4312006335  8.7443633429 
 86.8511373751  8.74526607967 
 100.0  8.74790794868 
145.63484775 50 
 0.1  0.100000000001 
 0.115139539933  0.115139539934 
 0.132571136559  0.13257113656 
 0.152641796718  0.152641796719 
 0.175751062485  0.175751062486 
 0.202358964773  0.202358964772 
 0.232995181052  0.232995181046 
 0.268269579528  0.268269579555 
 0.308884359648  0.308884359688 
 0.355648030622  0.355648030663 
 0.409491506238  0.409491506255 
 0.471486636346  0.471486636 
 0.542867543932  0.542867543175 
 0.625055192527  0.625055192594 
 0.719685673001  0.719685673603 
 0.828642772855  0.828642766581 
 0.95409547635  0.954095468351 
 1.09854114199  1.09854114222 
 1.26485521686  1.26485517864 
 1.4563484775  1.45634838654 
 1.67683293681  1.67683271732 
 1.93069772888  1.93069715295 
 2.22299648253  2.22299489468 
 2.5595479227  2.55954318502 
 2.94705170255  2.94703692229 
 3.3932217719  3.39317230815 
 3.90693993705  3.90676294817 
 4.49843266897  4.49774343241 
 5.17947467923  5.17653384186 
 5.96362331659  5.94996193867 
 6.86648845004  6.80115384689 
 7.90604321091  7.62053925177 
 9.10298177992  8.15434694975 
 10.4811313415  8.34483551015 
 12.0679264064  8.3881131989 
 13.8949549437  8.39612153504 
 15.9985871961  8.3976004404 
 18.4206996933  8.39809792876 
 21.2095088792  8.39855690197 
 24.4205309455  8.39915442102 
 28.1176869797  8.3999685002 
 32.3745754282  8.40109175763 
 37.2759372031  8.40265658639 
 42.9193426013  8.40486306762 
 49.4171336132  8.40801842382 
 56.8986602902  8.41261028356 
 65.512855686  8.41943268337 
 75.4312006335  8.42982245717 
 86.8511373751  8.44609483516 
 100.0  8.47235913474 
244.205309455 50 
 0.1  0.100000000002 
 0.115139539933  0.115139539934 
 0.132571136559  0.132571136561 
 0.152641796718  0.152641796718 
 0.175751062485  0.175751062468 
 0.202358964773  0.202358964785 
 0.232995181052  0.232995181098 
 0.268269579528  0.268269579588 
 0.308884359648  0.308884359705 
 0.355648030622  0.355648030644 
 0.409491506238  0.40949150617 
 0.471486636346  0.471486635698 
 0.542867543932  0.542867544199 
 0.625055192527  0.625055193599 
 0.719685673001  0.719685672025 
 0.828642772855  0.828642769289 
 0.95409547635  0.954095470335 
 1.09854114199  1.09854112765 
 1.26485521686  1.26485520529 
 1.4563484775  1.45634837694 
 1.67683293681  1.67683268678 
 1.93069772888  1.93069706214 
 2.22299648253  2.22299461335 
 2.5595479227  2.55954229123 
 2.94705170255  2.94703372559 
 3.3932217719  3.39316035784 
 3.90693993705  3.90671410824 
 4.49843266897  4.49753059698 
 5.17947467923  5.17553370185 
 5.96362331659  5.94496404642 
 6.86648845004  6.77606387576 
 7.90604321091  7.52062404591 
 9.10298177992  7.94888745792 
 10.4811313415  8.09204589988 
 12.0679264064  8.12427768804 
 13.8949549437  8.13065012799 
 15.9985871961  8.13233335921 
 18.4206996933  8.13348442097 
 21.2095088792  8.13488297749 
 24.4205309455  8.13676527228 
 28.1176869797  8.13933799992 
 32.3745754282  8.14288121545 
 37.2759372031  8.14780035646 
 42.9193426013  8.1546966905 
 49.4171336132  8.16447836358 
 56.8986602902  8.17855149204 
 65.512855686  8.19914341588 
 75.4312006335  8.22987791064 
 86.8511373751  8.27679661005 
 100.0  8.35020560859 
409.491506238 50 
 0.1  0.100000000002 
 0.115139539933  0.115139539934 
 0.132571136559  0.132571136558 
 0.152641796718  0.152641796725 
 0.175751062485  0.175751062514 
 0.202358964773  0.202358964842 
 0.232995181052  0.232995181135 
 0.268269579528  0.268269579602 
 0.308884359648  0.308884359664 
 0.355648030622  0.355648030635 
 0.409491506238  0.409491506378 
 0.471486636346  0.471486636564 
 0.542867543932  0.542867544673 
 0.625055192527  0.625055192796 
 0.719685673001  0.719685671265 
 0.828642772855  0.828642771491 
 0.95409547635  0.954095468681 
 1.09854114199  1.0985411179 
 1.26485521686  1.26485517247 
 1.4563484775  1.45634838258 
 1.67683293681  1.67683266973 
 1.93069772888  1.93069700768 
 2.22299648253  2.22299442563 
 2.5595479227  2.55954172707 
 2.94705170255  2.94703175158 
 3.3932217719  3.39315303687 
 3.90693993705  3.90668441805 
 4.49843266897  4.49740016378 
 5.17947467923  5.17491540003 
 5.96362331659  5.94184643626 
 6.86648845004  6.76054036956 
 7.90604321091  7.46097098854 
 9.10298177992  7.8148599165 
 10.4811313415  7.90838447811 
 12.0679264064  7.92561406157 
 13.8949549437  7.92963037517 
 15.9985871961  7.93130183276 
 18.4206996933  7.93296739625 
 21.2095088792  7.93519982255 
 24.4205309455  7.93835979961 
 28.1176869797  7.94297820893 
 32.3745754282  7.95031913521 
 37.2759372031  7.96137216739 
 42.9193426013  7.97689624596 
 49.4171336132  7.99896088733 
 56.8986602902  8.03077263904 
 65.512855686  8.07742967392 
 75.4312006335  8.14726348677 
 86.8511373751  8.25434018619 
 100.0  8.42349563922 
686.648845004 50 
 0.1  0.0999999999998 
 0.115139539933  0.115139539938 
 0.132571136559  0.132571136581 
 0.152641796718  0.152641796768 
 0.175751062485  0.175751062584 
 0.202358964773  0.202358964883 
 0.232995181052  0.232995181145 
 0.268269579528  0.268269579547 
 0.308884359648  0.308884359738 
 0.355648030622  0.35564803082 
 0.409491506238  0.409491506386 
 0.471486636346  0.471486636638 
 0.542867543932  0.542867544557 
 0.625055192527  0.625055192862 
 0.719685673001  0.719685672514 
 0.828642772855  0.828642769761 
 0.95409547635  0.954095469472 
 1.09854114199  1.09854112597 
 1.26485521686  1.26485517098 
 1.4563484775  1.45634835259 
 1.67683293681  1.67683265955 
 1.93069772888  1.93069698037 
 2.22299648253  2.2229943379 
 2.5595479227  2.55954137888 
 2.94705170255  2.94703057775 
 3.3932217719  3.39314874958 
 3.90693993705  3.90666662195 
 4.49843266897  4.49732224691 
 5.17947467923  5.17454542511 
 5.96362331659  5.93998362742 
 6.86648845004  6.75140382196 
 7.90604321091  7.42790133244 
 9.10298177992  7.75032737357 
 10.4811313415  7.82938031398 
 12.0679264064  7.84271892593 
 13.8949549437  7.84531165785 
 15.9985871961  7.84679088264 
 18.4206996933  7.8485734925 
 21.2095088792  7.85103692874 
 24.4205309455  7.85453867304 
 28.1176869797  7.85961389402 
 32.3745754282  7.86713113337 
 37.2759372031  7.87855822613 
 42.9193426013  7.89647249088 
 49.4171336132  7.92563487532 
 56.8986602902  7.97603478641 
 65.512855686  8.07176796308 
 75.4312006335  8.22064341203 
 86.8511373751  8.45737468903 
 100.0  8.85811520126 
1151.39539933 50 
 0.1  0.10000000002 
 0.115139539933  0.115139539977 
 0.132571136559  0.132571136642 
 0.152641796718  0.152641796823 
 0.175751062485  0.175751062516 
 0.202358964773  0.202358964873 
 0.232995181052  0.232995181021 
 0.268269579528  0.268269579718 
 0.308884359648  0.308884359931 
 0.355648030622  0.355648030654 
 0.409491506238  0.409491505774 
 0.471486636346  0.471486636704 
 0.542867543932  0.542867544519 
 0.625055192527  0.625055193485 
 0.719685673001  0.71968567213 
 0.828642772855  0.82864277233 
 0.95409547635  0.95409547198 
 1.09854114199  1.09854114128 
 1.26485521686  1.26485516536 
 1.4563484775  1.45634836313 
 1.67683293681  1.67683264389 
 1.93069772888  1.93069696237 
 2.22299648253  2.22299428891 
 2.5595479227  2.55954115394 
 2.94705170255  2.94702988362 
 3.3932217719  3.39314595932 
 3.90693993705  3.9066560065 
 4.49843266897  4.49727558142 
 5.17947467923  5.1743247078 
 5.96362331659  5.93887525085 
 6.86648845004  6.74602276152 
 7.90604321091  7.40909459517 
 9.10298177992  7.71575496783 
 10.4811313415  7.78917479934 
 12.0679264064  7.80246612099 
 13.8949549437  7.80631187991 
 15.9985871961  7.80894749596 
 18.4206996933  7.81170801724 
 21.2095088792  7.81561211697 
 24.4205309455  7.82130559268 
 28.1176869797  7.82980106452 
 32.3745754282  7.84281367568 
 37.2759372031  7.86334324858 
 42.9193426013  7.89679607172 
 49.4171336132  7.95329919683 
 56.8986602902  8.053479836 
 65.512855686  8.25092238523 
 75.4312006335  8.58581850669 
 86.8511373751  34.2161616391 
 100.0  63.0574455849 
1930.69772888 50 
 0.1  0.100000000033 
 0.115139539933  0.115139539939 
 0.132571136559  0.132571136588 
 0.152641796718  0.152641796756 
 0.175751062485  0.175751062554 
 0.202358964773  0.202358964883 
 0.232995181052  0.232995181406 
 0.268269579528  0.268269579932 
 0.308884359648  0.30888435955 
 0.355648030622  0.355648030812 
 0.409491506238  0.409491506749 
 0.471486636346  0.471486638091 
 0.542867543932  0.542867543927 
 0.625055192527  0.625055193052 
 0.719685673001  0.719685670599 
 0.828642772855  0.828642771495 
 0.95409547635  0.954095472147 
 1.09854114199  1.09854112475 
 1.26485521686  1.26485520202 
 1.4563484775  1.45634834804 
 1.67683293681  1.676832642 
 1.93069772888  1.93069695187 
 2.22299648253  2.22299424845 
 2.5595479227  2.55954108865 
 2.94705170255  2.94702943755 
 3.3932217719  3.39314432731 
 3.90693993705  3.906649636 
 4.49843266897  4.49724765144 
 5.17947467923  5.17419288343 
 5.96362331659  5.938214929 
 6.86648845004  6.74283895388 
 7.90604321091  7.39820124249 
 9.10298177992  7.69647797981 
 10.4811313415  7.76798969211 
 12.0679264064  7.78359414722 
 13.8949549437  7.79161807804 
 15.9985871961  7.79914202833 
 18.4206996933  7.8066966108 
 21.2095088792  7.81438237614 
 24.4205309455  7.8249214179 
 28.1176869797  7.84100760902 
 32.3745754282  7.866344815 
 37.2759372031  7.9077146393 
 42.9193426013  7.97810914664 
 49.4171336132  8.10423325535 
 56.8986602902  8.35738113356 
 65.512855686  15.0056964088 
 75.4312006335  42.514855615 
 86.8511373751  61.937426587 
 100.0  80.4368040155 
3237.45754282 50 
 0.1  0.100000000029 
 0.115139539933  0.115139539985 
 0.132571136559  0.132571136702 
 0.152641796718  0.152641796718 
 0.175751062485  0.1757510625 
 0.202358964773  0.202358965373 
 0.232995181052  0.232995181579 
 0.268269579528  0.268269579646 
 0.308884359648  0.308884360893 
 0.355648030622  0.355648031259 
 0.409491506238  0.409491506843 
 0.471486636346  0.47148663538 
 0.542867543932  0.542867544353 
 0.625055192527  0.62505519229 
 0.719685673001  0.719685672218 
 0.828642772855  0.828642769475 
 0.95409547635  0.954095466269 
 1.09854114199  1.09854113311 
 1.26485521686  1.26485520708 
 1.4563484775  1.45634836952 
 1.67683293681  1.67683264036 
 1.93069772888  1.9306969179 
 2.22299648253  2.22299423276 
 2.5595479227  2.55954103241 
 2.94705170255  2.9470291325 
 3.3932217719  3.39314337429 
 3.90693993705  3.90664574922 
 4.49843266897  4.49723123917 
 5.17947467923  5.17411415179 
 5.96362331659  5.93782171819 
 6.86648845004  6.74094909885 
 7.90604321091  7.39183616053 
 9.10298177992  7.68573463223 
 10.4811313415  7.75820835628 
 12.0679264064  7.78127207931 
 13.8949549437  7.80288250179 
 15.9985871961  7.82728296109 
 18.4206996933  7.85260821 
 21.2095088792  7.87769136146 
 24.4205309455  7.90199147966 
 28.1176869797  7.93109074486 
 32.3745754282  7.97855384578 
 37.2759372031  8.06125774068 
 42.9193426013  8.21845940823 
 49.4171336132  8.56695538161 
 56.8986602902  27.9229895897 
 65.512855686  43.8595889097 
 75.4312006335  58.4134176236 
 86.8511373751  73.20686288 
 100.0  88.9629327039 
5428.67543932 50 
 0.1  0.100000000055 
 0.115139539933  0.115139539935 
 0.132571136559  0.132571136572 
 0.152641796718  0.152641796718 
 0.175751062485  0.175751062666 
 0.202358964773  0.202358965554 
 0.232995181052  0.232995181346 
 0.268269579528  0.268269580494 
 0.308884359648  0.308884359323 
 0.355648030622  0.35564803132 
 0.409491506238  0.409491506295 
 0.471486636346  0.471486636541 
 0.542867543932  0.542867543272 
 0.625055192527  0.625055192539 
 0.719685673001  0.719685672717 
 0.828642772855  0.828642766962 
 0.95409547635  0.954095471964 
 1.09854114199  1.09854111863 
 1.26485521686  1.26485515813 
 1.4563484775  1.45634834067 
 1.67683293681  1.67683260863 
 1.93069772888  1.93069689212 
 2.22299648253  2.22299421226 
 2.5595479227  2.55954095484 
 2.94705170255  2.94702903746 
 3.3932217719  3.39314288927 
 3.90693993705  3.90664345346 
 4.49843266897  4.49722130971 
 5.17947467923  5.17406748133 
 5.96362331659  5.93758677636 
 6.86648845004  6.73982460613 
 7.90604321091  7.38812270205 
 9.10298177992  7.6801536569 
 10.4811313415  7.75748682966 
 12.0679264064  7.80191536991 
 13.8949549437  7.86664715204 
 15.9985871961  7.94358471225 
 18.4206996933  8.01972713665 
 21.2095088792  8.09061141489 
 24.4205309455  8.15551331548 
 28.1176869797  8.21468249844 
 32.3745754282  8.2772171974 
 37.2759372031  8.42882593176 
 42.9193426013  17.5450062657 
 49.4171336132  30.8656720636 
 56.8986602902  42.3486454167 
 65.512855686  53.8066906711 
 75.4312006335  65.901899907 
 86.8511373751  79.0531641862 
 100.0  93.6094783379 
9102.98177992 50 
 0.1  0.100000000005 
 0.115139539933  0.115139539963 
 0.132571136559  0.13257113658 
 0.152641796718  0.152641796865 
 0.175751062485  0.1757510626 
 0.202358964773  0.202358964859 
 0.232995181052  0.232995181176 
 0.268269579528  0.2682695798 
 0.308884359648  0.308884359678 
 0.355648030622  0.355648031044 
 0.409491506238  0.409491504246 
 0.471486636346  0.471486636933 
 0.542867543932  0.542867544344 
 0.625055192527  0.625055193385 
 0.719685673001  0.719685670961 
 0.828642772855  0.828642767438 
 0.95409547635  0.954095471451 
 1.09854114199  1.09854113567 
 1.26485521686  1.26485515657 
 1.4563484775  1.45634836211 
 1.67683293681  1.67683263069 
 1.93069772888  1.93069688315 
 2.22299648253  2.22299412391 
 2.5595479227  2.55954092686 
 2.94705170255  2.94702888531 
 3.3932217719  3.39314248152 
 3.90693993705  3.90664207759 
 4.49843266897  4.49721536633 
 5.17947467923  5.17403940347 
 5.96362331659  5.93744674645 
 6.86648845004  6.73915431161 
 7.90604321091  7.38599899117 
 9.10298177992  7.67814956692 
 10.4811313415  7.767725138 
 12.0679264064  7.86900428939 
 13.8949549437  8.04593438347 
 15.9985871961  8.24009934039 
 18.4206996933  8.41226257429 
 21.2095088792  8.55909703392 
 24.4205309455  11.6069655929 
 28.1176869797  13.3672495967 
 32.3745754282  14.9067928159 
 37.2759372031  21.5490578559 
 42.9193426013  30.6470424012 
 49.4171336132  39.5294191792 
 56.8986602902  48.8142332008 
 65.512855686  58.8553012703 
 75.4312006335  69.9321876167 
 86.8511373751  82.3075237367 
 100.0  96.2516260578 
15264.1796718 50 
 0.1  0.100000000013 
 0.115139539933  0.115139540206 
 0.132571136559  0.132571136709 
 0.152641796718  0.152641797193 
 0.175751062485  0.17575106288 
 0.202358964773  0.202358965431 
 0.232995181052  0.232995181553 
 0.268269579528  0.268269579767 
 0.308884359648  0.30888436044 
 0.355648030622  0.355648031267 
 0.409491506238  0.409491506797 
 0.471486636346  0.471486633317 
 0.542867543932  0.542867541292 
 0.625055192527  0.625055189225 
 0.719685673001  0.719685672406 
 0.828642772855  0.828642768193 
 0.95409547635  0.954095466627 
 1.09854114199  1.09854112131 
 1.26485521686  1.26485516189 
 1.4563484775  1.45634834533 
 1.67683293681  1.67683260364 
 1.93069772888  1.93069689925 
 2.22299648253  2.22299413523 
 2.5595479227  2.55954096245 
 2.94705170255  2.94702885601 
 3.3932217719  3.39314235367 
 3.90693993705  3.90664136877 
 4.49843266897  4.49721178337 
 5.17947467923  5.17402273924 
 5.96362331659  5.93736244262 
 6.86648845004  6.73875354688 
 7.90604321091  7.38487432467 
 9.10298177992  7.67934213194 
 10.4811313415  7.79643647737 
 12.0679264064  8.02455149894 
 13.8949549437  8.40971236655 
 15.9985871961  12.35350056 
 18.4206996933  14.3758105812 
 21.2095088792  16.3746917689 
 24.4205309455  18.5979771828 
 28.1176869797  21.1914436671 
 32.3745754282  24.8655146936 
 37.2759372031  29.8094567961 
 42.9193426013  36.1707566585 
 49.4171336132  43.8216580713 
 56.8986602902  52.2489166184 
 65.512855686  61.6428284287 
 75.4312006335  72.2113002176 
 86.8511373751  84.1770481177 
 100.0  97.7858844099 
25595.479227 50 
 0.1  0.100000000086 
 0.115139539933  0.115139540446 
 0.132571136559  0.132571136738 
 0.152641796718  0.152641796909 
 0.175751062485  0.175751062545 
 0.202358964773  0.202358964914 
 0.232995181052  0.232995181073 
 0.268269579528  0.268269579827 
 0.308884359648  0.308884358094 
 0.355648030622  0.355648030474 
 0.409491506238  0.409491506674 
 0.471486636346  0.471486636604 
 0.542867543932  0.542867544618 
 0.625055192527  0.625055191629 
 0.719685673001  0.71968567253 
 0.828642772855  0.828642764566 
 0.95409547635  0.95409547214 
 1.09854114199  1.09854112709 
 1.26485521686  1.26485515971 
 1.4563484775  1.45634834574 
 1.67683293681  1.67683263972 
 1.93069772888  1.93069689973 
 2.22299648253  2.2229941346 
 2.5595479227  2.55954083274 
 2.94705170255  2.94702887083 
 3.3932217719  3.39314216127 
 3.90693993705  3.90664082853 
 4.49843266897  4.4972096117 
 5.17947467923  5.17401258795 
 5.96362331659  5.93731160626 
 6.86648845004  6.73851246961 
 7.90604321091  7.38444683224 
 9.10298177992  7.68456035685 
 10.4811313415  7.85864267735 
 12.0679264064  8.30572780498 
 13.8949549437  12.6308651216 
 15.9985871961  14.6705135095 
 18.4206996933  16.8346414192 
 21.2095088792  19.2897466846 
 24.4205309455  22.0927065878 
 28.1176869797  25.297763933 
 32.3745754282  29.1551780869 
 37.2759372031  33.8494067453 
 42.9193426013  39.488481972 
 49.4171336132  46.2184926148 
 56.8986602902  54.1805910171 
 65.512855686  63.238032393 
 75.4312006335  73.5310503834 
 86.8511373751  85.2685899231 
 100.0  98.6869487595 
42919.3426013 50 
 0.1  0.100000000037 
 0.115139539933  0.115139540072 
 0.132571136559  0.132571136775 
 0.152641796718  0.152641797007 
 0.175751062485  0.175751062697 
 0.202358964773  0.202358964928 
 0.232995181052  0.232995181029 
 0.268269579528  0.268269579861 
 0.308884359648  0.308884359873 
 0.355648030622  0.355648031868 
 0.409491506238  0.409491506208 
 0.471486636346  0.471486637442 
 0.542867543932  0.542867544647 
 0.625055192527  0.625055191163 
 0.719685673001  0.719685669458 
 0.828642772855  0.828642766607 
 0.95409547635  0.954095473596 
 1.09854114199  1.09854112011 
 1.26485521686  1.26485516334 
 1.4563484775  1.45634835012 
 1.67683293681  1.67683260419 
 1.93069772888  1.93069691258 
 2.22299648253  2.22299410518 
 2.5595479227  2.55954075473 
 2.94705170255  2.94702879373 
 3.3932217719  3.39314209674 
 3.90693993705  3.90664049814 
 4.49843266897  4.49720818669 
 5.17947467923  5.17400661876 
 5.96362331659  5.93728035599 
 6.86648845004  6.73836505063 
 7.90604321091  7.38463161709 
 9.10298177992  7.69638578545 
 10.4811313415  7.97494981105 
 12.0679264064  11.3289086223 
 13.8949549437  13.4705993857 
 15.9985871961  15.5127334971 
 18.4206996933  17.8344519026 
 21.2095088792  20.4976931605 
 24.4205309455  23.555233783 
 28.1176869797  27.0650198783 
 32.3745754282  31.0938549599 
 37.2759372031  35.7983116763 
 42.9193426013  41.3259576318 
 49.4171336132  47.7946487927 
 56.8986602902  55.3492463598 
 65.512855686  64.1675295113 
 75.4312006335  74.3049497401 
 86.8511373751  85.9116039899 
 100.0  99.2195251191 
71968.5673001 50 
 0.1  0.100000000005 
 0.115139539933  0.115139540547 
 0.132571136559  0.132571136715 
 0.152641796718  0.152641796731 
 0.175751062485  0.175751062658 
 0.202358964773  0.202358964881 
 0.232995181052  0.232995182542 
 0.268269579528  0.268269579657 
 0.308884359648  0.308884359965 
 0.355648030622  0.355648031433 
 0.409491506238  0.409491506557 
 0.471486636346  0.471486636435 
 0.542867543932  0.542867543848 
 0.625055192527  0.625055192848 
 0.719685673001  0.719685674588 
 0.828642772855  0.828642772649 
 0.95409547635  0.954095473558 
 1.09854114199  1.09854111933 
 1.26485521686  1.26485516627 
 1.4563484775  1.45634837895 
 1.67683293681  1.67683260575 
 1.93069772888  1.93069687838 
 2.22299648253  2.22299413319 
 2.5595479227  2.55954076555 
 2.94705170255  2.94702878662 
 3.3932217719  3.39314209987 
 3.90693993705  3.90664036436 
 4.49843266897  4.49720759547 
 5.17947467923  5.17400263767 
 5.96362331659  5.93725902741 
 6.86648845004  6.73827282352 
 7.90604321091  7.38556574172 
 9.10298177992  7.72027113151 
 10.4811313415  8.16269554363 
 12.0679264064  11.9044510313 
 13.8949549437  13.7466720532 
 15.9985871961  15.8240060217 
 18.4206996933  18.2092617684 
 21.2095088792  20.9524920153 
 24.4205309455  24.1078041339 
 28.1176869797  27.7368672634 
 32.3745754282  31.9104132148 
 37.2759372031  36.7095926186 
 42.9193426013  42.247275908 
 49.4171336132  48.6757152364 
 56.8986602902  56.128003695 
 65.512855686  64.7601926929 
 75.4312006335  74.7619684418 
 86.8511373751  86.2923231086 
 100.0  99.5354648089 
120679.264064 50 
 0.1  0.100000000087 
 0.115139539933  0.11513954022 
 0.132571136559  0.132571136575 
 0.152641796718  0.152641796581 
 0.175751062485  0.175751062769 
 0.202358964773  0.202358965167 
 0.232995181052  0.23299518021 
 0.268269579528  0.268269579802 
 0.308884359648  0.308884359851 
 0.355648030622  0.35564803089 
 0.409491506238  0.40949150647 
 0.471486636346  0.471486636061 
 0.542867543932  0.542867545606 
 0.625055192527  0.625055187933 
 0.719685673001  0.719685672002 
 0.828642772855  0.828642769935 
 0.95409547635  0.954095469489 
 1.09854114199  1.09854111799 
 1.26485521686  1.26485515408 
 1.4563484775  1.45634835636 
 1.67683293681  1.67683263116 
 1.93069772888  1.93069691218 
 2.22299648253  2.22299414552 
 2.5595479227  2.55954079018 
 2.94705170255  2.94702870285 
 3.3932217719  3.39314202699 
 3.90693993705  3.90664023124 
 4.49843266897  4.49720714271 
 5.17947467923  5.17400019488 
 5.96362331659  5.9372437308 
 6.86648845004  6.73821374922 
 7.90604321091  7.38773248309 
 9.10298177992  7.76566009815 
 10.4811313415  8.4259421575 
 12.0679264064  12.0177795149 
 13.8949549437  13.8427610403 
 15.9985871961  15.9362961519 
 18.4206996933  18.3451271314 
 21.2095088792  21.1176043296 
 24.4205309455  24.3086674611 
 28.1176869797  27.9814177343 
 32.3745754282  32.2084191522 
 37.2759372031  37.073116164 
 42.9193426013  42.6714491659 
 49.4171336132  49.1157486082 
 56.8986602902  56.556039269 
 65.512855686  65.148166779 
 75.4312006335  75.0668912304 
 86.8511373751  86.5186585151 
 100.0  99.7232907493 
202358.964773 50 
 0.1  0.100000001126 
 0.115139539933  0.115139540285 
 0.132571136559  0.132571136563 
 0.152641796718  0.15264179684 
 0.175751062485  0.175751062756 
 0.202358964773  0.20235896535 
 0.232995181052  0.232995181175 
 0.268269579528  0.268269579776 
 0.308884359648  0.30888436032 
 0.355648030622  0.355648030971 
 0.409491506238  0.409491506407 
 0.471486636346  0.471486636379 
 0.542867543932  0.5428675423 
 0.625055192527  0.625055191518 
 0.719685673001  0.719685671828 
 0.828642772855  0.828642766291 
 0.95409547635  0.954095464105 
 1.09854114199  1.09854113093 
 1.26485521686  1.26485516828 
 1.4563484775  1.45634834279 
 1.67683293681  1.67683263175 
 1.93069772888  1.93069687905 
 2.22299648253  2.22299412418 
 2.5595479227  2.55954081051 
 2.94705170255  2.94702870758 
 3.3932217719  3.39314200691 
 3.90693993705  3.9066401121 
 4.49843266897  4.49720673842 
 5.17947467923  5.17399837781 
 5.96362331659  5.93722790278 
 6.86648845004  6.73818035733 
 7.90604321091  7.39227336578 
 9.10298177992  7.84518077332 
 10.4811313415  10.4427700104 
 12.0679264064  12.0513594064 
 13.8949549437  13.8765153918 
 15.9985871961  15.9764149982 
 18.4206996933  18.3937761506 
 21.2095088792  21.1767607685 
 24.4205309455  24.380665961 
 28.1176869797  28.0691169602 
 32.3745754282  32.3153462227 
 37.2759372031  37.2036252255 
 42.9193426013  42.8309461313 
 49.4171336132  49.3089109149 
 56.8986602902  56.7659302223 
 65.512855686  65.3561622222 
 75.4312006335  75.259785723 
 86.8511373751  86.6758165834 
 100.0  99.8359899818 
339322.17719 50 
 0.1  0.100000000162 
 0.115139539933  0.115139540618 
 0.132571136559  0.1325711368 
 0.152641796718  0.152641797056 
 0.175751062485  0.175751062763 
 0.202358964773  0.202358965204 
 0.232995181052  0.232995181185 
 0.268269579528  0.26826957987 
 0.308884359648  0.308884359805 
 0.355648030622  0.35564803131 
 0.409491506238  0.409491506402 
 0.471486636346  0.471486635509 
 0.542867543932  0.542867544423 
 0.625055192527  0.625055191381 
 0.719685673001  0.719685669697 
 0.828642772855  0.828642764803 
 0.95409547635  0.954095470229 
 1.09854114199  1.09854112045 
 1.26485521686  1.26485516242 
 1.4563484775  1.45634836022 
 1.67683293681  1.67683263595 
 1.93069772888  1.93069691137 
 2.22299648253  2.22299410089 
 2.5595479227  2.55954077218 
 2.94705170255  2.94702870527 
 3.3932217719  3.39314190395 
 3.90693993705  3.90664015667 
 4.49843266897  4.49720643181 
 5.17947467923  5.17399686625 
 5.96362331659  5.93720982305 
 6.86648845004  6.7381880753 
 7.90604321091  7.40158739742 
 9.10298177992  7.9696947266 
 10.4811313415  10.4737965114 
 12.0679264064  12.0622703228 
 13.8949549437  13.888424652 
 15.9985871961  15.9907012507 
 18.4206996933  18.4111187509 
 21.2095088792  21.1978542498 
 24.4205309455  24.4063428774 
 28.1176869797  28.1004004532 
 32.3745754282  32.3534936015 
 37.2759372031  37.2501980713 
 42.9193426013  42.8878763127 
 49.4171336132  49.3786072975 
 56.8986602902  56.8514034431 
 65.512855686  65.4547754427 
 75.4312006335  75.360447695 
 86.8511373751  86.7712170498 
 100.0  99.9161560155 
568986.602902 50 
 0.1  0.100000000124 
 0.115139539933  0.115139539983 
 0.132571136559  0.132571136893 
 0.152641796718  0.152641796852 
 0.175751062485  0.175751062881 
 0.202358964773  0.202358964928 
 0.232995181052  0.232995181142 
 0.268269579528  0.268269579543 
 0.308884359648  0.308884358815 
 0.355648030622  0.355648030537 
 0.409491506238  0.409491506629 
 0.471486636346  0.471486636357 
 0.542867543932  0.542867544875 
 0.625055192527  0.625055192802 
 0.719685673001  0.719685671574 
 0.828642772855  0.828642770574 
 0.95409547635  0.954095469671 
 1.09854114199  1.09854112488 
 1.26485521686  1.26485515144 
 1.4563484775  1.45634834197 
 1.67683293681  1.67683264186 
 1.93069772888  1.93069689361 
 2.22299648253  2.22299412736 
 2.5595479227  2.55954081985 
 2.94705170255  2.94702870359 
 3.3932217719  3.39314181427 
 3.90693993705  3.90664014606 
 4.49843266897  4.49720632087 
 5.17947467923  5.17399493147 
 5.96362331659  5.93718308371 
 6.86648845004  6.73830690435 
 7.90604321091  7.42005326646 
 9.10298177992  8.14046354554 
 10.4811313415  10.4790776809 
 12.0679264064  12.0659616407 
 13.8949549437  13.8926385882 
 15.9985871961  15.9957828802 
 18.4206996933  18.4172916311 
 21.2095088792  21.2053630159 
 24.4205309455  24.4154837844 
 28.1176869797  28.1115370164 
 32.3745754282  32.3670756722 
 37.2759372031  37.2667797173 
 42.9193426013  42.9081482197 
 49.4171336132  49.4034272751 
 56.8986602902  56.8818484084 
 65.512855686  65.4921916184 
 75.4312006335  75.4057371074 
 86.8511373751  86.8196797618 
 100.0  99.96307009 
954095.47635 50 
 0.1  0.100000000196 
 0.115139539933  0.115139539878 
 0.132571136559  0.132571136963 
 0.152641796718  0.152641797397 
 0.175751062485  0.175751063025 
 0.202358964773  0.202358964848 
 0.232995181052  0.232995181344 
 0.268269579528  0.268269580364 
 0.308884359648  0.308884360252 
 0.355648030622  0.355648031129 
 0.409491506238  0.409491506321 
 0.471486636346  0.471486636483 
 0.542867543932  0.542867543501 
 0.625055192527  0.625055189019 
 0.719685673001  0.719685677026 
 0.828642772855  0.828642771183 
 0.95409547635  0.954095473847 
 1.09854114199  1.09854112203 
 1.26485521686  1.26485516503 
 1.4563484775  1.45634835365 
 1.67683293681  1.67683263693 
 1.93069772888  1.93069690348 
 2.22299648253  2.22299412738 
 2.5595479227  2.55954081114 
 2.94705170255  2.94702867349 
 3.3932217719  3.39314186955 
 3.90693993705  3.9066401289 
 4.49843266897  4.49720608211 
 5.17947467923  5.17399242004 
 5.96362331659  5.93714313566 
 6.86648845004  6.73874735674 
 7.90604321091  7.45381694409 
 9.10298177992  9.09804832928 
 10.4811313415  10.4804829067 
 12.0679264064  12.0672370494 
 13.8949549437  13.8941322701 
 15.9985871961  15.9975897146 
 18.4206996933  18.4194872413 
 21.2095088792  21.2080343236 
 24.4205309455  24.4187352748 
 28.1176869797  28.1154997815 
 32.3745754282  32.3719079721 
 37.2759372031  37.2726803961 
 42.9193426013  42.9153610381 
 49.4171336132  49.4122585761 
 56.8986602902  56.8926806172 
 65.512855686  65.5055046345 
 75.4312006335  75.4221444434 
 86.8511373751  86.8399469085 
 100.0  99.9861260956 
1599858.71961 50 
 0.1  0.100000000175 
 0.115139539933  0.115139540013 
 0.132571136559  0.132571136595 
 0.152641796718  0.152641797355 
 0.175751062485  0.175751062884 
 0.202358964773  0.202358965012 
 0.232995181052  0.232995181333 
 0.268269579528  0.268269579596 
 0.308884359648  0.308884359809 
 0.355648030622  0.355648032885 
 0.409491506238  0.409491506555 
 0.471486636346  0.47148663648 
 0.542867543932  0.542867543722 
 0.625055192527  0.625055192592 
 0.719685673001  0.719685671441 
 0.828642772855  0.828642768758 
 0.95409547635  0.954095469468 
 1.09854114199  1.09854113501 
 1.26485521686  1.26485516047 
 1.4563484775  1.45634834654 
 1.67683293681  1.67683261807 
 1.93069772888  1.9306968844 
 2.22299648253  2.22299409928 
 2.5595479227  2.55954078812 
 2.94705170255  2.94702870774 
 3.3932217719  3.39314189509 
 3.90693993705  3.90664010895 
 4.49843266897  4.49720603427 
 5.17947467923  5.17398837045 
 5.96362331659  5.93708097061 
 6.86648845004  6.74006245796 
 7.90604321091  7.50792900603 
 9.10298177992  9.10262739779 
 10.4811313415  10.4809150753 
 12.0679264064  12.0676832061 
 13.8949549437  13.8946627484 
 15.9985871961  15.9982324364 
 18.4206996933  18.4202684293 
 21.2095088792  21.2089842213 
 24.4205309455  24.4198922072 
 28.1176869797  28.1169087175 
 32.3745754282  32.3736262645 
 37.2759372031  37.2747783084 
 42.9193426013  42.9179257736 
 49.4171336132  49.4153987991 
 56.8986602902  56.8965336555 
 65.512855686  65.5102417439 
 75.4312006335  75.4279798742 
 86.8511373751  86.8471575803 
 100.0  99.9950658575 
2682695.79528 50 
 0.1  0.100000000105 
 0.115139539933  0.115139539933 
 0.132571136559  0.132571136919 
 0.152641796718  0.152641796848 
 0.175751062485  0.175751062655 
 0.202358964773  0.202358964955 
 0.232995181052  0.232995181081 
 0.268269579528  0.26826957957 
 0.308884359648  0.308884360291 
 0.355648030622  0.355648031368 
 0.409491506238  0.409491506333 
 0.471486636346  0.471486637197 
 0.542867543932  0.542867544068 
 0.625055192527  0.625055195298 
 0.719685673001  0.719685671275 
 0.828642772855  0.828642767962 
 0.95409547635  0.954095471908 
 1.09854114199  1.09854113214 
 1.26485521686  1.26485519874 
 1.4563484775  1.45634836409 
 1.67683293681  1.67683263155 
 1.93069772888  1.93069687391 
 2.22299648253  2.22299411623 
 2.5595479227  2.55954081084 
 2.94705170255  2.94702871692 
 3.3932217719  3.39314186426 
 3.90693993705  3.90663980196 
 4.49843266897  4.49720562533 
 5.17947467923  5.17398174631 
 5.96362331659  5.936990664 
 6.86648845004  6.74347031559 
 7.90604321091  7.58126009171 
 9.10298177992  9.10289625593 
 10.4811313415  10.4810571919 
 12.0679264064  12.0678403102 
 13.8949549437  13.8948510177 
 15.9985871961  15.9984610065 
 18.4206996933  18.4205462832 
 21.2095088792  21.2093222486 
 24.4205309455  24.420303738 
 28.1176869797  28.117410387 
 32.3745754282  32.3742377911 
 37.2759372031  37.275524949 
 42.9193426013  42.9188385791 
 49.4171336132  49.4165164542 
 56.8986602902  56.8979032552 
 65.512855686  65.5119251511 
 75.4312006335  75.4300540603 
 86.8511373751  86.8497205433 
 100.0  99.9982453212 
4498432.66897 50 
 0.1  0.10000000028 
 0.115139539933  0.115139540061 
 0.132571136559  0.132571136891 
 0.152641796718  0.152641796996 
 0.175751062485  0.17575106253 
 0.202358964773  0.202358964977 
 0.232995181052  0.232995181325 
 0.268269579528  0.268269579751 
 0.308884359648  0.308884359879 
 0.355648030622  0.355648031013 
 0.409491506238  0.40949150635 
 0.471486636346  0.471486636214 
 0.542867543932  0.54286754363 
 0.625055192527  0.625055190635 
 0.719685673001  0.719685671645 
 0.828642772855  0.828642766122 
 0.95409547635  0.954095467266 
 1.09854114199  1.09854113477 
 1.26485521686  1.26485515637 
 1.4563484775  1.45634835494 
 1.67683293681  1.67683261879 
 1.93069772888  1.93069693985 
 2.22299648253  2.22299413382 
 2.5595479227  2.55954081993 
 2.94705170255  2.94702868496 
 3.3932217719  3.39314187949 
 3.90693993705  3.90663998691 
 4.49843266897  4.49720530164 
 5.17947467923  5.17397074104 
 5.96362331659  5.93687950083 
 6.86648845004  6.75098045297 
 7.90604321091  7.66399046824 
 9.10298177992  9.10295624093 
 10.4811313415  10.481105511 
 12.0679264064  12.0678958611 
 13.8949549437  13.8949179793 
 15.9985871961  15.9985422983 
 18.4206996933  18.4206451086 
 21.2095088792  21.2094424743 
 24.4205309455  24.4204501025 
 28.1176869797  28.1175884777 
 32.3745754282  32.374455294 
 37.2759372031  37.2757905579 
 42.9193426013  42.9191632733 
 49.4171336132  49.4169140402 
 56.8986602902  56.8983909596 
 65.512855686  65.5125246252 
 75.4312006335  75.4307926913 
 86.8511373751  86.8506332519 
 100.0  99.9993749336 
7543120.06335 50 
 0.1  0.10000000006 
 0.115139539933  0.115139540367 
 0.132571136559  0.132571136781 
 0.152641796718  0.152641796977 
 0.175751062485  0.17575106268 
 0.202358964773  0.202358964876 
 0.232995181052  0.232995181046 
 0.268269579528  0.268269578229 
 0.308884359648  0.308884359606 
 0.355648030622  0.355648030762 
 0.409491506238  0.409491506331 
 0.471486636346  0.471486636334 
 0.542867543932  0.542867543949 
 0.625055192527  0.625055190459 
 0.719685673001  0.719685671703 
 0.828642772855  0.828642767646 
 0.95409547635  0.954095461787 
 1.09854114199  1.09854112027 
 1.26485521686  1.26485515829 
 1.4563484775  1.45634838279 
 1.67683293681  1.67683262717 
 1.93069772888  1.9306968921 
 2.22299648253  2.22299411724 
 2.5595479227  2.55954079339 
 2.94705170255  2.94702868826 
 3.3932217719  3.39314191697 
 3.90693993705  3.90664008375 
 4.49843266897  4.49720458919 
 5.17947467923  5.17395239128 
 5.96362331659  5.93681298292 
 6.86648845004  6.76448035759 
 7.90604321091  7.90602560415 
 9.10298177992  9.10297348859 
 10.4811313415  10.4811222674 
 12.0679264064  12.0679155583 
 13.8949549437  13.8949417944 
 15.9985871961  15.9985712189 
 18.4206996933  18.420680265 
 21.2095088792  21.2094852429 
 24.4205309455  24.420502169 
 28.1176869797  28.1176519164 
 32.3745754282  32.3745326636 
 37.2759372031  37.275884988 
 42.9193426013  42.9192787651 
 49.4171336132  49.4170554512 
 56.8986602902  56.8985644156 
 65.512855686  65.5127378385 
 75.4312006335  75.4310554228 
 86.8511373751  86.8509579366 
 100.0  99.9997775289 
12648552.1686 50 
 0.1  0.100000000011 
 0.115139539933  0.115139539989 
 0.132571136559  0.132571136846 
 0.152641796718  0.152641796853 
 0.175751062485  0.175751062489 
 0.202358964773  0.202358964783 
 0.232995181052  0.232995181249 
 0.268269579528  0.268269579692 
 0.308884359648  0.308884359677 
 0.355648030622  0.35564803101 
 0.409491506238  0.409491506198 
 0.471486636346  0.471486636847 
 0.542867543932  0.542867544186 
 0.625055192527  0.625055192314 
 0.719685673001  0.719685669758 
 0.828642772855  0.828642768335 
 0.95409547635  0.954095466546 
 1.09854114199  1.09854111981 
 1.26485521686  1.26485515695 
 1.4563484775  1.45634835755 
 1.67683293681  1.67683263059 
 1.93069772888  1.93069691349 
 2.22299648253  2.22299412289 
 2.5595479227  2.5595407994 
 2.94705170255  2.94702868198 
 3.3932217719  3.39314197821 
 3.90693993705  3.90663984807 
 4.49843266897  4.49720312087 
 5.17947467923  5.17392169411 
 5.96362331659  5.93702439792 
 6.86648845004  6.78375806477 
 7.90604321091  7.90603963383 
 9.10298177992  9.10297897648 
 10.4811313415  10.4811281376 
 12.0679264064  12.0679225732 
 13.8949549437  13.8949503011 
 15.9985871961  15.9985815605 
 18.4206996933  18.420692848 
 21.2095088792  21.2095004712 
 24.4205309455  24.4205207066 
 28.1176869797  28.1176745007 
 32.3745754282  32.3745602037 
 37.2759372031  37.2759186075 
 42.9193426013  42.9193198611 
 49.4171336132  49.4171057679 
 56.8986602902  56.8986261327 
 65.512855686  65.5128136984 
 75.4312006335  75.4311488958 
 86.8511373751  86.851073443 
 100.0  99.9999207391 
21209508.8792 50 
 0.1  0.100000000214 
 0.115139539933  0.11513954008 
 0.132571136559  0.132571136566 
 0.152641796718  0.152641796724 
 0.175751062485  0.175751062485 
 0.202358964773  0.20235896491 
 0.232995181052  0.232995181233 
 0.268269579528  0.268269578829 
 0.308884359648  0.308884359692 
 0.355648030622  0.355648030411 
 0.409491506238  0.40949150601 
 0.471486636346  0.471486636033 
 0.542867543932  0.542867543265 
 0.625055192527  0.625055191668 
 0.719685673001  0.719685671333 
 0.828642772855  0.828642769495 
 0.95409547635  0.954095470841 
 1.09854114199  1.09854111958 
 1.26485521686  1.26485515848 
 1.4563484775  1.45634834647 
 1.67683293681  1.67683261753 
 1.93069772888  1.93069690945 
 2.22299648253  2.22299411138 
 2.5595479227  2.55954086729 
 2.94705170255  2.94702867469 
 3.3932217719  3.39314185384 
 3.90693993705  3.90663974419 
 4.49843266897  4.49720116333 
 5.17947467923  5.17387239096 
 5.96362331659  5.93804304156 
 6.86648845004  6.80563685745 
 7.90604321091  7.90604221189 
 9.10298177992  9.10298081187 
 10.4811313415  10.4811302089 
 12.0679264064  12.0679250445 
 13.8949549437  13.8949532928 
 15.9985871961  15.9985851918 
 18.4206996933  18.4206972588 
 21.2095088792  21.2095059206 
 24.4205309455  24.4205273478 
 28.1176869797  28.117682602 
 32.3745754282  32.3745700972 
 37.2759372031  37.2759307052 
 42.9193426013  42.9193345124 
 49.4171336132  49.4171237042 
 56.8986602902  56.8986481291 
 65.512855686  65.5128407289 
 75.4312006335  75.4311821913 
 86.8511373751  86.8511145689 
 100.0  99.9999717206 
35564803.0622 50 
 0.1  0.100000000345 
 0.115139539933  0.115139540641 
 0.132571136559  0.132571136737 
 0.152641796718  0.152641797062 
 0.175751062485  0.175751062484 
 0.202358964773  0.202358965604 
 0.232995181052  0.232995181092 
 0.268269579528  0.268269578864 
 0.308884359648  0.308884359601 
 0.355648030622  0.355648030538 
 0.409491506238  0.40949150612 
 0.471486636346  0.471486635967 
 0.542867543932  0.542867543182 
 0.625055192527  0.625055190653 
 0.719685673001  0.719685671327 
 0.828642772855  0.828642769374 
 0.95409547635  0.954095466218 
 1.09854114199  1.09854111871 
 1.26485521686  1.26485516716 
 1.4563484775  1.45634835058 
 1.67683293681  1.67683286293 
 1.93069772888  1.93069688477 
 2.22299648253  2.22299416702 
 2.5595479227  2.55954084951 
 2.94705170255  2.94702872898 
 3.3932217719  3.39314178725 
 3.90693993705  3.90663966246 
 4.49843266897  4.49719743784 
 5.17947467923  5.17380266728 
 5.96362331659  5.94052572746 
 6.86648845004  6.86648764043 
 7.90604321091  7.90604289481 
 9.10298177992  9.10298144139 
 10.4811313415  10.4811309405 
 12.0679264064  12.0679259223 
 13.8949549437  13.8949543566 
 15.9985871961  15.9985864833 
 18.4206996933  18.4206988274 
 21.2095088792  21.209507827 
 24.4205309455  24.420529666 
 28.1176869797  28.1176854228 
 32.3745754282  32.3745735322 
 37.2759372031  37.2759348922 
 42.9193426013  42.9193397813 
 49.4171336132  49.4171301678 
 56.8986602902  56.8986559651 
 65.512855686  65.5128505177 
 75.4312006335  75.4311942845 
 86.8511373751  86.8511292641 
 100.0  99.9999899353 
59636233.1659 50 
 0.1  0.100000000157 
 0.115139539933  0.115139539956 
 0.132571136559  0.132571136616 
 0.152641796718  0.152641796969 
 0.175751062485  0.175751062528 
 0.202358964773  0.202358965019 
 0.232995181052  0.232995181307 
 0.268269579528  0.268269579474 
 0.308884359648  0.308884359788 
 0.355648030622  0.355648030853 
 0.409491506238  0.409491506438 
 0.471486636346  0.471486636189 
 0.542867543932  0.54286754367 
 0.625055192527  0.625055191611 
 0.719685673001  0.71968567167 
 0.828642772855  0.828642769418 
 0.95409547635  0.954095466643 
 1.09854114199  1.09854112883 
 1.26485521686  1.26485516518 
 1.4563484775  1.45634834796 
 1.67683293681  1.67683263752 
 1.93069772888  1.93069688981 
 2.22299648253  2.22299414947 
 2.5595479227  2.55954081744 
 2.94705170255  2.94702877177 
 3.3932217719  3.39314189776 
 3.90693993705  3.90663942097 
 4.49843266897  4.49719082017 
 5.17947467923  5.17374250889 
 5.96362331659  5.94460381071 
 6.86648845004  6.86648830843 
 7.90604321091  7.90604310531 
 9.10298177992  9.10298166016 
 10.4811313415  10.4811311993 
 12.0679264064  12.0679262343 
 13.8949549437  13.8949547349 
 15.9985871961  15.9985869426 
 18.4206996933  18.4206993853 
 21.2095088792  21.209508505 
 24.4205309455  24.4205304904 
 28.1176869797  28.117686426 
 32.3745754282  32.3745747539 
 37.2759372031  37.2759363812 
 42.9193426013  42.9193415984 
 49.4171336132  49.4171323879 
 56.8986602902  56.8986587908 
 65.512855686  65.5128538479 
 75.4312006335  75.4311983755 
 86.8511373751  86.8511345943 
 100.0  99.9999965652 
100000000.0 50 
 0.1  0.100000000629 
 0.115139539933  0.115139540205 
 0.132571136559  0.132571136694 
 0.152641796718  0.152641796767 
 0.175751062485  0.175751062832 
 0.202358964773  0.20235896481 
 0.232995181052  0.232995181014 
 0.268269579528  0.26826957951 
 0.308884359648  0.308884360212 
 0.355648030622  0.355648030791 
 0.409491506238  0.409491506582 
 0.471486636346  0.471486635839 
 0.542867543932  0.542867544004 
 0.625055192527  0.625055192305 
 0.719685673001  0.719685670456 
 0.828642772855  0.828642768084 
 0.95409547635  0.954095466272 
 1.09854114199  1.09854111603 
 1.26485521686  1.26485516757 
 1.4563484775  1.45634835097 
 1.67683293681  1.67683260825 
 1.93069772888  1.93069691882 
 2.22299648253  2.22299415394 
 2.5595479227  2.55954086872 
 2.94705170255  2.9470287747 
 3.3932217719  3.39314186474 
 3.90693993705  3.90663913026 
 4.49843266897  4.49717904945 
 5.17947467923  5.17381728546 
 5.96362331659  5.94952177739 
 6.86648845004  6.86648841025 
 7.90604321091  7.90604317365 
 9.10298177992  9.10298173775 
 10.4811313415  10.481131291 
 12.0679264064  12.0679263452 
 13.8949549437  13.8949548695 
 15.9985871961  15.9985871059 
 18.4206996933  18.4206995838 
 21.2095088792  21.2095087461 
 24.4205309455  24.4205307836 
 28.1176869797  28.1176867828 
 32.3745754282  32.3745751884 
 37.2759372031  37.2759369108 
 42.9193426013  42.9193422446 
 49.4171336132  49.4171331774 
 56.8986602902  56.8986597569 
 65.512855686  65.5128550322 
 75.4312006335  75.4311998305 
 86.8511373751  86.8511363861 
 100.0  99.9999987784 
