0.001 50 
 0.1  0.1 
 0.115139539933  0.115139539933 
 0.132571136559  0.132571136559 
 0.152641796718  0.152641796718 
 0.175751062485  0.175751062485 
 0.202358964773  0.202358964773 
 0.232995181052  0.232995181052 
 0.268269579528  0.268269579528 
 0.308884359648  0.308884359648 
 0.355648030622  0.355648030622 
 0.409491506238  0.409491506238 
 0.471486636346  0.471486636346 
 0.542867543932  0.542867543932 
 0.625055192527  0.625055192527 
 0.719685673001  0.719685673001 
 0.828642772855  0.828642772855 
 0.95409547635  0.95409547635 
 1.09854114199  1.09854114199 
 1.26485521686  1.26485521686 
 1.4563484775  1.4563484775 
 1.67683293681  1.67683293681 
 1.93069772888  1.93069772888 
 2.22299648253  2.22299648253 
 2.5595479227  2.5595479227 
 2.94705170255  2.94705170255 
 3.3932217719  3.3932217719 
 3.90693993705  3.90693993705 
 4.49843266897  4.49843266897 
 5.17947467923  5.17947467923 
 5.96362331659  5.96362331659 
 6.86648845004  6.86648845004 
 7.90604321091  7.90604321091 
 9.10298177992  9.10298177991 
 10.4811313415  10.4811313415 
 12.0679264064  12.0679264064 
 13.8949549437  13.8949549437 
 15.9985871961  15.9985871958 
 18.4206996933  18.4206996924 
 21.2095088792  21.2095088753 
 24.4205309455  24.4205309279 
 28.1176869797  28.1176868941 
 32.3745754282  32.3745749891 
 37.2759372031  37.275934889 
 42.9193426013  42.91933088 
 49.4171336132  49.4170898867 
 56.8986602902  56.8988299455 
 65.512855686  65.5213904556 
 75.4312006335  75.6179983813 
 86.8511373751  91.282307712 
 100.0  89.5223867162 
0.00167683293681 50 
 0.1  0.1 
 0.115139539933  0.115139539933 
 0.132571136559  0.132571136559 
 0.152641796718  0.152641796718 
 0.175751062485  0.175751062485 
 0.202358964773  0.202358964773 
 0.232995181052  0.232995181052 
 0.268269579528  0.268269579528 
 0.308884359648  0.308884359648 
 0.355648030622  0.355648030622 
 0.409491506238  0.409491506238 
 0.471486636346  0.471486636346 
 0.542867543932  0.542867543932 
 0.625055192527  0.625055192527 
 0.719685673001  0.719685673001 
 0.828642772855  0.828642772855 
 0.95409547635  0.95409547635 
 1.09854114199  1.09854114199 
 1.26485521686  1.26485521686 
 1.4563484775  1.4563484775 
 1.67683293681  1.67683293681 
 1.93069772888  1.93069772888 
 2.22299648253  2.22299648253 
 2.5595479227  2.5595479227 
 2.94705170255  2.94705170255 
 3.3932217719  3.3932217719 
 3.90693993705  3.90693993705 
 4.49843266897  4.49843266897 
 5.17947467923  5.17947467923 
 5.96362331659  5.96362331659 
 6.86648845004  6.86648845004 
 7.90604321091  7.90604321091 
 9.10298177992  9.10298177991 
 10.4811313415  10.4811313415 
 12.0679264064  12.0679264064 
 13.8949549437  13.8949549436 
 15.9985871961  15.9985871957 
 18.4206996933  18.4206996917 
 21.2095088792  21.2095088727 
 24.4205309455  24.4205309157 
 28.1176869797  28.1176868344 
 32.3745754282  32.3745746789 
 37.2759372031  37.2759332128 
 42.9193426013  42.9193219084 
 49.4171336132  49.4170492621 
 56.8986602902  56.8988126964 
 65.512855686  65.525367619 
 75.4312006335  75.7157847655 
 86.8511373751  92.5671048735 
 100.0  86.6880321292 
0.00281176869797 50 
 0.1  0.1 
 0.115139539933  0.115139539933 
 0.132571136559  0.132571136559 
 0.152641796718  0.152641796718 
 0.175751062485  0.175751062485 
 0.202358964773  0.202358964773 
 0.232995181052  0.232995181052 
 0.268269579528  0.268269579528 
 0.308884359648  0.308884359648 
 0.355648030622  0.355648030622 
 0.409491506238  0.409491506238 
 0.471486636346  0.471486636346 
 0.542867543932  0.542867543932 
 0.625055192527  0.625055192527 
 0.719685673001  0.719685673001 
 0.828642772855  0.828642772855 
 0.95409547635  0.95409547635 
 1.09854114199  1.09854114199 
 1.26485521686  1.26485521686 
 1.4563484775  1.4563484775 
 1.67683293681  1.67683293681 
 1.93069772888  1.93069772888 
 2.22299648253  2.22299648253 
 2.5595479227  2.5595479227 
 2.94705170255  2.94705170255 
 3.3932217719  3.3932217719 
 3.90693993705  3.90693993705 
 4.49843266897  4.49843266897 
 5.17947467923  5.17947467923 
 5.96362331659  5.96362331659 
 6.86648845004  6.86648845004 
 7.90604321091  7.90604321091 
 9.10298177992  9.10298177991 
 10.4811313415  10.4811313415 
 12.0679264064  12.0679264063 
 13.8949549437  13.8949549436 
 15.9985871961  15.9985871954 
 18.4206996933  18.4206996907 
 21.2095088792  21.2095088681 
 24.4205309455  24.4205308948 
 28.1176869797  28.1176867311 
 32.3745754282  32.3745741351 
 37.2759372031  37.2759302033 
 42.9193426013  42.9193049836 
 49.4171336132  49.4169611601 
 56.8986602902  56.8985444392 
 65.512855686  65.5287562301 
 75.4312006335  75.8214304233 
 86.8511373751  89.6689525573 
 100.0  83.9917043944 
0.00471486636346 50 
 0.1  0.1 
 0.115139539933  0.115139539933 
 0.132571136559  0.132571136559 
 0.152641796718  0.152641796718 
 0.175751062485  0.175751062485 
 0.202358964773  0.202358964773 
 0.232995181052  0.232995181052 
 0.268269579528  0.268269579528 
 0.308884359648  0.308884359648 
 0.355648030622  0.355648030622 
 0.409491506238  0.409491506238 
 0.471486636346  0.471486636346 
 0.542867543932  0.542867543932 
 0.625055192527  0.625055192527 
 0.719685673001  0.719685673001 
 0.828642772855  0.828642772855 
 0.95409547635  0.95409547635 
 1.09854114199  1.09854114199 
 1.26485521686  1.26485521686 
 1.4563484775  1.4563484775 
 1.67683293681  1.67683293681 
 1.93069772888  1.93069772888 
 2.22299648253  2.22299648253 
 2.5595479227  2.5595479227 
 2.94705170255  2.94705170255 
 3.3932217719  3.3932217719 
 3.90693993705  3.90693993705 
 4.49843266897  4.49843266897 
 5.17947467923  5.17947467923 
 5.96362331659  5.96362331659 
 6.86648845004  6.86648845004 
 7.90604321091  7.9060432109 
 9.10298177992  9.10298177991 
 10.4811313415  10.4811313415 
 12.0679264064  12.0679264063 
 13.8949549437  13.8949549434 
 15.9985871961  15.9985871951 
 18.4206996933  18.4206996889 
 21.2095088792  21.2095088603 
 24.4205309455  24.4205308584 
 28.1176869797  28.1176865493 
 32.3745754282  32.3745731571 
 37.2759372031  37.2759245974 
 42.9193426013  42.9192713149 
 49.4171336132  49.4167572489 
 56.8986602902  56.8974217374 
 65.512855686  65.525176811 
 75.4312006335  75.8213964985 
 86.8511373751  84.9303346611 
 100.0  81.2165460492 
0.00790604321091 50 
 0.1  0.1 
 0.115139539933  0.115139539933 
 0.132571136559  0.132571136559 
 0.152641796718  0.152641796718 
 0.175751062485  0.175751062485 
 0.202358964773  0.202358964773 
 0.232995181052  0.232995181052 
 0.268269579528  0.268269579528 
 0.308884359648  0.308884359648 
 0.355648030622  0.355648030622 
 0.409491506238  0.409491506238 
 0.471486636346  0.471486636346 
 0.542867543932  0.542867543932 
 0.625055192527  0.625055192527 
 0.719685673001  0.719685673001 
 0.828642772855  0.828642772855 
 0.95409547635  0.95409547635 
 1.09854114199  1.09854114199 
 1.26485521686  1.26485521686 
 1.4563484775  1.4563484775 
 1.67683293681  1.67683293681 
 1.93069772888  1.93069772888 
 2.22299648253  2.22299648253 
 2.5595479227  2.5595479227 
 2.94705170255  2.94705170255 
 3.3932217719  3.3932217719 
 3.90693993705  3.90693993705 
 4.49843266897  4.49843266897 
 5.17947467923  5.17947467923 
 5.96362331659  5.96362331659 
 6.86648845004  6.86648845004 
 7.90604321091  7.9060432109 
 9.10298177992  9.1029817799 
 10.4811313415  10.4811313415 
 12.0679264064  12.0679264062 
 13.8949549437  13.8949549432 
 15.9985871961  15.9985871945 
 18.4206996933  18.4206996857 
 21.2095088792  21.2095088466 
 24.4205309455  24.4205307939 
 28.1176869797  28.1176862197 
 32.3745754282  32.3745713307 
 37.2759372031  37.2759136243 
 42.9193426013  42.9191999882 
 49.4171336132  49.4162573934 
 56.8986602902  56.8936490036 
 65.512855686  65.4932175429 
 75.4312006335  75.3495735319 
 86.8511373751  80.241503911 
 100.0  78.1422588405 
0.0132571136559 50 
 0.1  0.1 
 0.115139539933  0.115139539933 
 0.132571136559  0.132571136559 
 0.152641796718  0.152641796718 
 0.175751062485  0.175751062485 
 0.202358964773  0.202358964773 
 0.232995181052  0.232995181052 
 0.268269579528  0.268269579528 
 0.308884359648  0.308884359648 
 0.355648030622  0.355648030622 
 0.409491506238  0.409491506238 
 0.471486636346  0.471486636346 
 0.542867543932  0.542867543932 
 0.625055192527  0.625055192527 
 0.719685673001  0.719685673001 
 0.828642772855  0.828642772855 
 0.95409547635  0.95409547635 
 1.09854114199  1.09854114199 
 1.26485521686  1.26485521686 
 1.4563484775  1.4563484775 
 1.67683293681  1.67683293681 
 1.93069772888  1.93069772888 
 2.22299648253  2.22299648253 
 2.5595479227  2.5595479227 
 2.94705170255  2.94705170255 
 3.3932217719  3.3932217719 
 3.90693993705  3.90693993705 
 4.49843266897  4.49843266897 
 5.17947467923  5.17947467923 
 5.96362331659  5.96362331659 
 6.86648845004  6.86648845004 
 7.90604321091  7.9060432109 
 9.10298177992  9.10298177989 
 10.4811313415  10.4811313415 
 12.0679264064  12.0679264062 
 13.8949549437  13.8949549429 
 15.9985871961  15.9985871934 
 18.4206996933  18.4206996801 
 21.2095088792  21.209508822 
 24.4205309455  24.4205306755 
 28.1176869797  28.1176855977 
 32.3745754282  32.3745677442 
 37.2759372031  37.2758908017 
 42.9193426013  42.9190385772 
 49.4171336132  49.4149753702 
 56.8986602902  56.8820285694 
 65.512855686  65.369046357 
 75.4312006335  73.7704767527 
 86.8511373751  75.7557133426 
 100.0  74.6881907145 
0.0222299648253 50 
 0.1  0.1 
 0.115139539933  0.115139539933 
 0.132571136559  0.132571136559 
 0.152641796718  0.152641796718 
 0.175751062485  0.175751062485 
 0.202358964773  0.202358964773 
 0.232995181052  0.232995181052 
 0.268269579528  0.268269579528 
 0.308884359648  0.308884359648 
 0.355648030622  0.355648030622 
 0.409491506238  0.409491506238 
 0.471486636346  0.471486636346 
 0.542867543932  0.542867543932 
 0.625055192527  0.625055192527 
 0.719685673001  0.719685673001 
 0.828642772855  0.828642772855 
 0.95409547635  0.95409547635 
 1.09854114199  1.09854114199 
 1.26485521686  1.26485521686 
 1.4563484775  1.4563484775 
 1.67683293681  1.67683293681 
 1.93069772888  1.93069772888 
 2.22299648253  2.22299648253 
 2.5595479227  2.5595479227 
 2.94705170255  2.94705170255 
 3.3932217719  3.3932217719 
 3.90693993705  3.90693993705 
 4.49843266897  4.49843266897 
 5.17947467923  5.17947467923 
 5.96362331659  5.96362331659 
 6.86648845004  6.86648845004 
 7.90604321091  7.90604321089 
 9.10298177992  9.10298177988 
 10.4811313415  10.4811313414 
 12.0679264064  12.067926406 
 13.8949549437  13.8949549428 
 15.9985871961  15.9985871913 
 18.4206996933  18.42069967 
 21.2095088792  21.2095087761 
 24.4205309455  24.4205304484 
 28.1176869797  28.1176843601 
 32.3745754282  32.3745602569 
 37.2759372031  37.2758400972 
 42.9193426013  42.9186503883 
 49.4171336132  49.4115794544 
 56.8986602902  56.8478453594 
 65.512855686  64.9869367524 
 75.4312006335  70.8988173883 
 86.8511373751  71.4913790991 
 100.0  70.980058278 
0.0372759372031 50 
 0.1  0.1 
 0.115139539933  0.115139539933 
 0.132571136559  0.132571136559 
 0.152641796718  0.152641796718 
 0.175751062485  0.175751062485 
 0.202358964773  0.202358964773 
 0.232995181052  0.232995181052 
 0.268269579528  0.268269579528 
 0.308884359648  0.308884359648 
 0.355648030622  0.355648030622 
 0.409491506238  0.409491506238 
 0.471486636346  0.471486636346 
 0.542867543932  0.542867543932 
 0.625055192527  0.625055192527 
 0.719685673001  0.719685673001 
 0.828642772855  0.828642772855 
 0.95409547635  0.95409547635 
 1.09854114199  1.09854114199 
 1.26485521686  1.26485521686 
 1.4563484775  1.4563484775 
 1.67683293681  1.67683293681 
 1.93069772888  1.93069772888 
 2.22299648253  2.22299648253 
 2.5595479227  2.5595479227 
 2.94705170255  2.94705170255 
 3.3932217719  3.3932217719 
 3.90693993705  3.90693993705 
 4.49843266897  4.49843266897 
 5.17947467923  5.17947467923 
 5.96362331659  5.96362331659 
 6.86648845004  6.86648845003 
 7.90604321091  7.90604321089 
 9.10298177992  9.10298177985 
 10.4811313415  10.4811313414 
 12.0679264064  12.0679264057 
 13.8949549437  13.8949549423 
 15.9985871961  15.9985871872 
 18.4206996933  18.4206996506 
 21.2095088792  21.209508686 
 24.4205309455  24.4205299872 
 28.1176869797  28.1176817371 
 32.3745754282  32.3745435595 
 37.2759372031  37.2757201132 
 42.9193426013  42.9176691694 
 49.4171336132  49.402396102 
 56.8986602902  56.7507702275 
 65.512855686  64.0236032505 
 75.4312006335  67.3338246006 
 86.8511373751  67.4540198456 
 100.0  67.2113768612 
0.0625055192527 50 
 0.1  0.1 
 0.115139539933  0.115139539933 
 0.132571136559  0.132571136559 
 0.152641796718  0.152641796718 
 0.175751062485  0.175751062485 
 0.202358964773  0.202358964773 
 0.232995181052  0.232995181052 
 0.268269579528  0.268269579528 
 0.308884359648  0.308884359648 
 0.355648030622  0.355648030622 
 0.409491506238  0.409491506238 
 0.471486636346  0.471486636346 
 0.542867543932  0.542867543932 
 0.625055192527  0.625055192527 
 0.719685673001  0.719685673001 
 0.828642772855  0.828642772855 
 0.95409547635  0.95409547635 
 1.09854114199  1.09854114199 
 1.26485521686  1.26485521686 
 1.4563484775  1.4563484775 
 1.67683293681  1.67683293681 
 1.93069772888  1.93069772888 
 2.22299648253  2.22299648253 
 2.5595479227  2.5595479227 
 2.94705170255  2.94705170255 
 3.3932217719  3.3932217719 
 3.90693993705  3.90693993705 
 4.49843266897  4.49843266897 
 5.17947467923  5.17947467923 
 5.96362331659  5.96362331659 
 6.86648845004  6.86648845003 
 7.90604321091  7.90604321087 
 9.10298177992  9.10298177983 
 10.4811313415  10.4811313413 
 12.0679264064  12.0679264058 
 13.8949549437  13.8949549388 
 15.9985871961  15.9985871768 
 18.4206996933  18.4206996115 
 21.2095088792  21.2095084982 
 24.4205309455  24.4205289876 
 28.1176869797  28.1176757988 
 32.3745754282  32.3745039131 
 37.2759372031  37.2754206395 
 42.9193426013  42.915096407 
 49.4171336132  49.3772974184 
 56.8986602902  56.4880814151 
 65.512855686  62.1603264943 
 75.4312006335  63.6340293512 
 86.8511373751  63.6303695656 
 100.0  63.5122162146 
0.104811313415 50 
 0.1  0.1 
 0.115139539933  0.115139539933 
 0.132571136559  0.132571136559 
 0.152641796718  0.152641796718 
 0.175751062485  0.175751062485 
 0.202358964773  0.202358964773 
 0.232995181052  0.232995181052 
 0.268269579528  0.268269579528 
 0.308884359648  0.308884359648 
 0.355648030622  0.355648030622 
 0.409491506238  0.409491506238 
 0.471486636346  0.471486636346 
 0.542867543932  0.542867543932 
 0.625055192527  0.625055192527 
 0.719685673001  0.719685673001 
 0.828642772855  0.828642772855 
 0.95409547635  0.95409547635 
 1.09854114199  1.09854114199 
 1.26485521686  1.26485521686 
 1.4563484775  1.4563484775 
 1.67683293681  1.67683293681 
 1.93069772888  1.93069772888 
 2.22299648253  2.22299648253 
 2.5595479227  2.5595479227 
 2.94705170255  2.94705170255 
 3.3932217719  3.39322177189 
 3.90693993705  3.90693993705 
 4.49843266897  4.49843266897 
 5.17947467923  5.17947467923 
 5.96362331659  5.96362331658 
 6.86648845004  6.86648845003 
 7.90604321091  7.90604321084 
 9.10298177992  9.10298177986 
 10.4811313415  10.481131341 
 12.0679264064  12.0679264065 
 13.8949549437  13.8949549343 
 15.9985871961  15.9985871582 
 18.4206996933  18.4206995275 
 21.2095088792  21.20950808 
 24.4205309455  24.4205266754 
 28.1176869797  28.117661501 
 32.3745754282  32.3744046876 
 37.2759372031  37.2746422591 
 42.9193426013  42.9081841676 
 49.4171336132  49.3087946266 
 56.8986602902  55.8419774059 
 65.512855686  59.4768695591 
 75.4312006335  60.0238599966 
 86.8511373751  59.9985462304 
 100.0  59.9385244329 
0.175751062485 50 
 0.1  0.1 
 0.115139539933  0.115139539933 
 0.132571136559  0.132571136559 
 0.152641796718  0.152641796718 
 0.175751062485  0.175751062485 
 0.202358964773  0.202358964773 
 0.232995181052  0.232995181052 
 0.268269579528  0.268269579528 
 0.308884359648  0.308884359648 
 0.355648030622  0.355648030622 
 0.409491506238  0.409491506238 
 0.471486636346  0.471486636346 
 0.542867543932  0.542867543932 
 0.625055192527  0.625055192527 
 0.719685673001  0.719685673001 
 0.828642772855  0.828642772855 
 0.95409547635  0.95409547635 
 1.09854114199  1.09854114199 
 1.26485521686  1.26485521686 
 1.4563484775  1.4563484775 
 1.67683293681  1.67683293681 
 1.93069772888  1.93069772888 
 2.22299648253  2.22299648253 
 2.5595479227  2.5595479227 
 2.94705170255  2.94705170255 
 3.3932217719  3.39322177189 
 3.90693993705  3.90693993705 
 4.49843266897  4.49843266897 
 5.17947467923  5.17947467922 
 5.96362331659  5.96362331659 
 6.86648845004  6.86648845001 
 7.90604321091  7.90604321086 
 9.10298177992  9.10298177982 
 10.4811313415  10.4811313405 
 12.0679264064  12.0679264013 
 13.8949549437  13.8949549245 
 15.9985871961  15.9985871168 
 18.4206996933  18.4206993347 
 21.2095088792  21.2095070885 
 24.4205309455  24.4205210106 
 28.1176869797  28.1176253844 
 32.3745754282  32.3741462724 
 37.2759372031  37.2725617344 
 42.9193426013  42.8893613721 
 49.4171336132  49.1259220198 
 56.8986602902  54.5159510923 
 65.512855686  56.3793810677 
 75.4312006335  56.5593884682 
 86.8511373751  56.5371291522 
 100.0  56.5051883204 
0.294705170255 50 
 0.1  0.1 
 0.115139539933  0.115139539933 
 0.132571136559  0.132571136559 
 0.152641796718  0.152641796718 
 0.175751062485  0.175751062485 
 0.202358964773  0.202358964773 
 0.232995181052  0.232995181052 
 0.268269579528  0.268269579528 
 0.308884359648  0.308884359648 
 0.355648030622  0.355648030622 
 0.409491506238  0.409491506238 
 0.471486636346  0.471486636346 
 0.542867543932  0.542867543932 
 0.625055192527  0.625055192527 
 0.719685673001  0.719685673001 
 0.828642772855  0.828642772855 
 0.95409547635  0.95409547635 
 1.09854114199  1.09854114199 
 1.26485521686  1.26485521686 
 1.4563484775  1.4563484775 
 1.67683293681  1.67683293681 
 1.93069772888  1.93069772888 
 2.22299648253  2.22299648253 
 2.5595479227  2.5595479227 
 2.94705170255  2.94705170255 
 3.3932217719  3.39322177189 
 3.90693993705  3.90693993705 
 4.49843266897  4.49843266897 
 5.17947467923  5.17947467923 
 5.96362331659  5.96362331659 
 6.86648845004  6.86648844998 
 7.90604321091  7.90604321103 
 9.10298177992  9.1029817796 
 10.4811313415  10.4811313386 
 12.0679264064  12.0679263957 
 13.8949549437  13.894954902 
 15.9985871961  15.9985870188 
 18.4206996933  18.4206988656 
 21.2095088792  21.2095046039 
 24.4205309455  24.4205064821 
 28.1176869797  28.1175306011 
 32.3745754282  32.3734544682 
 37.2759372031  37.2669018303 
 42.9193426013  42.8380204406 
 49.4171336132  48.6688382999 
 56.8986602902  52.407694785 
 65.512855686  53.1917241561 
 75.4312006335  53.2449681407 
 86.8511373751  53.2293615565 
 100.0  53.2115631408 
0.494171336132 50 
 0.1  0.1 
 0.115139539933  0.115139539933 
 0.132571136559  0.132571136559 
 0.152641796718  0.152641796718 
 0.175751062485  0.175751062485 
 0.202358964773  0.202358964773 
 0.232995181052  0.232995181052 
 0.268269579528  0.268269579528 
 0.308884359648  0.308884359648 
 0.355648030622  0.355648030622 
 0.409491506238  0.409491506238 
 0.471486636346  0.471486636346 
 0.542867543932  0.542867543932 
 0.625055192527  0.625055192527 
 0.719685673001  0.719685673001 
 0.828642772855  0.828642772855 
 0.95409547635  0.95409547635 
 1.09854114199  1.09854114199 
 1.26485521686  1.26485521686 
 1.4563484775  1.4563484775 
 1.67683293681  1.67683293681 
 1.93069772888  1.93069772888 
 2.22299648253  2.22299648253 
 2.5595479227  2.5595479227 
 2.94705170255  2.94705170255 
 3.3932217719  3.3932217719 
 3.90693993705  3.90693993705 
 4.49843266897  4.49843266896 
 5.17947467923  5.17947467924 
 5.96362331659  5.96362331658 
 6.86648845004  6.8664884501 
 7.90604321091  7.90604321116 
 9.10298177992  9.10298177881 
 10.4811313415  10.481131335 
 12.0679264064  12.0679263823 
 13.8949549437  13.8949548472 
 15.9985871961  15.9985867735 
 18.4206996933  18.4206976688 
 21.2095088792  21.2094981588 
 24.4205309455  24.4204680136 
 28.1176869797  28.1172756228 
 32.3745754282  32.3715698525 
 37.2759372031  37.2513757621 
 42.9193426013  42.7004114683 
 49.4171336132  47.6808962147 
 56.8986602902  49.7715101657 
 65.512855686  50.0617792064 
 75.4312006335  50.07472223 
 86.8511373751  50.0645106245 
 100.0  50.0540685492 
0.828642772855 50 
 0.1  0.1 
 0.115139539933  0.115139539933 
 0.132571136559  0.132571136559 
 0.152641796718  0.152641796718 
 0.175751062485  0.175751062485 
 0.202358964773  0.202358964773 
 0.232995181052  0.232995181052 
 0.268269579528  0.268269579528 
 0.308884359648  0.308884359648 
 0.355648030622  0.355648030622 
 0.409491506238  0.409491506238 
 0.471486636346  0.471486636346 
 0.542867543932  0.542867543932 
 0.625055192527  0.625055192527 
 0.719685673001  0.719685673001 
 0.828642772855  0.828642772855 
 0.95409547635  0.95409547635 
 1.09854114199  1.09854114199 
 1.26485521686  1.26485521686 
 1.4563484775  1.4563484775 
 1.67683293681  1.67683293681 
 1.93069772888  1.93069772888 
 2.22299648253  2.22299648253 
 2.5595479227  2.5595479227 
 2.94705170255  2.94705170255 
 3.3932217719  3.3932217719 
 3.90693993705  3.90693993705 
 4.49843266897  4.49843266898 
 5.17947467923  5.17947467926 
 5.96362331659  5.96362331652 
 6.86648845004  6.8664884506 
 7.90604321091  7.90604321096 
 9.10298177992  9.10298177552 
 10.4811313415  10.4811313262 
 12.0679264064  12.0679263486 
 13.8949549437  13.8949547072 
 15.9985871961  15.9985861333 
 18.4206996933  18.4206945103 
 21.2095088792  21.2094809038 
 24.4205309455  24.4203639157 
 28.1176869797  28.1165791767 
 32.3745754282  32.3663893396 
 37.2759372031  37.2089008396 
 42.9193426013  42.3520310382 
 49.4171336132  45.9909855269 
 56.8986602902  46.9432213271 
 65.512855686  47.0442678063 
 75.4312006335  47.0455050388 
 86.8511373751  47.0388412883 
 100.0  47.0322158264 
1.38949549437 50 
 0.1  0.1 
 0.115139539933  0.115139539933 
 0.132571136559  0.132571136559 
 0.152641796718  0.152641796718 
 0.175751062485  0.175751062485 
 0.202358964773  0.202358964773 
 0.232995181052  0.232995181052 
 0.268269579528  0.268269579528 
 0.308884359648  0.308884359648 
 0.355648030622  0.355648030622 
 0.409491506238  0.409491506238 
 0.471486636346  0.471486636346 
 0.542867543932  0.542867543932 
 0.625055192527  0.625055192527 
 0.719685673001  0.719685673001 
 0.828642772855  0.828642772855 
 0.95409547635  0.95409547635 
 1.09854114199  1.09854114199 
 1.26485521686  1.26485521686 
 1.4563484775  1.4563484775 
 1.67683293681  1.67683293681 
 1.93069772888  1.93069772888 
 2.22299648253  2.22299648253 
 2.5595479227  2.5595479227 
 2.94705170255  2.94705170255 
 3.3932217719  3.39322177189 
 3.90693993705  3.90693993705 
 4.49843266897  4.49843266903 
 5.17947467923  5.17947467924 
 5.96362331659  5.96362331638 
 6.86648845004  6.86648845105 
 7.90604321091  7.90604320769 
 9.10298177992  9.10298176928 
 10.4811313415  10.4811313037 
 12.0679264064  12.0679262609 
 13.8949549437  13.8949543372 
 15.9985871961  15.9985844401 
 18.4206996933  18.4206859853 
 21.2095088792  21.2094339493 
 24.4205309455  24.4200788269 
 28.1176869797  28.1146636713 
 32.3745754282  32.3521532824 
 37.2759372031  37.0953344358 
 42.9193426013  41.5795060264 
 49.4171336132  43.7497567854 
 56.8986602902  44.1297197383 
 65.512855686  44.1643132781 
 75.4312006335  44.1626688326 
 86.8511373751  44.1580357732 
 100.0  44.1532093525 
2.32995181052 50 
 0.1  0.1 
 0.115139539933  0.115139539933 
 0.132571136559  0.132571136559 
 0.152641796718  0.152641796718 
 0.175751062485  0.175751062485 
 0.202358964773  0.202358964773 
 0.232995181052  0.232995181052 
 0.268269579528  0.268269579528 
 0.308884359648  0.308884359648 
 0.355648030622  0.355648030622 
 0.409491506238  0.409491506238 
 0.471486636346  0.471486636346 
 0.542867543932  0.542867543932 
 0.625055192527  0.625055192527 
 0.719685673001  0.719685673001 
 0.828642772855  0.828642772855 
 0.95409547635  0.95409547635 
 1.09854114199  1.09854114199 
 1.26485521686  1.26485521686 
 1.4563484775  1.4563484775 
 1.67683293681  1.67683293681 
 1.93069772888  1.93069772888 
 2.22299648253  2.22299648253 
 2.5595479227  2.5595479227 
 2.94705170255  2.94705170255 
 3.3932217719  3.39322177189 
 3.90693993705  3.90693993713 
 4.49843266897  4.49843266906 
 5.17947467923  5.1794746791 
 5.96362331659  5.9636233164 
 6.86648845004  6.86648844748 
 7.90604321091  7.90604320287 
 9.10298177992  9.10298175292 
 10.4811313415  10.4811312434 
 12.0679264064  12.0679260263 
 13.8949549437  13.8949533387 
 15.9985871961  15.9985798243 
 18.4206996933  18.4206627055 
 21.2095088792  21.2093052504 
 24.4205309455  24.4192960711 
 28.1176869797  28.1094143874 
 32.3745754282  32.3136615903 
 37.2759372031  36.8113532699 
 42.9193426013  40.2167806933 
 49.4171336132  41.2890939695 
 56.8986602902  41.4363985779 
 65.512855686  41.4485583152 
 75.4312006335  41.4464121901 
 86.8511373751  41.442707254 
 100.0  41.438412441 
3.90693993705 50 
 0.1  0.1 
 0.115139539933  0.115139539933 
 0.132571136559  0.132571136559 
 0.152641796718  0.152641796718 
 0.175751062485  0.175751062485 
 0.202358964773  0.202358964772 
 0.232995181052  0.232995181052 
 0.268269579528  0.268269579528 
 0.308884359648  0.308884359648 
 0.355648030622  0.355648030622 
 0.409491506238  0.409491506238 
 0.471486636346  0.471486636346 
 0.542867543932  0.542867543932 
 0.625055192527  0.625055192527 
 0.719685673001  0.719685673001 
 0.828642772855  0.828642772855 
 0.95409547635  0.95409547635 
 1.09854114199  1.09854114199 
 1.26485521686  1.26485521686 
 1.4563484775  1.4563484775 
 1.67683293681  1.67683293681 
 1.93069772888  1.93069772888 
 2.22299648253  2.22299648253 
 2.5595479227  2.55954792271 
 2.94705170255  2.94705170255 
 3.3932217719  3.39322177198 
 3.90693993705  3.90693993722 
 4.49843266897  4.49843266898 
 5.17947467923  5.17947467879 
 5.96362331659  5.96362331439 
 6.86648845004  6.86648844348 
 7.90604321091  7.90604319004 
 9.10298177992  9.10298170891 
 10.4811313415  10.4811310827 
 12.0679264064  12.0679253885 
 13.8949549437  13.8949506152 
 15.9985871961  15.9985671996 
 18.4206996933  18.4205990404 
 21.2095088792  21.2089540689 
 24.4205309455  24.4171724646 
 28.1176869797  28.0953601452 
 32.3745754282  32.2147704308 
 37.2759372031  36.2011917153 
 42.9193426013  38.3898378132 
 49.4171336132  38.8759541373 
 56.8986602902  38.9378706003 
 65.512855686  38.9425115033 
 75.4312006335  38.9403212802 
 86.8511373751  38.9368590908 
 100.0  38.9323828952 
6.5512855686 50 
 0.1  0.1 
 0.115139539933  0.115139539933 
 0.132571136559  0.132571136559 
 0.152641796718  0.152641796717 
 0.175751062485  0.175751062485 
 0.202358964773  0.202358964772 
 0.232995181052  0.232995181051 
 0.268269579528  0.268269579528 
 0.308884359648  0.308884359648 
 0.355648030622  0.355648030622 
 0.409491506238  0.409491506238 
 0.471486636346  0.471486636346 
 0.542867543932  0.542867543932 
 0.625055192527  0.625055192527 
 0.719685673001  0.719685673001 
 0.828642772855  0.828642772854 
 0.95409547635  0.95409547635 
 1.09854114199  1.09854114199 
 1.26485521686  1.26485521686 
 1.4563484775  1.4563484775 
 1.67683293681  1.67683293681 
 1.93069772888  1.93069772889 
 2.22299648253  2.22299648254 
 2.5595479227  2.5595479227 
 2.94705170255  2.94705170253 
 3.3932217719  3.39322177214 
 3.90693993705  3.90693993724 
 4.49843266897  4.49843266871 
 5.17947467923  5.1794746772 
 5.96362331659  5.96362331082 
 6.86648845004  6.86648843268 
 7.90604321091  7.90604315529 
 9.10298177992  9.10298158937 
 10.4811313415  10.4811306431 
 12.0679264064  12.0679236471 
 13.8949549437  13.8949432037 
 15.9985871961  15.9985330129 
 18.4206996933  18.420427853 
 21.2095088792  21.2080217005 
 24.4205309455  24.4116486522 
 28.1176869797  28.0601396957 
 32.3745754282  31.9901853786 
 37.2759372031  35.1893982006 
 42.9193426013  36.4487031658 
 49.4171336132  36.6835170514 
 56.8986602902  36.7145509248 
 65.512855686  36.7166526229 
 75.4312006335  36.7146191422 
 86.8511373751  36.7113697169 
 100.0  36.7068843734 
10.9854114199 50 
 0.1  0.0999999999999 
 0.115139539933  0.115139539933 
 0.132571136559  0.132571136559 
 0.152641796718  0.152641796717 
 0.175751062485  0.175751062485 
 0.202358964773  0.202358964772 
 0.232995181052  0.232995181051 
 0.268269579528  0.268269579528 
 0.308884359648  0.308884359647 
 0.355648030622  0.355648030622 
 0.409491506238  0.409491506238 
 0.471486636346  0.471486636345 
 0.542867543932  0.542867543932 
 0.625055192527  0.625055192527 
 0.719685673001  0.719685673001 
 0.828642772855  0.828642772854 
 0.95409547635  0.95409547635 
 1.09854114199  1.09854114199 
 1.26485521686  1.26485521685 
 1.4563484775  1.4563484775 
 1.67683293681  1.67683293682 
 1.93069772888  1.9306977289 
 2.22299648253  2.22299648254 
 2.5595479227  2.55954792268 
 2.94705170255  2.94705170251 
 3.3932217719  3.39322177227 
 3.90693993705  3.90693993627 
 4.49843266897  4.49843266697 
 5.17947467923  5.17947467374 
 5.96362331659  5.96362330114 
 6.86648845004  6.86648840277 
 7.90604321091  7.90604306091 
 9.10298177992  9.10298126484 
 10.4811313415  10.4811294547 
 12.0679264064  12.0679189827 
 13.8949549437  13.8949235316 
 15.9985871961  15.9984437709 
 18.4206996933  18.4199916978 
 21.2095088792  21.2057262389 
 24.4205309455  24.3986930754 
 28.1176869797  27.983857117 
 32.3745754282  31.5848318929 
 37.2759372031  33.9552135077 
 42.9193426013  34.6915508805 
 49.4171336132  34.8245684922 
 56.8986602902  34.8436838505 
 65.512855686  34.8453340946 
 75.4312006335  34.8442601191 
 86.8511373751  34.8423719702 
 100.0  34.8397046123 
18.4206996933 50 
 0.1  0.0999999999999 
 0.115139539933  0.115139539933 
 0.132571136559  0.132571136559 
 0.152641796718  0.152641796717 
 0.175751062485  0.175751062485 
 0.202358964773  0.202358964772 
 0.232995181052  0.232995181051 
 0.268269579528  0.268269579527 
 0.308884359648  0.308884359647 
 0.355648030622  0.355648030622 
 0.409491506238  0.409491506237 
 0.471486636346  0.471486636344 
 0.542867543932  0.542867543931 
 0.625055192527  0.625055192526 
 0.719685673001  0.719685672999 
 0.828642772855  0.828642772852 
 0.95409547635  0.954095476346 
 1.09854114199  1.09854114198 
 1.26485521686  1.26485521685 
 1.4563484775  1.45634847749 
 1.67683293681  1.67683293683 
 1.93069772888  1.93069772889 
 2.22299648253  2.22299648249 
 2.5595479227  2.5595479226 
 2.94705170255  2.9470517029 
 3.3932217719  3.39322177104 
 3.90693993705  3.90693993497 
 4.49843266897  4.49843266333 
 5.17947467923  5.17947466469 
 5.96362331659  5.96362327491 
 6.86648845004  6.86648831717 
 7.90604321091  7.90604280831 
 9.10298177992  9.10298040644 
 10.4811313415  10.4811263354 
 12.0679264064  12.0679070966 
 13.8949549437  13.8948748489 
 15.9985871961  15.9982323022 
 18.4206996933  18.4190115936 
 21.2095088792  21.2008970037 
 24.4205309455  24.3736423954 
 28.1176869797  27.8536131186 
 32.3745754282  31.0412396755 
 37.2759372031  32.7771714449 
 42.9193426013  33.2527650282 
 49.4171336132  33.3405732269 
 56.8986602902  33.3550076843 
 65.512855686  33.3580365206 
 75.4312006335  33.3598409707 
 86.8511373751  33.3621211244 
 100.0  33.3654652797 
30.8884359648 50 
 0.1  0.0999999999999 
 0.115139539933  0.115139539932 
 0.132571136559  0.132571136558 
 0.152641796718  0.152641796717 
 0.175751062485  0.175751062485 
 0.202358964773  0.202358964772 
 0.232995181052  0.232995181051 
 0.268269579528  0.268269579528 
 0.308884359648  0.308884359647 
 0.355648030622  0.355648030622 
 0.409491506238  0.409491506237 
 0.471486636346  0.471486636343 
 0.542867543932  0.542867543926 
 0.625055192527  0.625055192521 
 0.719685673001  0.719685672995 
 0.828642772855  0.828642772848 
 0.95409547635  0.954095476335 
 1.09854114199  1.09854114197 
 1.26485521686  1.26485521681 
 1.4563484775  1.45634847749 
 1.67683293681  1.67683293679 
 1.93069772888  1.93069772881 
 2.22299648253  2.22299648234 
 2.5595479227  2.55954792268 
 2.94705170255  2.94705170283 
 3.3932217719  3.39322176948 
 3.90693993705  3.90693993106 
 4.49843266897  4.49843265309 
 5.17947467923  5.17947464068 
 5.96362331659  5.96362320615 
 6.86648845004  6.86648812029 
 7.90604321091  7.90604216102 
 9.10298177992  9.10297829062 
 10.4811313415  10.4811190263 
 12.0679264064  12.0678804143 
 13.8949549437  13.8947721895 
 15.9985871961  15.9978159148 
 18.4206996933  18.4172302439 
 21.2095088792  21.1928652762 
 24.4205309455  24.3359327922 
 28.1176869797  27.6823514691 
 32.3745754282  30.4727593144 
 37.2759372031  31.7913473713 
 42.9193426013  32.1303039177 
 49.4171336132  32.1954858583 
 56.8986602902  32.2094053622 
 65.512855686  32.2163992103 
 75.4312006335  32.2244676745 
 86.8511373751  32.2358192269 
 100.0  32.252376335 
51.7947467923 50 
 0.1  0.0999999999999 
 0.115139539933  0.115139539933 
 0.132571136559  0.132571136559 
 0.152641796718  0.152641796717 
 0.175751062485  0.175751062485 
 0.202358964773  0.202358964772 
 0.232995181052  0.232995181051 
 0.268269579528  0.268269579528 
 0.308884359648  0.308884359647 
 0.355648030622  0.355648030619 
 0.409491506238  0.409491506232 
 0.471486636346  0.471486636343 
 0.542867543932  0.542867543931 
 0.625055192527  0.625055192526 
 0.719685673001  0.719685672999 
 0.828642772855  0.82864277285 
 0.95409547635  0.954095476306 
 1.09854114199  1.09854114191 
 1.26485521686  1.26485521684 
 1.4563484775  1.45634847749 
 1.67683293681  1.67683293656 
 1.93069772888  1.93069772822 
 2.22299648253  2.22299648052 
 2.5595479227  2.55954791966 
 2.94705170255  2.9470516981 
 3.3932217719  3.39322176381 
 3.90693993705  3.90693992048 
 4.49843266897  4.49843263088 
 5.17947467923  5.17947457972 
 5.96362331659  5.9636230383 
 6.86648845004  6.86648763978 
 7.90604321091  7.90604073731 
 9.10298177992  9.10297384766 
 10.4811313415  10.481104674 
 12.0679264064  12.0678317439 
 13.8949549437  13.8945997251 
 15.9985871961  15.9971725429 
 18.4206996933  18.4146941046 
 21.2095088792  21.1822918409 
 24.4205309455  24.2901029066 
 28.1176869797  27.4959451033 
 32.3745754282  29.952976038 
 37.2759372031  31.0001391996 
 42.9193426013  31.2604039208 
 49.4171336132  31.3145871011 
 56.8986602902  31.3320393479 
 65.512855686  31.3470665274 
 75.4312006335  31.3670283655 
 86.8511373751  31.3955806814 
 100.0  31.4372638592 
86.8511373751 50 
 0.1  0.1 
 0.115139539933  0.115139539933 
 0.132571136559  0.132571136559 
 0.152641796718  0.152641796718 
 0.175751062485  0.175751062485 
 0.202358964773  0.202358964772 
 0.232995181052  0.232995181051 
 0.268269579528  0.268269579522 
 0.308884359648  0.308884359647 
 0.355648030622  0.355648030623 
 0.409491506238  0.40949150624 
 0.471486636346  0.471486636349 
 0.542867543932  0.542867543935 
 0.625055192527  0.625055192529 
 0.719685673001  0.719685672992 
 0.828642772855  0.828642772787 
 0.95409547635  0.954095476376 
 1.09854114199  1.09854114206 
 1.26485521686  1.26485521692 
 1.4563484775  1.45634847748 
 1.67683293681  1.67683293611 
 1.93069772888  1.93069772799 
 2.22299648253  2.22299648241 
 2.5595479227  2.55954791724 
 2.94705170255  2.9470516936 
 3.3932217719  3.39322175694 
 3.90693993705  3.90693990843 
 4.49843266897  4.49843259141 
 5.17947467923  5.17947445282 
 5.96362331659  5.96362272329 
 6.86648845004  6.86648677702 
 7.90604321091  7.90603815428 
 9.10298177992  9.10296642306 
 10.4811313415  10.4810825726 
 12.0679264064  12.0677622347 
 13.8949549437  13.8943705479 
 15.9985871961  15.9963697248 
 18.4206996933  18.4116975005 
 21.2095088792  21.1703775387 
 24.4205309455  24.2409833719 
 28.1176869797  27.3116165949 
 32.3745754282  29.4994940373 
 37.2759372031  30.3630246971 
 42.9193426013  30.5755474742 
 49.4171336132  30.6271334071 
 56.8986602902  30.6535435303 
 65.512855686  30.6833683301 
 75.4312006335  30.7248189786 
 86.8511373751  30.7845170425 
 100.0  30.8718885508 
145.63484775 50 
 0.1  0.1 
 0.115139539933  0.115139539933 
 0.132571136559  0.132571136559 
 0.152641796718  0.152641796718 
 0.175751062485  0.175751062485 
 0.202358964773  0.202358964772 
 0.232995181052  0.232995181053 
 0.268269579528  0.268269579531 
 0.308884359648  0.308884359652 
 0.355648030622  0.355648030627 
 0.409491506238  0.409491506243 
 0.471486636346  0.47148663635 
 0.542867543932  0.542867543933 
 0.625055192527  0.625055192465 
 0.719685673001  0.719685673026 
 0.828642772855  0.828642772945 
 0.95409547635  0.954095476483 
 1.09854114199  1.09854114211 
 1.26485521686  1.26485521686 
 1.4563484775  1.45634847696 
 1.67683293681  1.67683293614 
 1.93069772888  1.93069772963 
 2.22299648253  2.22299648379 
 2.5595479227  2.55954791593 
 2.94705170255  2.94705170315 
 3.3932217719  3.39322174112 
 3.90693993705  3.90693986821 
 4.49843266897  4.49843250191 
 5.17947467923  5.17947427515 
 5.96362331659  5.96362221128 
 6.86648845004  6.8664853394 
 7.90604321091  7.90603449952 
 9.10298177992  9.10295674579 
 10.4811313415  10.4810549439 
 12.0679264064  12.0676802339 
 13.8949549437  13.894110244 
 15.9985871961  15.9954883306 
 18.4206996933  18.4084937744 
 21.2095088792  21.1579377184 
 24.4205309455  24.1912307496 
 28.1176869797  27.1360812347 
 32.3745754282  29.1064068909 
 37.2759372031  29.8408352246 
 42.9193426013  30.0254216725 
 49.4171336132  30.0829374097 
 56.8986602902  30.1268043103 
 65.512855686  30.1830636136 
 75.4312006335  30.2628120207 
 86.8511373751  30.3783914933 
 100.0  30.5484538485 
244.205309455 50 
 0.1  0.1 
 0.115139539933  0.115139539933 
 0.132571136559  0.132571136559 
 0.152641796718  0.152641796719 
 0.175751062485  0.175751062488 
 0.202358964773  0.202358964776 
 0.232995181052  0.232995181057 
 0.268269579528  0.268269579534 
 0.308884359648  0.308884359654 
 0.355648030622  0.355648030628 
 0.409491506238  0.409491506242 
 0.471486636346  0.471486636345 
 0.542867543932  0.542867543948 
 0.625055192527  0.625055192602 
 0.719685673001  0.719685673138 
 0.828642772855  0.828642773041 
 0.95409547635  0.954095476514 
 1.09854114199  1.09854114196 
 1.26485521686  1.26485521675 
 1.4563484775  1.45634847729 
 1.67683293681  1.67683293875 
 1.93069772888  1.93069773149 
 2.22299648253  2.22299647797 
 2.5595479227  2.55954791564 
 2.94705170255  2.94705169336 
 3.3932217719  3.39322177212 
 3.90693993705  3.90693984311 
 4.49843266897  4.49843244452 
 5.17947467923  5.17947411401 
 5.96362331659  5.96362176783 
 6.86648845004  6.86648399557 
 7.90604321091  7.90603046542 
 9.10298177992  9.10294569704 
 10.4811313415  10.4810244569 
 12.0679264064  12.0675918105 
 13.8949549437  13.8938362673 
 15.9985871961  15.994574147 
 18.4206996933  18.4052119403 
 21.2095088792  21.1453466196 
 24.4205309455  24.1419322275 
 28.1176869797  26.9708957181 
 32.3745754282  28.7634029025 
 37.2759372031  29.4053983076 
 42.9193426013  29.5779086834 
 49.4171336132  29.6526731423 
 56.8986602902  29.7282518864 
 65.512855686  29.8313793329 
 75.4312006335  29.9795511871 
 86.8511373751  30.1963351882 
 100.0  30.5189217131 
409.491506238 50 
 0.1  0.100000000002 
 0.115139539933  0.115139539935 
 0.132571136559  0.132571136563 
 0.152641796718  0.152641796722 
 0.175751062485  0.175751062489 
 0.202358964773  0.202358964778 
 0.232995181052  0.232995181058 
 0.268269579528  0.268269579535 
 0.308884359648  0.308884359654 
 0.355648030622  0.355648030624 
 0.409491506238  0.40949150625 
 0.471486636346  0.4714866364 
 0.542867543932  0.542867544042 
 0.625055192527  0.625055192711 
 0.719685673001  0.719685673241 
 0.828642772855  0.828642773043 
 0.95409547635  0.954095475814 
 1.09854114199  1.09854114193 
 1.26485521686  1.26485521818 
 1.4563484775  1.4563484799 
 1.67683293681  1.67683294062 
 1.93069772888  1.93069772677 
 2.22299648253  2.22299647746 
 2.5595479227  2.55954790599 
 2.94705170255  2.94705169693 
 3.3932217719  3.39322173338 
 3.90693993705  3.90693983347 
 4.49843266897  4.49843241106 
 5.17947467923  5.17947401523 
 5.96362331659  5.96362146401 
 6.86648845004  6.86648309905 
 7.90604321091  7.90602780264 
 9.10298177992  9.10293589159 
 10.4811313415  10.4809932894 
 12.0679264064  12.0675013841 
 13.8949549437  13.8935572462 
 15.9985871961  15.9936488785 
 18.4206996933  18.4019058441 
 21.2095088792  21.1327487581 
 24.4205309455  24.0934705996 
 28.1176869797  26.8158330623 
 32.3745754282  28.461622912 
 37.2759372031  29.0387627922 
 42.9193426013  29.2156788352 
 49.4171336132  29.3251958145 
 56.8986602902  29.4571819107 
 65.512855686  29.643821567 
 75.4312006335  29.9161551514 
 86.8511373751  30.3215665025 
 100.0  30.9399989544 
686.648845004 50 
 0.1  0.100000000002 
 0.115139539933  0.115139539936 
 0.132571136559  0.132571136564 
 0.152641796718  0.152641796724 
 0.175751062485  0.175751062494 
 0.202358964773  0.202358964781 
 0.232995181052  0.232995181059 
 0.268269579528  0.26826957953 
 0.308884359648  0.308884359661 
 0.355648030622  0.355648030668 
 0.409491506238  0.409491506321 
 0.471486636346  0.471486636497 
 0.542867543932  0.542867544171 
 0.625055192527  0.625055192821 
 0.719685673001  0.719685673225 
 0.828642772855  0.828642772739 
 0.95409547635  0.954095476335 
 1.09854114199  1.09854114207 
 1.26485521686  1.2648552197 
 1.4563484775  1.45634848222 
 1.67683293681  1.67683293684 
 1.93069772888  1.93069772571 
 2.22299648253  2.22299648162 
 2.5595479227  2.55954791063 
 2.94705170255  2.94705167469 
 3.3932217719  3.39322172313 
 3.90693993705  3.90693983221 
 4.49843266897  4.49843239087 
 5.17947467923  5.17947395577 
 5.96362331659  5.96362130437 
 6.86648845004  6.86648253791 
 7.90604321091  7.9060259923 
 9.10298177992  9.10292969168 
 10.4811313415  10.4809705109 
 12.0679264064  12.0674156664 
 13.8949549437  13.8932765472 
 15.9985871961  15.9927193401 
 18.4206996933  18.3985933369 
 21.2095088792  21.1201987548 
 24.4205309455  24.0459665397 
 28.1176869797  26.6702507014 
 32.3745754282  28.1948051631 
 37.2759372031  28.7312818091 
 42.9193426013  28.9340882906 
 49.4171336132  29.1074535259 
 56.8986602902  29.3396841481 
 65.512855686  29.6777323576 
 75.4312006335  30.1833010579 
 86.8511373751  30.9628890475 
 100.0  32.2236319991 
1151.39539933 50 
 0.1  0.100000000007 
 0.115139539933  0.115139539941 
 0.132571136559  0.132571136568 
 0.152641796718  0.152641796727 
 0.175751062485  0.175751062492 
 0.202358964773  0.202358964773 
 0.232995181052  0.232995181056 
 0.268269579528  0.26826957957 
 0.308884359648  0.308884359716 
 0.355648030622  0.355648030745 
 0.409491506238  0.409491506443 
 0.471486636346  0.471486636589 
 0.542867543932  0.542867544262 
 0.625055192527  0.625055192673 
 0.719685673001  0.719685673114 
 0.828642772855  0.828642772107 
 0.95409547635  0.954095476568 
 1.09854114199  1.09854114502 
 1.26485521686  1.26485522216 
 1.4563484775  1.45634847885 
 1.67683293681  1.676832937 
 1.93069772888  1.9306977287 
 2.22299648253  2.22299647275 
 2.5595479227  2.5595479121 
 2.94705170255  2.94705167362 
 3.3932217719  3.3932217186 
 3.90693993705  3.90693981589 
 4.49843266897  4.49843233834 
 5.17947467923  5.17947391726 
 5.96362331659  5.96362120238 
 6.86648845004  6.86648224399 
 7.90604321091  7.90602476992 
 9.10298177992  9.10292600795 
 10.4811313415  10.4809570816 
 12.0679264064  12.0673610123 
 13.8949549437  13.8930395664 
 15.9985871961  15.9917948774 
 18.4206996933  18.3952835629 
 21.2095088792  21.1077156493 
 24.4205309455  23.9994560103 
 28.1176869797  26.5335923793 
 32.3745754282  27.9593839868 
 37.2759372031  28.4808055832 
 42.9193426013  28.7418111062 
 49.4171336132  29.0291756513 
 56.8986602902  29.4418756895 
 65.512855686  30.064275102 
 75.4312006335  31.0389980586 
 86.8511373751  32.6628208984 
 100.0  63.0535402339 
1930.69772888 50 
 0.1  0.100000000009 
 0.115139539933  0.115139539941 
 0.132571136559  0.132571136562 
 0.152641796718  0.152641796719 
 0.175751062485  0.175751062494 
 0.202358964773  0.202358964817 
 0.232995181052  0.232995181115 
 0.268269579528  0.268269579585 
 0.308884359648  0.308884359756 
 0.355648030622  0.355648030662 
 0.409491506238  0.409491506358 
 0.471486636346  0.471486636688 
 0.542867543932  0.542867543948 
 0.625055192527  0.62505519278 
 0.719685673001  0.719685673046 
 0.828642772855  0.828642773191 
 0.95409547635  0.954095479317 
 1.09854114199  1.09854114772 
 1.26485521686  1.26485521722 
 1.4563484775  1.45634847988 
 1.67683293681  1.67683293844 
 1.93069772888  1.93069772975 
 2.22299648253  2.2229964805 
 2.5595479227  2.55954792522 
 2.94705170255  2.94705167624 
 3.3932217719  3.39322171895 
 3.90693993705  3.90693978991 
 4.49843266897  4.4984323528 
 5.17947467923  5.1794738647 
 5.96362331659  5.9636211519 
 6.86648845004  6.86648208133 
 7.90604321091  7.90602412773 
 9.10298177992  9.1029239625 
 10.4811313415  10.4809486576 
 12.0679264064  12.0673279716 
 13.8949549437  13.892896781 
 15.9985871961  15.9911226771 
 18.4206996933  18.3921453802 
 21.2095088792  21.0953076973 
 24.4205309455  23.9539692203 
 28.1176869797  26.4056242795 
 32.3745754282  27.7546716372 
 37.2759372031  28.2934257063 
 42.9193426013  28.664835482 
 49.4171336132  29.1549608449 
 56.8986602902  29.9016870933 
 65.512855686  31.0932964054 
 75.4312006335  41.5171156954 
 86.8511373751  61.9333429685 
 100.0  80.436738562 
3237.45754282 50 
 0.1  0.100000000001 
 0.115139539933  0.11513953994 
 0.132571136559  0.132571136568 
 0.152641796718  0.152641796707 
 0.175751062485  0.175751062497 
 0.202358964773  0.202358964833 
 0.232995181052  0.232995181085 
 0.268269579528  0.268269579568 
 0.308884359648  0.308884359776 
 0.355648030622  0.355648030704 
 0.409491506238  0.40949150631 
 0.471486636346  0.471486636587 
 0.542867543932  0.542867544298 
 0.625055192527  0.62505519298 
 0.719685673001  0.719685673811 
 0.828642772855  0.828642774428 
 0.95409547635  0.954095472721 
 1.09854114199  1.0985411439 
 1.26485521686  1.26485521957 
 1.4563484775  1.45634848267 
 1.67683293681  1.67683293383 
 1.93069772888  1.93069772458 
 2.22299648253  2.22299648646 
 2.5595479227  2.55954791753 
 2.94705170255  2.9470516884 
 3.3932217719  3.3932217087 
 3.90693993705  3.90693978742 
 4.49843266897  4.49843231667 
 5.17947467923  5.17947385286 
 5.96362331659  5.96362111079 
 6.86648845004  6.86648199078 
 7.90604321091  7.9060239144 
 9.10298177992  9.1029225923 
 10.4811313415  10.4809440631 
 12.0679264064  12.067308214 
 13.8949549437  13.8928113657 
 15.9985871961  15.9907219241 
 18.4206996933  18.39011671 
 21.2095088792  21.084605743 
 24.4205309455  23.9095881484 
 28.1176869797  26.2866354193 
 32.3745754282  27.5835064157 
 37.2759372031  28.1860159476 
 42.9193426013  28.7549145066 
 49.4171336132  29.6089852528 
 56.8986602902  31.0023214499 
 65.512855686  43.3828282839 
 75.4312006335  58.4061566134 
 86.8511373751  73.2066571906 
 100.0  88.9629253829 
5428.67543932 50 
 0.1  0.0999999999381 
 0.115139539933  0.115139539941 
 0.132571136559  0.132571136605 
 0.152641796718  0.15264179677 
 0.175751062485  0.175751062497 
 0.202358964773  0.202358964833 
 0.232995181052  0.232995181196 
 0.268269579528  0.268269579639 
 0.308884359648  0.308884359837 
 0.355648030622  0.355648030811 
 0.409491506238  0.409491506738 
 0.471486636346  0.471486636574 
 0.542867543932  0.542867544309 
 0.625055192527  0.625055193113 
 0.719685673001  0.719685674646 
 0.828642772855  0.828642773615 
 0.95409547635  0.954095479446 
 1.09854114199  1.09854114488 
 1.26485521686  1.26485521762 
 1.4563484775  1.45634847707 
 1.67683293681  1.67683293554 
 1.93069772888  1.93069772989 
 2.22299648253  2.22299647907 
 2.5595479227  2.55954792392 
 2.94705170255  2.94705168406 
 3.3932217719  3.3932217207 
 3.90693993705  3.90693980224 
 4.49843266897  4.49843233305 
 5.17947467923  5.1794737849 
 5.96362331659  5.96362102912 
 6.86648845004  6.86648193232 
 7.90604321091  7.90602362994 
 9.10298177992  9.10292149201 
 10.4811313415  10.4809412008 
 12.0679264064  12.0672966003 
 13.8949549437  13.8927606669 
 15.9985871961  15.99048316 
 18.4206996933  18.3889043053 
 21.2095088792  21.0781637357 
 24.4205309455  23.8768977846 
 28.1176869797  26.181052874 
 32.3745754282  27.4535712228 
 37.2759372031  28.1908149039 
 42.9193426013  29.1037053913 
 49.4171336132  30.6201165998 
 56.8986602902  41.755591242 
 65.512855686  53.7899415946 
 75.4312006335  65.9012023279 
 86.8511373751  79.0531318069 
 100.0  93.6094768219 
9102.98177992 50 
 0.1  0.100000000054 
 0.115139539933  0.11513953996 
 0.132571136559  0.13257113659 
 0.152641796718  0.15264179677 
 0.175751062485  0.175751062513 
 0.202358964773  0.202358964792 
 0.232995181052  0.232995181177 
 0.268269579528  0.268269579709 
 0.308884359648  0.308884360122 
 0.355648030622  0.355648030821 
 0.409491506238  0.409491506843 
 0.471486636346  0.471486636751 
 0.542867543932  0.542867544396 
 0.625055192527  0.625055195382 
 0.719685673001  0.719685673018 
 0.828642772855  0.82864277726 
 0.95409547635  0.954095478963 
 1.09854114199  1.09854114239 
 1.26485521686  1.26485521769 
 1.4563484775  1.45634847924 
 1.67683293681  1.67683294551 
 1.93069772888  1.93069772785 
 2.22299648253  2.22299648867 
 2.5595479227  2.55954792257 
 2.94705170255  2.94705167019 
 3.3932217719  3.39322170797 
 3.90693993705  3.9069397942 
 4.49843266897  4.498432342 
 5.17947467923  5.17947386248 
 5.96362331659  5.96362102114 
 6.86648845004  6.86648191791 
 7.90604321091  7.90602343999 
 9.10298177992  9.10292130598 
 10.4811313415  10.4809390092 
 12.0679264064  12.0672890132 
 13.8949549437  13.8927303606 
 15.9985871961  15.9903410264 
 18.4206996933  18.3881852539 
 21.2095088792  21.0743765637 
 24.4205309455  23.8584657651 
 28.1176869797  26.1237176891 
 32.3745754282  27.4011273902 
 37.2759372031  28.3617367522 
 42.9193426013  29.8603948309 
 49.4171336132  38.2159994674 
 56.8986602902  48.7704074754 
 65.512855686  58.8528934112 
 75.4312006335  69.9320518866 
 86.8511373751  82.3075161638 
 100.0  96.2516256523 
15264.1796718 50 
 0.1  0.100000000054 
 0.115139539933  0.115139539941 
 0.132571136559  0.132571136971 
 0.152641796718  0.152641797147 
 0.175751062485  0.175751062527 
 0.202358964773  0.202358964993 
 0.232995181052  0.232995181051 
 0.268269579528  0.268269579718 
 0.308884359648  0.308884359371 
 0.355648030622  0.35564803113 
 0.409491506238  0.409491506409 
 0.471486636346  0.471486637498 
 0.542867543932  0.542867545621 
 0.625055192527  0.625055193424 
 0.719685673001  0.719685673664 
 0.828642772855  0.82864277454 
 0.95409547635  0.954095477722 
 1.09854114199  1.098541136 
 1.26485521686  1.26485521997 
 1.4563484775  1.45634847812 
 1.67683293681  1.67683293728 
 1.93069772888  1.93069773001 
 2.22299648253  2.22299647921 
 2.5595479227  2.5595478995 
 2.94705170255  2.94705166498 
 3.3932217719  3.3932217131 
 3.90693993705  3.9069398056 
 4.49843266897  4.49843235441 
 5.17947467923  5.17947377106 
 5.96362331659  5.96362089746 
 6.86648845004  6.86648173338 
 7.90604321091  7.90602338996 
 9.10298177992  9.10292081838 
 10.4811313415  10.480937975 
 12.0679264064  12.067285064 
 13.8949549437  13.892712624 
 15.9985871961  15.9902562319 
 18.4206996933  18.3877599154 
 21.2095088792  21.072184191 
 24.4205309455  23.8488558902 
 28.1176869797  26.1090143032 
 32.3745754282  27.5074885287 
 37.2759372031  28.9039766154 
 42.9193426013  31.2356192505 
 49.4171336132  43.6989629194 
 56.8986602902  52.240764569 
 65.512855686  61.6422769726 
 75.4312006335  72.2112659349 
 86.8511373751  84.1770459516 
 100.0  97.7858921551 
25595.479227 50 
 0.1  0.100000000438 
 0.115139539933  0.115139539939 
 0.132571136559  0.132571136567 
 0.152641796718  0.152641796748 
 0.175751062485  0.175751062699 
 0.202358964773  0.202358964812 
 0.232995181052  0.23299518126 
 0.268269579528  0.268269579603 
 0.308884359648  0.308884359774 
 0.355648030622  0.355648031024 
 0.409491506238  0.40949150684 
 0.471486636346  0.471486636378 
 0.542867543932  0.542867545435 
 0.625055192527  0.625055197824 
 0.719685673001  0.719685673225 
 0.828642772855  0.828642774107 
 0.95409547635  0.954095476039 
 1.09854114199  1.09854114739 
 1.26485521686  1.26485521803 
 1.4563484775  1.45634848264 
 1.67683293681  1.67683294105 
 1.93069772888  1.93069772879 
 2.22299648253  2.22299648659 
 2.5595479227  2.55954792537 
 2.94705170255  2.94705166803 
 3.3932217719  3.39322170835 
 3.90693993705  3.90693978075 
 4.49843266897  4.49843231331 
 5.17947467923  5.17947384006 
 5.96362331659  5.96362096882 
 6.86648845004  6.86648159417 
 7.90604321091  7.9060233179 
 9.10298177992  9.10292078448 
 10.4811313415  10.4809373715 
 12.0679264064  12.0672828564 
 13.8949549437  13.8927013422 
 15.9985871961  15.9902062832 
 18.4206996933  18.3875119095 
 21.2095088792  21.0709916673 
 24.4205309455  23.8453009667 
 28.1176869797  26.130234353 
 32.3745754282  27.7802834804 
 37.2759372031  29.9679548837 
 42.9193426013  39.1515702471 
 49.4171336132  46.1920913728 
 56.8986602902  54.1785014855 
 65.512855686  63.237877164 
 75.4312006335  73.5310396914 
 86.8511373751  85.2685892475 
 100.0  98.6869514057 
42919.3426013 50 
 0.1  0.100000000022 
 0.115139539933  0.115139540353 
 0.132571136559  0.13257113657 
 0.152641796718  0.152641796773 
 0.175751062485  0.175751062548 
 0.202358964773  0.202358966159 
 0.232995181052  0.232995181156 
 0.268269579528  0.2682695806 
 0.308884359648  0.308884359834 
 0.355648030622  0.355648031188 
 0.409491506238  0.409491506845 
 0.471486636346  0.471486637355 
 0.542867543932  0.542867546202 
 0.625055192527  0.625055193955 
 0.719685673001  0.719685674853 
 0.828642772855  0.828642773462 
 0.95409547635  0.954095476708 
 1.09854114199  1.09854114039 
 1.26485521686  1.26485521867 
 1.4563484775  1.45634846591 
 1.67683293681  1.67683293857 
 1.93069772888  1.93069771913 
 2.22299648253  2.22299647911 
 2.5595479227  2.55954790159 
 2.94705170255  2.94705165991 
 3.3932217719  3.39322169551 
 3.90693993705  3.90693980976 
 4.49843266897  4.49843237245 
 5.17947467923  5.17947377111 
 5.96362331659  5.96362095887 
 6.86648845004  6.86648168388 
 7.90604321091  7.90602314154 
 9.10298177992  9.10292069468 
 10.4811313415  10.4809370066 
 12.0679264064  12.0672807927 
 13.8949549437  13.8926945876 
 15.9985871961  15.9901759478 
 18.4206996933  18.3873744562 
 21.2095088792  21.0704660506 
 24.4205309455  23.8467312457 
 28.1176869797  26.1899481356 
 32.3745754282  28.2370846512 
 37.2759372031  34.3344010396 
 42.9193426013  41.2477036302 
 49.4171336132  47.7872987839 
 56.8986602902  55.3486195977 
 65.512855686  64.1674810568 
 75.4312006335  74.3049462847 
 86.8511373751  85.9116037638 
 100.0  99.2195251054 
71968.5673001 50 
 0.1  0.100000000022 
 0.115139539933  0.115139539941 
 0.132571136559  0.132571137558 
 0.152641796718  0.152641796876 
 0.175751062485  0.17575106253 
 0.202358964773  0.202358964933 
 0.232995181052  0.232995181213 
 0.268269579528  0.268269579789 
 0.308884359648  0.308884360021 
 0.355648030622  0.355648031361 
 0.409491506238  0.409491506951 
 0.471486636346  0.471486636946 
 0.542867543932  0.542867544845 
 0.625055192527  0.625055193607 
 0.719685673001  0.719685674997 
 0.828642772855  0.828642775015 
 0.95409547635  0.954095477755 
 1.09854114199  1.09854114684 
 1.26485521686  1.2648552162 
 1.4563484775  1.45634848254 
 1.67683293681  1.67683292704 
 1.93069772888  1.93069773713 
 2.22299648253  2.22299648693 
 2.5595479227  2.55954790684 
 2.94705170255  2.94705168438 
 3.3932217719  3.39322171327 
 3.90693993705  3.90693977531 
 4.49843266897  4.49843230307 
 5.17947467923  5.17947382973 
 5.96362331659  5.9636209064 
 6.86648845004  6.86648167572 
 7.90604321091  7.90602293018 
 9.10298177992  9.10292046948 
 10.4811313415  10.4809369015 
 12.0679264064  12.0672797873 
 13.8949549437  13.8926908499 
 15.9985871961  15.9901593445 
 18.4206996933  18.3873070379 
 21.2095088792  21.070462158 
 24.4205309455  23.8533723958 
 28.1176869797  26.2968299812 
 32.3745754282  28.8741363495 
 37.2759372031  36.4625623038 
 42.9193426013  42.2233146596 
 49.4171336132  48.6733095694 
 56.8986602902  56.1277903127 
 65.512855686  64.7601761884 
 75.4312006335  74.7619672793 
 86.8511373751  86.2923230212 
 100.0  99.5354648041 
120679.264064 50 
 0.1  0.100000000128 
 0.115139539933  0.115139540166 
 0.132571136559  0.13257113796 
 0.152641796718  0.152641797187 
 0.175751062485  0.175751064149 
 0.202358964773  0.202358964801 
 0.232995181052  0.232995181171 
 0.268269579528  0.268269579579 
 0.308884359648  0.308884360053 
 0.355648030622  0.355648030635 
 0.409491506238  0.409491506303 
 0.471486636346  0.471486636667 
 0.542867543932  0.542867544307 
 0.625055192527  0.625055193083 
 0.719685673001  0.719685675572 
 0.828642772855  0.828642774029 
 0.95409547635  0.954095477926 
 1.09854114199  1.09854114299 
 1.26485521686  1.26485522022 
 1.4563484775  1.4563484781 
 1.67683293681  1.67683293528 
 1.93069772888  1.93069772962 
 2.22299648253  2.22299647557 
 2.5595479227  2.55954791501 
 2.94705170255  2.94705168398 
 3.3932217719  3.39322171646 
 3.90693993705  3.90693988017 
 4.49843266897  4.49843234647 
 5.17947467923  5.17947375572 
 5.96362331659  5.96362098618 
 6.86648845004  6.86648170287 
 7.90604321091  7.9060230048 
 9.10298177992  9.10292054617 
 10.4811313415  10.4809364233 
 12.0679264064  12.0672796703 
 13.8949549437  13.8926883313 
 15.9985871961  15.9901504755 
 18.4206996933  18.3872951022 
 21.2095088792  21.0709749928 
 24.4205309455  23.8666195692 
 28.1176869797  26.4615959451 
 32.3745754282  29.636864014 
 37.2759372031  37.0262220405 
 42.9193426013  42.6650895481 
 49.4171336132  49.1149356729 
 56.8986602902  56.5559644011 
 65.512855686  65.1481607096 
 75.4312006335  75.0668908092 
 86.8511373751  86.5186584882 
 100.0  99.7232907476 
202358.964773 50 
 0.1  0.100000000572 
 0.115139539933  0.115139541035 
 0.132571136559  0.132571137344 
 0.152641796718  0.152641797581 
 0.175751062485  0.175751063634 
 0.202358964773  0.202358965093 
 0.232995181052  0.232995181121 
 0.268269579528  0.268269579534 
 0.308884359648  0.308884359762 
 0.355648030622  0.355648030784 
 0.409491506238  0.409491506851 
 0.471486636346  0.471486638302 
 0.542867543932  0.542867544451 
 0.625055192527  0.625055193587 
 0.719685673001  0.719685676675 
 0.828642772855  0.828642774771 
 0.95409547635  0.954095479579 
 1.09854114199  1.09854114612 
 1.26485521686  1.26485522132 
 1.4563484775  1.45634847603 
 1.67683293681  1.67683293787 
 1.93069772888  1.93069771243 
 2.22299648253  2.22299647741 
 2.5595479227  2.55954792114 
 2.94705170255  2.94705167272 
 3.3932217719  3.39322170287 
 3.90693993705  3.90693977147 
 4.49843266897  4.4984323273 
 5.17947467923  5.17947384784 
 5.96362331659  5.96362086799 
 6.86648845004  6.8664816056 
 7.90604321091  7.90602306706 
 9.10298177992  9.10292012209 
 10.4811313415  10.4809363425 
 12.0679264064  12.0672791642 
 13.8949549437  13.8926873844 
 15.9985871961  15.9901479713 
 18.4206996933  18.3873320169 
 21.2095088792  21.0721300911 
 24.4205309455  23.8889960397 
 28.1176869797  26.6894855722 
 32.3745754282  32.1331530664 
 37.2759372031  37.1946930761 
 42.9193426013  42.8296298985 
 49.4171336132  49.3087200017 
 56.8986602902  56.7659047803 
 65.512855686  65.3561600182 
 75.4312006335  75.2597855644 
 86.8511373751  86.6758165732 
 100.0  99.8359899811 
339322.17719 50 
 0.1  0.100000000672 
 0.115139539933  0.115139540577 
 0.132571136559  0.132571137621 
 0.152641796718  0.152641797526 
 0.175751062485  0.175751062517 
 0.202358964773  0.202358965029 
 0.232995181052  0.232995181383 
 0.268269579528  0.268269579688 
 0.308884359648  0.308884359964 
 0.355648030622  0.355648030976 
 0.409491506238  0.409491506912 
 0.471486636346  0.471486636791 
 0.542867543932  0.542867544287 
 0.625055192527  0.625055193194 
 0.719685673001  0.719685673591 
 0.828642772855  0.828642775908 
 0.95409547635  0.954095476707 
 1.09854114199  1.09854114403 
 1.26485521686  1.26485521976 
 1.4563484775  1.45634847743 
 1.67683293681  1.67683293342 
 1.93069772888  1.9306977192 
 2.22299648253  2.22299647657 
 2.5595479227  2.55954790299 
 2.94705170255  2.94705168402 
 3.3932217719  3.39322170553 
 3.90693993705  3.90693978806 
 4.49843266897  4.49843231535 
 5.17947467923  5.17947384616 
 5.96362331659  5.96362098817 
 6.86648845004  6.86648166138 
 7.90604321091  7.90602295824 
 9.10298177992  9.10292021971 
 10.4811313415  10.480936571 
 12.0679264064  12.0672791475 
 13.8949549437  13.8926863208 
 15.9985871961  15.9901514301 
 18.4206996933  18.387428068 
 21.2095088792  21.0742057854 
 24.4205309455  23.9238840031 
 28.1176869797  26.9698590215 
 32.3745754282  32.3368278055 
 37.2759372031  37.2484036924 
 42.9193426013  42.8875985655 
 49.4171336132  49.3785670228 
 56.8986602902  56.8513981177 
 65.512855686  65.4547748015 
 75.4312006335  75.3604476397 
 86.8511373751  86.7712170464 
 100.0  99.9161561885 
568986.602902 50 
 0.1  0.10000000051 
 0.115139539933  0.115139541623 
 0.132571136559  0.132571137399 
 0.152641796718  0.152641797615 
 0.175751062485  0.175751063091 
 0.202358964773  0.202358967951 
 0.232995181052  0.232995181359 
 0.268269579528  0.268269579502 
 0.308884359648  0.308884359965 
 0.355648030622  0.355648030808 
 0.409491506238  0.40949150663 
 0.471486636346  0.471486637253 
 0.542867543932  0.542867547457 
 0.625055192527  0.625055195419 
 0.719685673001  0.719685673311 
 0.828642772855  0.828642774418 
 0.95409547635  0.954095476404 
 1.09854114199  1.09854114566 
 1.26485521686  1.26485520957 
 1.4563484775  1.45634847951 
 1.67683293681  1.676832934 
 1.93069772888  1.93069773243 
 2.22299648253  2.22299648576 
 2.5595479227  2.55954791254 
 2.94705170255  2.94705166376 
 3.3932217719  3.39322170132 
 3.90693993705  3.90693981109 
 4.49843266897  4.49843232158 
 5.17947467923  5.1794738343 
 5.96362331659  5.96362095386 
 6.86648845004  6.86648164581 
 7.90604321091  7.90602298222 
 9.10298177992  9.10292017771 
 10.4811313415  10.4809361778 
 12.0679264064  12.0672792818 
 13.8949549437  13.8926872352 
 15.9985871961  15.9901599899 
 18.4206996933  18.3876109989 
 21.2095088792  21.0776644504 
 24.4205309455  23.9745219134 
 28.1176869797  27.2704978049 
 32.3745754282  32.3644112274 
 37.2759372031  37.2664110157 
 42.9193426013  42.908089969 
 49.4171336132  49.4034187547 
 56.8986602902  56.8818472815 
 65.512855686  65.4921914839 
 75.4312006335  75.4057396922 
 86.8511373751  86.8196797605 
 100.0  99.9630700898 
954095.47635 50 
 0.1  0.10000000064 
 0.115139539933  0.115139540111 
 0.132571136559  0.13257113736 
 0.152641796718  0.152641798021 
 0.175751062485  0.175751062565 
 0.202358964773  0.202358966349 
 0.232995181052  0.23299518211 
 0.268269579528  0.268269579748 
 0.308884359648  0.308884359779 
 0.355648030622  0.355648031362 
 0.409491506238  0.4094915065 
 0.471486636346  0.471486637209 
 0.542867543932  0.54286754452 
 0.625055192527  0.625055193027 
 0.719685673001  0.719685675781 
 0.828642772855  0.828642767778 
 0.95409547635  0.954095478008 
 1.09854114199  1.09854114179 
 1.26485521686  1.26485521902 
 1.4563484775  1.45634847007 
 1.67683293681  1.67683293376 
 1.93069772888  1.93069773168 
 2.22299648253  2.22299647655 
 2.5595479227  2.55954790546 
 2.94705170255  2.94705166706 
 3.3932217719  3.39322170625 
 3.90693993705  3.9069399065 
 4.49843266897  4.49843234146 
 5.17947467923  5.17947378834 
 5.96362331659  5.96362097956 
 6.86648845004  6.86648163838 
 7.90604321091  7.90602302093 
 9.10298177992  9.10292003275 
 10.4811313415  10.4809363964 
 12.0679264064  12.0672789755 
 13.8949549437  13.8926878049 
 15.9985871961  15.9901766454 
 18.4206996933  18.3879249347 
 21.2095088792  21.0831869906 
 24.4205309455  24.0417979062 
 28.1176869797  28.0629694288 
 32.3745754282  32.3714146275 
 37.2759372031  37.2726033449 
 42.9193426013  42.9153487165 
 49.4171336132  49.4122567694 
 56.8986602902  56.8926803783 
 65.512855686  65.5055057466 
 75.4312006335  75.4221444403 
 86.8511373751  86.8399469082 
 100.0  99.9861260956 
1599858.71961 50 
 0.1  0.10000000089 
 0.115139539933  0.115139539957 
 0.132571136559  0.132571137433 
 0.152641796718  0.152641797658 
 0.175751062485  0.175751064984 
 0.202358964773  0.202358965013 
 0.232995181052  0.232995183907 
 0.268269579528  0.268269580034 
 0.308884359648  0.308884359844 
 0.355648030622  0.355648031196 
 0.409491506238  0.40949150651 
 0.471486636346  0.471486639798 
 0.542867543932  0.542867545224 
 0.625055192527  0.62505519346 
 0.719685673001  0.719685674301 
 0.828642772855  0.828642775337 
 0.95409547635  0.954095474851 
 1.09854114199  1.09854114948 
 1.26485521686  1.26485521955 
 1.4563484775  1.45634847767 
 1.67683293681  1.67683294142 
 1.93069772888  1.93069772944 
 2.22299648253  2.22299647702 
 2.5595479227  2.55954790806 
 2.94705170255  2.94705167431 
 3.3932217719  3.39322170859 
 3.90693993705  3.90693985677 
 4.49843266897  4.49843228868 
 5.17947467923  5.17947378197 
 5.96362331659  5.96362087699 
 6.86648845004  6.86648163562 
 7.90604321091  7.90602300242 
 9.10298177992  9.10292013429 
 10.4811313415  10.48093595 
 12.0679264064  12.0672787503 
 13.8949549437  13.8926896639 
 15.9985871961  15.9902078275 
 18.4206996933  18.388445608 
 21.2095088792  21.0916200712 
 24.4205309455  24.1215430227 
 28.1176869797  28.1158827491 
 32.3745754282  32.3735291585 
 37.2759372031  37.2747621246 
 42.9193426013  42.9179231645 
 49.4171336132  49.415399448 
 56.8986602902  56.8965336049 
 65.512855686  65.5102417379 
 75.4312006335  75.4279798736 
 86.8511373751  86.8471575802 
 100.0  99.9950658575 
2682695.79528 50 
 0.1  0.100000000578 
 0.115139539933  0.115139539974 
 0.132571136559  0.132571138674 
 0.152641796718  0.152641796745 
 0.175751062485  0.175751062564 
 0.202358964773  0.202358966464 
 0.232995181052  0.232995181048 
 0.268269579528  0.268269579644 
 0.308884359648  0.308884359847 
 0.355648030622  0.355648031133 
 0.409491506238  0.409491506232 
 0.471486636346  0.471486636634 
 0.542867543932  0.542867544686 
 0.625055192527  0.625055196418 
 0.719685673001  0.719685674662 
 0.828642772855  0.828642775073 
 0.95409547635  0.954095476392 
 1.09854114199  1.09854114398 
 1.26485521686  1.26485521573 
 1.4563484775  1.45634847589 
 1.67683293681  1.67683293609 
 1.93069772888  1.93069773544 
 2.22299648253  2.22299646832 
 2.5595479227  2.55954790394 
 2.94705170255  2.94705168662 
 3.3932217719  3.39322171206 
 3.90693993705  3.90693979331 
 4.49843266897  4.49843233023 
 5.17947467923  5.17947381939 
 5.96362331659  5.96362096722 
 6.86648845004  6.86648159375 
 7.90604321091  7.90602306813 
 9.10298177992  9.10292035162 
 10.4811313415  10.4809364384 
 12.0679264064  12.0672787805 
 13.8949549437  13.8926927365 
 15.9985871961  15.9902581949 
 18.4206996933  18.3892940751 
 21.2095088792  21.1037488862 
 24.4205309455  24.2038112368 
 28.1176869797  28.117268475 
 32.3745754282  32.374217962 
 37.2759372031  37.2755215365 
 42.9193426013  42.9188380262 
 49.4171336132  49.416516373 
 56.8986602902  56.8979032445 
 65.512855686  65.5119251498 
 75.4312006335  75.4300540601 
 86.8511373751  86.8497205433 
 100.0  99.9982453212 
4498432.66897 50 
 0.1  0.10000000066 
 0.115139539933  0.115139540004 
 0.132571136559  0.132571136656 
 0.152641796718  0.152641796743 
 0.175751062485  0.175751062931 
 0.202358964773  0.202358965048 
 0.232995181052  0.232995181213 
 0.268269579528  0.268269579718 
 0.308884359648  0.308884359762 
 0.355648030622  0.355648031998 
 0.409491506238  0.409491506436 
 0.471486636346  0.471486636903 
 0.542867543932  0.542867544265 
 0.625055192527  0.62505519373 
 0.719685673001  0.71968567415 
 0.828642772855  0.828642772782 
 0.95409547635  0.954095480378 
 1.09854114199  1.09854114641 
 1.26485521686  1.26485521832 
 1.4563484775  1.45634847795 
 1.67683293681  1.67683293891 
 1.93069772888  1.93069772899 
 2.22299648253  2.22299647517 
 2.5595479227  2.55954791054 
 2.94705170255  2.94705166494 
 3.3932217719  3.3932217407 
 3.90693993705  3.90693977239 
 4.49843266897  4.49843231521 
 5.17947467923  5.17947379447 
 5.96362331659  5.96362090622 
 6.86648845004  6.86648163552 
 7.90604321091  7.90602303074 
 9.10298177992  9.10292005648 
 10.4811313415  10.4809364464 
 12.0679264064  12.0672792419 
 13.8949549437  13.8926985299 
 15.9985871961  15.9903433872 
 18.4206996933  18.3906340655 
 21.2095088792  21.1197779465 
 24.4205309455  24.2767512732 
 28.1176869797  28.1175636025 
 32.3745754282  32.3744511874 
 37.2759372031  37.2757898006 
 42.9193426013  42.9191631561 
 49.4171336132  49.416914023 
 56.8986602902  56.8983914294 
 65.512855686  65.512524625 
 75.4312006335  75.4307926913 
 86.8511373751  86.8506332519 
 100.0  99.9993749336 
7543120.06335 50 
 0.1  0.100000000306 
 0.115139539933  0.115139541379 
 0.132571136559  0.132571138182 
 0.152641796718  0.152641798275 
 0.175751062485  0.175751062667 
 0.202358964773  0.202358965005 
 0.232995181052  0.232995181331 
 0.268269579528  0.268269580384 
 0.308884359648  0.308884359917 
 0.355648030622  0.355648030874 
 0.409491506238  0.409491506527 
 0.471486636346  0.471486636961 
 0.542867543932  0.542867544429 
 0.625055192527  0.625055193126 
 0.719685673001  0.719685673072 
 0.828642772855  0.828642773165 
 0.95409547635  0.954095477659 
 1.09854114199  1.09854114506 
 1.26485521686  1.26485521667 
 1.4563484775  1.4563484809 
 1.67683293681  1.67683294006 
 1.93069772888  1.93069772428 
 2.22299648253  2.22299648356 
 2.5595479227  2.55954790302 
 2.94705170255  2.94705168647 
 3.3932217719  3.39322169326 
 3.90693993705  3.90693984417 
 4.49843266897  4.49843228971 
 5.17947467923  5.17947379519 
 5.96362331659  5.96362093169 
 6.86648845004  6.86648162169 
 7.90604321091  7.90602305289 
 9.10298177992  9.102920166 
 10.4811313415  10.480936007 
 12.0679264064  12.0672802982 
 13.8949549437  13.8927077601 
 15.9985871961  15.9904848567 
 18.4206996933  18.3926727283 
 21.2095088792  21.1386972353 
 24.4205309455  24.4204444342 
 28.1176869797  28.1176471288 
 32.3745754282  32.3745318044 
 37.2759372031  37.2758848353 
 42.9193426013  42.9192787402 
 49.4171336132  49.4170554475 
 56.8986602902  56.8985644151 
 65.512855686  65.5127378384 
 75.4312006335  75.4310554228 
 86.8511373751  86.8509579366 
 100.0  99.9997775289 
12648552.1686 50 
 0.1  0.100000000061 
 0.115139539933  0.115139541401 
 0.132571136559  0.132571136632 
 0.152641796718  0.152641796717 
 0.175751062485  0.175751063702 
 0.202358964773  0.202358965151 
 0.232995181052  0.232995181233 
 0.268269579528  0.26826957972 
 0.308884359648  0.308884359771 
 0.355648030622  0.355648030811 
 0.409491506238  0.409491507599 
 0.471486636346  0.471486636617 
 0.542867543932  0.54286754569 
 0.625055192527  0.625055193668 
 0.719685673001  0.719685674693 
 0.828642772855  0.828642777572 
 0.95409547635  0.954095476332 
 1.09854114199  1.0985411437 
 1.26485521686  1.26485522167 
 1.4563484775  1.45634847505 
 1.67683293681  1.67683293988 
 1.93069772888  1.93069773679 
 2.22299648253  2.22299647464 
 2.5595479227  2.55954790551 
 2.94705170255  2.94705168087 
 3.3932217719  3.39322171301 
 3.90693993705  3.90693979054 
 4.49843266897  4.49843231958 
 5.17947467923  5.17947382806 
 5.96362331659  5.96362095001 
 6.86648845004  6.86648166794 
 7.90604321091  7.90602292979 
 9.10298177992  9.10292017534 
 10.4811313415  10.4809361693 
 12.0679264064  12.0672809541 
 13.8949549437  13.8927231246 
 15.9985871961  15.9907127829 
 18.4206996933  18.3955958748 
 21.2095088792  21.1581525839 
 24.4205309455  24.4205138962 
 28.1176869797  28.1176735318 
 32.3745754282  32.3745600232 
 37.2759372031  37.2759185752 
 42.9193426013  42.9193198558 
 49.4171336132  49.4171057672 
 56.8986602902  56.8986261326 
 65.512855686  65.5128136984 
 75.4312006335  75.4311488958 
 86.8511373751  86.851073443 
 100.0  99.9999207391 
21209508.8792 50 
 0.1  0.100000000669 
 0.115139539933  0.115139540793 
 0.132571136559  0.132571138488 
 0.152641796718  0.15264179698 
 0.175751062485  0.175751064616 
 0.202358964773  0.20235896505 
 0.232995181052  0.232995183689 
 0.268269579528  0.268269579643 
 0.308884359648  0.308884359766 
 0.355648030622  0.3556480315 
 0.409491506238  0.409491506461 
 0.471486636346  0.471486637266 
 0.542867543932  0.54286754496 
 0.625055192527  0.625055194941 
 0.719685673001  0.719685675756 
 0.828642772855  0.828642773584 
 0.95409547635  0.954095478178 
 1.09854114199  1.09854114054 
 1.26485521686  1.26485520733 
 1.4563484775  1.45634847575 
 1.67683293681  1.67683293427 
 1.93069772888  1.93069772298 
 2.22299648253  2.2229964758 
 2.5595479227  2.55954791629 
 2.94705170255  2.94705166893 
 3.3932217719  3.39322171227 
 3.90693993705  3.90693979123 
 4.49843266897  4.49843230149 
 5.17947467923  5.17947380103 
 5.96362331659  5.96362092463 
 6.86648845004  6.866481644 
 7.90604321091  7.90602310465 
 9.10298177992  9.10292010392 
 10.4811313415  10.4809365684 
 12.0679264064  12.0672828704 
 13.8949549437  13.8927482231 
 15.9985871961  15.9910685989 
 18.4206996933  18.3994483296 
 21.2095088792  21.1753711051 
 24.4205309455  24.4205261779 
 28.1176869797  28.1176823432 
 32.3745754282  32.3745700381 
 37.2759372031  37.2759306943 
 42.9193426013  42.9193345113 
 49.4171336132  49.4171237041 
 56.8986602902  56.8986481291 
 65.512855686  65.5128407289 
 75.4312006335  75.4311821913 
 86.8511373751  86.8511145689 
 100.0  99.9999717206 
35564803.0622 50 
 0.1  0.100000002132 
 0.115139539933  0.115139539933 
 0.132571136559  0.132571137608 
 0.152641796718  0.152641797463 
 0.175751062485  0.175751062539 
 0.202358964773  0.202358964773 
 0.232995181052  0.232995181155 
 0.268269579528  0.268269579561 
 0.308884359648  0.308884359764 
 0.355648030622  0.355648031796 
 0.409491506238  0.409491507455 
 0.471486636346  0.471486637128 
 0.542867543932  0.54286754461 
 0.625055192527  0.625055192789 
 0.719685673001  0.719685674425 
 0.828642772855  0.828642774611 
 0.95409547635  0.954095476049 
 1.09854114199  1.09854114145 
 1.26485521686  1.26485521605 
 1.4563484775  1.45634847666 
 1.67683293681  1.67683293375 
 1.93069772888  1.93069772509 
 2.22299648253  2.22299647605 
 2.5595479227  2.55954790619 
 2.94705170255  2.94705167518 
 3.3932217719  3.393221706 
 3.90693993705  3.90693978698 
 4.49843266897  4.49843234082 
 5.17947467923  5.17947377429 
 5.96362331659  5.9636209603 
 6.86648845004  6.86648168683 
 7.90604321091  7.90602315841 
 9.10298177992  9.10292026464 
 10.4811313415  10.4809366962 
 12.0679264064  12.067286364 
 13.8949549437  13.8927907836 
 15.9985871961  15.9916101931 
 18.4206996933  18.4039774226 
 21.2095088792  21.2095051467 
 24.4205309455  24.4205294392 
 28.1176869797  28.1176853543 
 32.3745754282  32.3745735194 
 37.2759372031  37.2759348899 
 42.9193426013  42.919339781 
 49.4171336132  49.4171301678 
 56.8986602902  56.8986559651 
 65.512855686  65.5128505177 
 75.4312006335  75.4311942845 
 86.8511373751  86.8511292641 
 100.0  99.9999899353 
59636233.1659 50 
 0.1  0.100000000009 
 0.115139539933  0.115139540063 
 0.132571136559  0.132571137862 
 0.152641796718  0.152641798058 
 0.175751062485  0.175751062498 
 0.202358964773  0.202358964782 
 0.232995181052  0.232995181172 
 0.268269579528  0.268269579651 
 0.308884359648  0.308884359928 
 0.355648030622  0.355648030852 
 0.409491506238  0.409491509627 
 0.471486636346  0.471486636789 
 0.542867543932  0.542867544788 
 0.625055192527  0.62505519379 
 0.719685673001  0.719685672809 
 0.828642772855  0.828642772618 
 0.95409547635  0.954095476056 
 1.09854114199  1.09854114164 
 1.26485521686  1.26485521595 
 1.4563484775  1.4563484759 
 1.67683293681  1.67683293484 
 1.93069772888  1.93069772434 
 2.22299648253  2.22299647493 
 2.5595479227  2.55954791262 
 2.94705170255  2.94705167589 
 3.3932217719  3.39322171455 
 3.90693993705  3.90693979412 
 4.49843266897  4.49843234324 
 5.17947467923  5.17947381496 
 5.96362331659  5.96362091382 
 6.86648845004  6.86648171673 
 7.90604321091  7.90602304029 
 9.10298177992  9.10292039777 
 10.4811313415  10.4809371163 
 12.0679264064  12.0672917678 
 13.8949549437  13.8928584876 
 15.9985871961  15.9923809624 
 18.4206996933  18.4086059296 
 21.2095088792  21.2095081501 
 24.4205309455  24.4205304424 
 28.1176869797  28.1176864119 
 32.3745754282  32.3745747512 
 37.2759372031  37.2759363808 
 42.9193426013  42.9193415983 
 49.4171336132  49.4171323879 
 56.8986602902  56.8986587908 
 65.512855686  65.5128538479 
 75.4312006335  75.4311983755 
 86.8511373751  86.8511345943 
 100.0  99.9999965652 
100000000.0 50 
 0.1  0.100000000836 
 0.115139539933  0.115139541468 
 0.132571136559  0.132571137977 
 0.152641796718  0.152641798092 
 0.175751062485  0.175751063176 
 0.202358964773  0.202358966802 
 0.232995181052  0.23299518128 
 0.268269579528  0.268269579869 
 0.308884359648  0.308884360229 
 0.355648030622  0.355648030809 
 0.409491506238  0.409491507431 
 0.471486636346  0.471486638688 
 0.542867543932  0.542867544558 
 0.625055192527  0.625055193077 
 0.719685673001  0.719685673645 
 0.828642772855  0.828642772677 
 0.95409547635  0.954095476316 
 1.09854114199  1.09854114224 
 1.26485521686  1.26485521651 
 1.4563484775  1.45634847567 
 1.67683293681  1.6768329347 
 1.93069772888  1.93069772477 
 2.22299648253  2.22299647673 
 2.5595479227  2.55954791408 
 2.94705170255  2.94705167755 
 3.3932217719  3.39322171268 
 3.90693993705  3.9069397879 
 4.49843266897  4.49843233161 
 5.17947467923  5.17947377242 
 5.96362331659  5.96362093784 
 6.86648845004  6.86648171043 
 7.90604321091  7.90602316015 
 9.10298177992  9.10292044684 
 10.4811313415  10.4809380243 
 12.0679264064  12.0672993426 
 13.8949549437  13.8929652423 
 15.9985871961  15.993384131 
 18.4206996933  18.4126802103 
 21.2095088792  21.2095086908 
 24.4205309455  24.4205307689 
 28.1176869797  28.1176867799 
 32.3745754282  32.3745751878 
 37.2759372031  37.2759369107 
 42.9193426013  42.9193422446 
 49.4171336132  49.4171331774 
 56.8986602902  56.8986597569 
 65.512855686  65.5128550322 
 75.4312006335  75.4311998305 
 86.8511373751  86.8511363861 
 100.0  99.9999987784 
