0.001 50 
 0.1  0.1 
 0.115139539933  0.115139539933 
 0.132571136559  0.132571136559 
 0.152641796718  0.152641796718 
 0.175751062485  0.175751062485 
 0.202358964773  0.202358964773 
 0.232995181052  0.232995181052 
 0.268269579528  0.268269579528 
 0.308884359648  0.308884359648 
 0.355648030622  0.355648030622 
 0.409491506238  0.409491506238 
 0.471486636346  0.471486636346 
 0.542867543932  0.542867543932 
 0.625055192527  0.625055192527 
 0.719685673001  0.719685673001 
 0.828642772855  0.828642772855 
 0.95409547635  0.95409547635 
 1.09854114199  1.09854114199 
 1.26485521686  1.26485521686 
 1.4563484775  1.4563484775 
 1.67683293681  1.67683293681 
 1.93069772888  1.93069772888 
 2.22299648253  2.22299648253 
 2.5595479227  2.5595479227 
 2.94705170255  2.94705170255 
 3.3932217719  3.3932217719 
 3.90693993705  3.90693993705 
 4.49843266897  4.49843266897 
 5.17947467923  5.17947467923 
 5.96362331659  5.96362331659 
 6.86648845004  6.86648845004 
 7.90604321091  7.90604321091 
 9.10298177992  9.10298177991 
 10.4811313415  10.4811313415 
 12.0679264064  12.0679264064 
 13.8949549437  13.8949549437 
 15.9985871961  15.9985871958 
 18.4206996933  18.4206996923 
 21.2095088792  21.2095088749 
 24.4205309455  24.4205309244 
 28.1176869797  28.1176868653 
 32.3745754282  32.3745747443 
 37.2759372031  37.2759326809 
 42.9193426013  42.9193094233 
 49.4171336132  49.4168630285 
 56.8986602902  56.8962061709 
 65.512855686  65.4881855196 
 75.4312006335  75.1634129818 
 86.8511373751  84.2888702487 
 100.0  88.2191102381 
0.00167683293681 50 
 0.1  0.1 
 0.115139539933  0.115139539933 
 0.132571136559  0.132571136559 
 0.152641796718  0.152641796718 
 0.175751062485  0.175751062485 
 0.202358964773  0.202358964773 
 0.232995181052  0.232995181052 
 0.268269579528  0.268269579528 
 0.308884359648  0.308884359648 
 0.355648030622  0.355648030622 
 0.409491506238  0.409491506238 
 0.471486636346  0.471486636346 
 0.542867543932  0.542867543932 
 0.625055192527  0.625055192527 
 0.719685673001  0.719685673001 
 0.828642772855  0.828642772855 
 0.95409547635  0.95409547635 
 1.09854114199  1.09854114199 
 1.26485521686  1.26485521686 
 1.4563484775  1.4563484775 
 1.67683293681  1.67683293681 
 1.93069772888  1.93069772888 
 2.22299648253  2.22299648253 
 2.5595479227  2.5595479227 
 2.94705170255  2.94705170255 
 3.3932217719  3.3932217719 
 3.90693993705  3.90693993705 
 4.49843266897  4.49843266897 
 5.17947467923  5.17947467923 
 5.96362331659  5.96362331659 
 6.86648845004  6.86648845004 
 7.90604321091  7.90604321091 
 9.10298177992  9.10298177991 
 10.4811313415  10.4811313415 
 12.0679264064  12.0679264064 
 13.8949549437  13.8949549436 
 15.9985871961  15.9985871957 
 18.4206996933  18.4206996917 
 21.2095088792  21.2095088719 
 24.4205309455  24.4205309094 
 28.1176869797  28.1176867837 
 32.3745754282  32.3745742521 
 37.2759372031  37.2759293951 
 42.9193426013  42.9192850571 
 49.4171336132  49.4166618863 
 56.8986602902  56.8943574461 
 65.512855686  65.4694012547 
 75.4312006335  74.9657174084 
 86.8511373751  82.9367325272 
 100.0  85.5221157 
0.00281176869797 50 
 0.1  0.1 
 0.115139539933  0.115139539933 
 0.132571136559  0.132571136559 
 0.152641796718  0.152641796718 
 0.175751062485  0.175751062485 
 0.202358964773  0.202358964773 
 0.232995181052  0.232995181052 
 0.268269579528  0.268269579528 
 0.308884359648  0.308884359648 
 0.355648030622  0.355648030622 
 0.409491506238  0.409491506238 
 0.471486636346  0.471486636346 
 0.542867543932  0.542867543932 
 0.625055192527  0.625055192527 
 0.719685673001  0.719685673001 
 0.828642772855  0.828642772855 
 0.95409547635  0.95409547635 
 1.09854114199  1.09854114199 
 1.26485521686  1.26485521686 
 1.4563484775  1.4563484775 
 1.67683293681  1.67683293681 
 1.93069772888  1.93069772888 
 2.22299648253  2.22299648253 
 2.5595479227  2.5595479227 
 2.94705170255  2.94705170255 
 3.3932217719  3.3932217719 
 3.90693993705  3.90693993705 
 4.49843266897  4.49843266897 
 5.17947467923  5.17947467923 
 5.96362331659  5.96362331659 
 6.86648845004  6.86648845004 
 7.90604321091  7.90604321091 
 9.10298177992  9.10298177991 
 10.4811313415  10.4811313415 
 12.0679264064  12.0679264063 
 13.8949549437  13.8949549436 
 15.9985871961  15.9985871954 
 18.4206996933  18.4206996905 
 21.2095088792  21.2095088667 
 24.4205309455  24.4205308831 
 28.1176869797  28.117686639 
 32.3745754282  32.3745733734 
 37.2759372031  37.2759234776 
 42.9193426013  42.9192407385 
 49.4171336132  49.4162919984 
 56.8986602902  56.890918143 
 65.512855686  65.4342010518 
 75.4312006335  74.6110154759 
 86.8511373751  81.0922137435 
 100.0  82.6341309288 
0.00471486636346 50 
 0.1  0.1 
 0.115139539933  0.115139539933 
 0.132571136559  0.132571136559 
 0.152641796718  0.152641796718 
 0.175751062485  0.175751062485 
 0.202358964773  0.202358964773 
 0.232995181052  0.232995181052 
 0.268269579528  0.268269579528 
 0.308884359648  0.308884359648 
 0.355648030622  0.355648030622 
 0.409491506238  0.409491506238 
 0.471486636346  0.471486636346 
 0.542867543932  0.542867543932 
 0.625055192527  0.625055192527 
 0.719685673001  0.719685673001 
 0.828642772855  0.828642772855 
 0.95409547635  0.95409547635 
 1.09854114199  1.09854114199 
 1.26485521686  1.26485521686 
 1.4563484775  1.4563484775 
 1.67683293681  1.67683293681 
 1.93069772888  1.93069772888 
 2.22299648253  2.22299648253 
 2.5595479227  2.5595479227 
 2.94705170255  2.94705170255 
 3.3932217719  3.3932217719 
 3.90693993705  3.90693993705 
 4.49843266897  4.49843266897 
 5.17947467923  5.17947467923 
 5.96362331659  5.96362331659 
 6.86648845004  6.86648845004 
 7.90604321091  7.90604321091 
 9.10298177992  9.10298177991 
 10.4811313415  10.4811313415 
 12.0679264064  12.0679264063 
 13.8949549437  13.8949549435 
 15.9985871961  15.9985871949 
 18.4206996933  18.4206996885 
 21.2095088792  21.2095088572 
 24.4205309455  24.4205308356 
 28.1176869797  28.1176863748 
 32.3745754282  32.3745717502 
 37.2759372031  37.2759124085 
 42.9193426013  42.9191566937 
 49.4171336132  49.4155801151 
 56.8986602902  56.8842002113 
 65.512855686  65.3650967994 
 75.4312006335  73.9727760812 
 86.8511373751  78.7368416865 
 100.0  79.564727763 
0.00790604321091 50 
 0.1  0.1 
 0.115139539933  0.115139539933 
 0.132571136559  0.132571136559 
 0.152641796718  0.152641796718 
 0.175751062485  0.175751062485 
 0.202358964773  0.202358964773 
 0.232995181052  0.232995181052 
 0.268269579528  0.268269579528 
 0.308884359648  0.308884359648 
 0.355648030622  0.355648030622 
 0.409491506238  0.409491506238 
 0.471486636346  0.471486636346 
 0.542867543932  0.542867543932 
 0.625055192527  0.625055192527 
 0.719685673001  0.719685673001 
 0.828642772855  0.828642772855 
 0.95409547635  0.95409547635 
 1.09854114199  1.09854114199 
 1.26485521686  1.26485521686 
 1.4563484775  1.4563484775 
 1.67683293681  1.67683293681 
 1.93069772888  1.93069772888 
 2.22299648253  2.22299648253 
 2.5595479227  2.5595479227 
 2.94705170255  2.94705170255 
 3.3932217719  3.3932217719 
 3.90693993705  3.90693993705 
 4.49843266897  4.49843266897 
 5.17947467923  5.17947467923 
 5.96362331659  5.96362331659 
 6.86648845004  6.86648845004 
 7.90604321091  7.9060432109 
 9.10298177992  9.1029817799 
 10.4811313415  10.4811313415 
 12.0679264064  12.0679264063 
 13.8949549437  13.8949549433 
 15.9985871961  15.998587194 
 18.4206996933  18.4206996847 
 21.2095088792  21.2095088397 
 24.4205309455  24.4205307462 
 28.1176869797  28.117685871 
 32.3745754282  32.3745686074 
 37.2759372031  37.2758906242 
 42.9193426013  42.9189884099 
 49.4171336132  49.4141289421 
 56.8986602902  56.870280088 
 65.512855686  65.2226635054 
 75.4312006335  72.8589626316 
 86.8511373751  75.9228771733 
 100.0  76.3235638232 
0.0132571136559 50 
 0.1  0.1 
 0.115139539933  0.115139539933 
 0.132571136559  0.132571136559 
 0.152641796718  0.152641796718 
 0.175751062485  0.175751062485 
 0.202358964773  0.202358964773 
 0.232995181052  0.232995181052 
 0.268269579528  0.268269579528 
 0.308884359648  0.308884359648 
 0.355648030622  0.355648030622 
 0.409491506238  0.409491506238 
 0.471486636346  0.471486636346 
 0.542867543932  0.542867543932 
 0.625055192527  0.625055192527 
 0.719685673001  0.719685673001 
 0.828642772855  0.828642772855 
 0.95409547635  0.95409547635 
 1.09854114199  1.09854114199 
 1.26485521686  1.26485521686 
 1.4563484775  1.4563484775 
 1.67683293681  1.67683293681 
 1.93069772888  1.93069772888 
 2.22299648253  2.22299648253 
 2.5595479227  2.5595479227 
 2.94705170255  2.94705170255 
 3.3932217719  3.3932217719 
 3.90693993705  3.90693993705 
 4.49843266897  4.49843266897 
 5.17947467923  5.17947467923 
 5.96362331659  5.96362331659 
 6.86648845004  6.86648845004 
 7.90604321091  7.9060432109 
 9.10298177992  9.10298177989 
 10.4811313415  10.4811313415 
 12.0679264064  12.0679264063 
 13.8949549437  13.894954943 
 15.9985871961  15.9985871924 
 18.4206996933  18.4206996775 
 21.2095088792  21.2095088057 
 24.4205309455  24.4205305691 
 28.1176869797  28.1176848552 
 32.3745754282  32.3745621536 
 37.2759372031  37.2758450331 
 42.9193426013  42.9186293324 
 49.4171336132  49.410972875 
 56.8986602902  56.8395792057 
 65.512855686  64.9188431914 
 75.4312006335  71.0730458962 
 86.8511373751  72.7557594851 
 100.0  72.9323932205 
0.0222299648253 50 
 0.1  0.1 
 0.115139539933  0.115139539933 
 0.132571136559  0.132571136559 
 0.152641796718  0.152641796718 
 0.175751062485  0.175751062485 
 0.202358964773  0.202358964773 
 0.232995181052  0.232995181052 
 0.268269579528  0.268269579528 
 0.308884359648  0.308884359648 
 0.355648030622  0.355648030622 
 0.409491506238  0.409491506238 
 0.471486636346  0.471486636346 
 0.542867543932  0.542867543932 
 0.625055192527  0.625055192527 
 0.719685673001  0.719685673001 
 0.828642772855  0.828642772855 
 0.95409547635  0.95409547635 
 1.09854114199  1.09854114199 
 1.26485521686  1.26485521686 
 1.4563484775  1.4563484775 
 1.67683293681  1.67683293681 
 1.93069772888  1.93069772888 
 2.22299648253  2.22299648253 
 2.5595479227  2.5595479227 
 2.94705170255  2.94705170255 
 3.3932217719  3.3932217719 
 3.90693993705  3.90693993705 
 4.49843266897  4.49843266897 
 5.17947467923  5.17947467923 
 5.96362331659  5.96362331659 
 6.86648845004  6.86648845004 
 7.90604321091  7.9060432109 
 9.10298177992  9.10298177989 
 10.4811313415  10.4811313414 
 12.0679264064  12.0679264063 
 13.8949549437  13.8949549429 
 15.9985871961  15.998587189 
 18.4206996933  18.4206996629 
 21.2095088792  21.2095087352 
 24.4205309455  24.4205301956 
 28.1176869797  28.1176826712 
 32.3745754282  32.3745480033 
 37.2759372031  37.2757431061 
 42.9193426013  42.9178111206 
 49.4171336132  49.4036564455 
 56.8986602902  56.7680702585 
 65.512855686  64.2759544361 
 75.4312006335  68.5667636955 
 86.8511373751  69.3579792876 
 100.0  69.4301458336 
0.0372759372031 50 
 0.1  0.1 
 0.115139539933  0.115139539933 
 0.132571136559  0.132571136559 
 0.152641796718  0.152641796718 
 0.175751062485  0.175751062485 
 0.202358964773  0.202358964773 
 0.232995181052  0.232995181052 
 0.268269579528  0.268269579528 
 0.308884359648  0.308884359648 
 0.355648030622  0.355648030622 
 0.409491506238  0.409491506238 
 0.471486636346  0.471486636346 
 0.542867543932  0.542867543932 
 0.625055192527  0.625055192527 
 0.719685673001  0.719685673001 
 0.828642772855  0.828642772855 
 0.95409547635  0.95409547635 
 1.09854114199  1.09854114199 
 1.26485521686  1.26485521686 
 1.4563484775  1.4563484775 
 1.67683293681  1.67683293681 
 1.93069772888  1.93069772888 
 2.22299648253  2.22299648253 
 2.5595479227  2.5595479227 
 2.94705170255  2.94705170255 
 3.3932217719  3.3932217719 
 3.90693993705  3.90693993705 
 4.49843266897  4.49843266897 
 5.17947467923  5.17947467923 
 5.96362331659  5.96362331659 
 6.86648845004  6.86648845004 
 7.90604321091  7.9060432109 
 9.10298177992  9.10298177987 
 10.4811313415  10.4811313416 
 12.0679264064  12.067926406 
 13.8949549437  13.8949549455 
 15.9985871961  15.998587182 
 18.4206996933  18.4206996312 
 21.2095088792  21.2095085794 
 24.4205309455  24.4205293542 
 28.1176869797  28.1176776577 
 32.3745754282  32.3745149198 
 37.2759372031  37.2755005925 
 42.9193426013  42.915832365 
 49.4171336132  49.3857480689 
 56.8986602902  56.5960621837 
 65.512855686  63.0254903824 
 75.4312006335  65.5108388049 
 86.8511373751  65.8399245849 
 100.0  65.8677872773 
0.0625055192527 50 
 0.1  0.1 
 0.115139539933  0.115139539933 
 0.132571136559  0.132571136559 
 0.152641796718  0.152641796718 
 0.175751062485  0.175751062485 
 0.202358964773  0.202358964773 
 0.232995181052  0.232995181052 
 0.268269579528  0.268269579528 
 0.308884359648  0.308884359648 
 0.355648030622  0.355648030622 
 0.409491506238  0.409491506238 
 0.471486636346  0.471486636346 
 0.542867543932  0.542867543932 
 0.625055192527  0.625055192527 
 0.719685673001  0.719685673001 
 0.828642772855  0.828642772855 
 0.95409547635  0.95409547635 
 1.09854114199  1.09854114199 
 1.26485521686  1.26485521686 
 1.4563484775  1.4563484775 
 1.67683293681  1.67683293681 
 1.93069772888  1.93069772888 
 2.22299648253  2.22299648253 
 2.5595479227  2.5595479227 
 2.94705170255  2.94705170255 
 3.3932217719  3.3932217719 
 3.90693993705  3.90693993705 
 4.49843266897  4.49843266897 
 5.17947467923  5.17947467923 
 5.96362331659  5.96362331659 
 6.86648845004  6.86648845004 
 7.90604321091  7.90604321091 
 9.10298177992  9.1029817798 
 10.4811313415  10.4811313418 
 12.0679264064  12.0679264052 
 13.8949549437  13.894954948 
 15.9985871961  15.9985871659 
 18.4206996933  18.4206995578 
 21.2095088792  21.2095082125 
 24.4205309455  24.4205273387 
 28.1176869797  28.1176654525 
 32.3745754282  32.3744331572 
 37.2759372031  37.2748928659 
 42.9193426013  42.910815433 
 49.4171336132  49.3402194103 
 56.8986602902  56.1868096954 
 65.512855686  60.9742556326 
 75.4312006335  62.1624892288 
 86.8511373751  62.2888684252 
 100.0  62.299204486 
0.104811313415 50 
 0.1  0.1 
 0.115139539933  0.115139539933 
 0.132571136559  0.132571136559 
 0.152641796718  0.152641796718 
 0.175751062485  0.175751062485 
 0.202358964773  0.202358964773 
 0.232995181052  0.232995181052 
 0.268269579528  0.268269579528 
 0.308884359648  0.308884359648 
 0.355648030622  0.355648030622 
 0.409491506238  0.409491506238 
 0.471486636346  0.471486636346 
 0.542867543932  0.542867543932 
 0.625055192527  0.625055192527 
 0.719685673001  0.719685673001 
 0.828642772855  0.828642772855 
 0.95409547635  0.95409547635 
 1.09854114199  1.09854114199 
 1.26485521686  1.26485521686 
 1.4563484775  1.4563484775 
 1.67683293681  1.67683293681 
 1.93069772888  1.93069772888 
 2.22299648253  2.22299648253 
 2.5595479227  2.5595479227 
 2.94705170255  2.94705170255 
 3.3932217719  3.3932217719 
 3.90693993705  3.90693993705 
 4.49843266897  4.49843266897 
 5.17947467923  5.17947467923 
 5.96362331659  5.96362331658 
 6.86648845004  6.86648845007 
 7.90604321091  7.9060432109 
 9.10298177992  9.10298178026 
 10.4811313415  10.4811313418 
 12.0679264064  12.0679264036 
 13.8949549437  13.8949549274 
 15.9985871961  15.9985871273 
 18.4206996933  18.4206993782 
 21.2095088792  21.2095072977 
 24.4205309455  24.4205222612 
 28.1176869797  28.1176343219 
 32.3745754282  32.3742222767 
 37.2759372031  37.2733103373 
 42.9193426013  42.8976713353 
 49.4171336132  49.2228039661 
 56.8986602902  55.2921907158 
 65.512855686  58.2341606252 
 75.4312006335  58.7232381905 
 86.8511373751  58.7696721929 
 100.0  58.7734265113 
0.175751062485 50 
 0.1  0.1 
 0.115139539933  0.115139539933 
 0.132571136559  0.132571136559 
 0.152641796718  0.152641796718 
 0.175751062485  0.175751062485 
 0.202358964773  0.202358964773 
 0.232995181052  0.232995181052 
 0.268269579528  0.268269579528 
 0.308884359648  0.308884359648 
 0.355648030622  0.355648030622 
 0.409491506238  0.409491506238 
 0.471486636346  0.471486636346 
 0.542867543932  0.542867543932 
 0.625055192527  0.625055192527 
 0.719685673001  0.719685673001 
 0.828642772855  0.828642772855 
 0.95409547635  0.95409547635 
 1.09854114199  1.09854114199 
 1.26485521686  1.26485521686 
 1.4563484775  1.4563484775 
 1.67683293681  1.67683293681 
 1.93069772888  1.93069772888 
 2.22299648253  2.22299648253 
 2.5595479227  2.5595479227 
 2.94705170255  2.94705170255 
 3.3932217719  3.39322177189 
 3.90693993705  3.90693993705 
 4.49843266897  4.49843266897 
 5.17947467923  5.17947467923 
 5.96362331659  5.96362331662 
 6.86648845004  6.8664884501 
 7.90604321091  7.90604321079 
 9.10298177992  9.10298178098 
 10.4811313415  10.4811313388 
 12.0679264064  12.0679264064 
 13.8949549437  13.8949549047 
 15.9985871961  15.9985870294 
 18.4206996933  18.420698914 
 21.2095088792  21.2095049392 
 24.4205309455  24.4205089858 
 28.1176869797  28.1175522313 
 32.3745754282  32.3736622359 
 37.2759372031  37.2690863249 
 42.9193426013  42.8626747669 
 49.4171336132  48.9271299651 
 56.8986602902  53.6597944825 
 65.512855686  55.1293392646 
 75.4312006335  55.3143870924 
 86.8511373751  55.3311835559 
 100.0  55.3325427373 
0.294705170255 50 
 0.1  0.1 
 0.115139539933  0.115139539933 
 0.132571136559  0.132571136559 
 0.152641796718  0.152641796718 
 0.175751062485  0.175751062485 
 0.202358964773  0.202358964773 
 0.232995181052  0.232995181052 
 0.268269579528  0.268269579528 
 0.308884359648  0.308884359648 
 0.355648030622  0.355648030622 
 0.409491506238  0.409491506238 
 0.471486636346  0.471486636346 
 0.542867543932  0.542867543932 
 0.625055192527  0.625055192527 
 0.719685673001  0.719685673001 
 0.828642772855  0.828642772855 
 0.95409547635  0.95409547635 
 1.09854114199  1.09854114199 
 1.26485521686  1.26485521686 
 1.4563484775  1.4563484775 
 1.67683293681  1.67683293681 
 1.93069772888  1.93069772888 
 2.22299648253  2.22299648253 
 2.5595479227  2.5595479227 
 2.94705170255  2.94705170255 
 3.3932217719  3.39322177189 
 3.90693993705  3.90693993706 
 4.49843266897  4.49843266897 
 5.17947467923  5.17947467922 
 5.96362331659  5.9636233167 
 6.86648845004  6.86648845009 
 7.90604321091  7.90604321056 
 9.10298177992  9.10298178145 
 10.4811313415  10.4811313349 
 12.0679264064  12.0679263819 
 13.8949549437  13.8949548458 
 15.9985871961  15.9985867715 
 18.4206996933  18.4206977005 
 21.2095088792  21.2094986498 
 24.4205309455  24.4204734374 
 28.1176869797  28.1173314821 
 32.3745754282  32.3721515903 
 37.2759372031  37.2576948745 
 42.9193426013  42.7700885232 
 49.4171336132  48.2476562823 
 56.8986602902  51.3162218271 
 65.512855686  51.9413305196 
 75.4312006335  52.0097003854 
 86.8511373751  52.0158802949 
 100.0  52.016390014 
0.494171336132 50 
 0.1  0.1 
 0.115139539933  0.115139539933 
 0.132571136559  0.132571136559 
 0.152641796718  0.152641796718 
 0.175751062485  0.175751062485 
 0.202358964773  0.202358964773 
 0.232995181052  0.232995181052 
 0.268269579528  0.268269579528 
 0.308884359648  0.308884359648 
 0.355648030622  0.355648030622 
 0.409491506238  0.409491506238 
 0.471486636346  0.471486636346 
 0.542867543932  0.542867543932 
 0.625055192527  0.625055192527 
 0.719685673001  0.719685673001 
 0.828642772855  0.828642772855 
 0.95409547635  0.95409547635 
 1.09854114199  1.09854114199 
 1.26485521686  1.26485521686 
 1.4563484775  1.4563484775 
 1.67683293681  1.67683293681 
 1.93069772888  1.93069772888 
 2.22299648253  2.22299648253 
 2.5595479227  2.5595479227 
 2.94705170255  2.94705170255 
 3.3932217719  3.3932217719 
 3.90693993705  3.90693993707 
 4.49843266897  4.49843266897 
 5.17947467923  5.17947467934 
 5.96362331659  5.96362331678 
 6.86648845004  6.86648844986 
 7.90604321091  7.90604321193 
 9.10298177992  9.10298177507 
 10.4811313415  10.4811313247 
 12.0679264064  12.0679263431 
 13.8949549437  13.8949546887 
 15.9985871961  15.9985860835 
 18.4206996933  18.4206944209 
 21.2095088792  21.2094816451 
 24.4205309455  24.4203772307 
 28.1176869797  28.1167340099 
 32.3745754282  32.3680734142 
 37.2759372031  37.2272701504 
 42.9193426013  42.5364904213 
 49.4171336132  46.9570416363 
 56.8986602902  48.5957822858 
 65.512855686  48.8449073591 
 75.4312006335  48.8711323618 
 86.8511373751  48.8735742242 
 100.0  48.8737834853 
0.828642772855 50 
 0.1  0.1 
 0.115139539933  0.115139539933 
 0.132571136559  0.132571136559 
 0.152641796718  0.152641796718 
 0.175751062485  0.175751062485 
 0.202358964773  0.202358964773 
 0.232995181052  0.232995181052 
 0.268269579528  0.268269579528 
 0.308884359648  0.308884359648 
 0.355648030622  0.355648030622 
 0.409491506238  0.409491506238 
 0.471486636346  0.471486636346 
 0.542867543932  0.542867543932 
 0.625055192527  0.625055192527 
 0.719685673001  0.719685673001 
 0.828642772855  0.828642772855 
 0.95409547635  0.95409547635 
 1.09854114199  1.09854114199 
 1.26485521686  1.26485521686 
 1.4563484775  1.4563484775 
 1.67683293681  1.67683293681 
 1.93069772888  1.93069772888 
 2.22299648253  2.22299648253 
 2.5595479227  2.5595479227 
 2.94705170255  2.94705170256 
 3.3932217719  3.39322177191 
 3.90693993705  3.90693993707 
 4.49843266897  4.49843266899 
 5.17947467923  5.17947467953 
 5.96362331659  5.96362331673 
 6.86648845004  6.86648844938 
 7.90604321091  7.90604320706 
 9.10298177992  9.10298176725 
 10.4811313415  10.4811312965 
 12.0679264064  12.0679262385 
 13.8949549437  13.8949542636 
 15.9985871961  15.998584214 
 18.4206996933  18.4206855403 
 21.2095088792  21.209435796 
 24.4205309455  24.4201187063 
 28.1176869797  28.1151408272 
 32.3745754282  32.3573424737 
 37.2759372031  37.1497991235 
 42.9193426013  42.0168742958 
 49.4171336132  45.0844459015 
 56.8986602902  45.8617401216 
 65.512855686  45.9657488974 
 75.4312006335  45.9770444048 
 86.8511373751  45.978164667 
 100.0  45.9782692046 
1.38949549437 50 
 0.1  0.1 
 0.115139539933  0.115139539933 
 0.132571136559  0.132571136559 
 0.152641796718  0.152641796718 
 0.175751062485  0.175751062485 
 0.202358964773  0.202358964773 
 0.232995181052  0.232995181052 
 0.268269579528  0.268269579528 
 0.308884359648  0.308884359648 
 0.355648030622  0.355648030622 
 0.409491506238  0.409491506238 
 0.471486636346  0.471486636346 
 0.542867543932  0.542867543932 
 0.625055192527  0.625055192527 
 0.719685673001  0.719685673001 
 0.828642772855  0.828642772855 
 0.95409547635  0.95409547635 
 1.09854114199  1.09854114199 
 1.26485521686  1.26485521686 
 1.4563484775  1.4563484775 
 1.67683293681  1.67683293681 
 1.93069772888  1.93069772888 
 2.22299648253  2.22299648253 
 2.5595479227  2.5595479227 
 2.94705170255  2.94705170258 
 3.3932217719  3.39322177192 
 3.90693993705  3.90693993704 
 4.49843266897  4.49843266932 
 5.17947467923  5.17947467968 
 5.96362331659  5.96362331628 
 6.86648845004  6.86648844675 
 7.90604321091  7.90604320062 
 9.10298177992  9.10298174609 
 10.4811313415  10.4811312224 
 12.0679264064  12.0679259559 
 13.8949549437  13.8949531187 
 15.9985871961  15.9985792149 
 18.4206996933  18.4206619571 
 21.2095088792  21.2093153893 
 24.4205309455  24.4194513692 
 28.1176869797  28.1111224331 
 32.3745754282  32.3312098655 
 37.2759372031  36.9751411137 
 42.9193426013  41.1061762948 
 49.4171336132  42.9990946082 
 56.8986602902  43.3767437871 
 65.512855686  43.4270134891 
 75.4312006335  43.4328519427 
 86.8511373751  43.4334769563 
 100.0  43.4335389831 
2.32995181052 50 
 0.1  0.1 
 0.115139539933  0.115139539933 
 0.132571136559  0.132571136559 
 0.152641796718  0.152641796718 
 0.175751062485  0.175751062485 
 0.202358964773  0.202358964773 
 0.232995181052  0.232995181052 
 0.268269579528  0.268269579528 
 0.308884359648  0.308884359648 
 0.355648030622  0.355648030622 
 0.409491506238  0.409491506238 
 0.471486636346  0.471486636346 
 0.542867543932  0.542867543932 
 0.625055192527  0.625055192527 
 0.719685673001  0.719685673001 
 0.828642772855  0.828642772855 
 0.95409547635  0.95409547635 
 1.09854114199  1.09854114199 
 1.26485521686  1.26485521686 
 1.4563484775  1.4563484775 
 1.67683293681  1.67683293681 
 1.93069772888  1.93069772888 
 2.22299648253  2.22299648252 
 2.5595479227  2.55954792273 
 2.94705170255  2.9470517026 
 3.3932217719  3.39322177191 
 3.90693993705  3.90693993698 
 4.49843266897  4.4984326697 
 5.17947467923  5.17947467814 
 5.96362331659  5.96362331359 
 6.86648845004  6.86648844052 
 7.90604321091  7.90604318333 
 9.10298177992  9.10298168462 
 10.4811313415  10.4811310168 
 12.0679264064  12.067925209 
 13.8949549437  13.8949501137 
 15.9985871961  15.9985664028 
 18.4206996933  18.4206030128 
 21.2095088792  21.2090237403 
 24.4205309455  24.4178982477 
 28.1176869797  28.1022220378 
 32.3745754282  32.2771911621 
 37.2759372031  36.6608979889 
 42.9193426013  39.9372590776 
 49.4171336132  41.0935904852 
 56.8986602902  41.3031804213 
 65.512855686  41.3321876619 
 75.4312006335  41.3357635133 
 86.8511373751  41.3361679887 
 100.0  41.3362111172 
3.90693993705 50 
 0.1  0.1 
 0.115139539933  0.115139539933 
 0.132571136559  0.132571136559 
 0.152641796718  0.152641796718 
 0.175751062485  0.175751062485 
 0.202358964773  0.202358964773 
 0.232995181052  0.232995181052 
 0.268269579528  0.268269579528 
 0.308884359648  0.308884359648 
 0.355648030622  0.355648030622 
 0.409491506238  0.409491506238 
 0.471486636346  0.471486636346 
 0.542867543932  0.542867543932 
 0.625055192527  0.625055192527 
 0.719685673001  0.719685673001 
 0.828642772855  0.828642772855 
 0.95409547635  0.95409547635 
 1.09854114199  1.09854114199 
 1.26485521686  1.26485521686 
 1.4563484775  1.4563484775 
 1.67683293681  1.67683293681 
 1.93069772888  1.93069772888 
 2.22299648253  2.22299648256 
 2.5595479227  2.55954792276 
 2.94705170255  2.94705170259 
 3.3932217719  3.39322177184 
 3.90693993705  3.90693993662 
 4.49843266897  4.49843266787 
 5.17947467923  5.17947467632 
 5.96362331659  5.9636233077 
 6.86648845004  6.86648842516 
 7.90604321091  7.9060431386 
 9.10298177992  9.10298154071 
 10.4811313415  10.4811305062 
 12.0679264064  12.0679233293 
 13.8949549437  13.8949429931 
 15.9985871961  15.9985372436 
 18.4206996933  18.4204750433 
 21.2095088792  21.208426589 
 24.4205309455  24.4149171059 
 28.1176869797  28.0863686832 
 32.3745754282  32.1897630183 
 37.2759372031  36.2358967612 
 42.9193426013  38.7882737104 
 49.4171336132  39.5493547127 
 56.8986602902  39.6833112848 
 65.512855686  39.7024206763 
 75.4312006335  39.7048562381 
 86.8511373751  39.7051398728 
 100.0  39.7051691878 
6.5512855686 50 
 0.1  0.1 
 0.115139539933  0.115139539933 
 0.132571136559  0.132571136559 
 0.152641796718  0.152641796718 
 0.175751062485  0.175751062485 
 0.202358964773  0.202358964773 
 0.232995181052  0.232995181052 
 0.268269579528  0.268269579528 
 0.308884359648  0.308884359648 
 0.355648030622  0.355648030622 
 0.409491506238  0.409491506238 
 0.471486636346  0.471486636346 
 0.542867543932  0.542867543932 
 0.625055192527  0.625055192527 
 0.719685673001  0.719685673001 
 0.828642772855  0.828642772855 
 0.95409547635  0.95409547635 
 1.09854114199  1.09854114199 
 1.26485521686  1.26485521686 
 1.4563484775  1.45634847751 
 1.67683293681  1.67683293681 
 1.93069772888  1.93069772891 
 2.22299648253  2.22299648261 
 2.5595479227  2.55954792278 
 2.94705170255  2.94705170248 
 3.3932217719  3.3932217717 
 3.90693993705  3.90693993589 
 4.49843266897  4.4984326661 
 5.17947467923  5.17947467164 
 5.96362331659  5.9636232957 
 6.86648845004  6.86648839002 
 7.90604321091  7.90604302893 
 9.10298177992  9.10298119843 
 10.4811313415  10.481129387 
 12.0679264064  12.0679194538 
 13.8949549437  13.8949288101 
 15.9985871961  15.9984825695 
 18.4206996933  18.420252474 
 21.2095088792  21.2074611225 
 24.4205309455  24.4104410666 
 28.1176869797  28.0642666848 
 32.3745754282  32.0786454552 
 37.2759372031  35.7808916057 
 42.9193426013  37.8120663101 
 49.4171336132  38.3576702872 
 56.8986602902  38.452377952 
 65.512855686  38.4660731012 
 75.4312006335  38.4678440325 
 86.8511373751  38.4680492423 
 100.0  38.4680737893 
10.9854114199 50 
 0.1  0.1 
 0.115139539933  0.115139539933 
 0.132571136559  0.132571136559 
 0.152641796718  0.152641796718 
 0.175751062485  0.175751062485 
 0.202358964773  0.202358964773 
 0.232995181052  0.232995181052 
 0.268269579528  0.268269579528 
 0.308884359648  0.308884359648 
 0.355648030622  0.355648030622 
 0.409491506238  0.409491506238 
 0.471486636346  0.471486636346 
 0.542867543932  0.542867543932 
 0.625055192527  0.625055192527 
 0.719685673001  0.719685673002 
 0.828642772855  0.828642772855 
 0.95409547635  0.95409547635 
 1.09854114199  1.09854114199 
 1.26485521686  1.26485521686 
 1.4563484775  1.4563484775 
 1.67683293681  1.6768329368 
 1.93069772888  1.93069772897 
 2.22299648253  2.22299648266 
 2.5595479227  2.55954792268 
 2.94705170255  2.94705170201 
 3.3932217719  3.39322177063 
 3.90693993705  3.90693993476 
 4.49843266897  4.49843266225 
 5.17947467923  5.17947466435 
 5.96362331659  5.96362327826 
 6.86648845004  6.86648832144 
 7.90604321091  7.90604283358 
 9.10298177992  9.1029806435 
 10.4811313415  10.4811273406 
 12.0679264064  12.0679128474 
 13.8949549437  13.8949065901 
 15.9985871961  15.9984026817 
 18.4206996933  18.4199475372 
 21.2095088792  21.2062159118 
 24.4205309455  24.4049670239 
 28.1176869797  28.0385882473 
 32.3745754282  31.9582414746 
 37.2759372031  35.3513357512 
 42.9193426013  37.0189917019 
 49.4171336132  37.4367211763 
 56.8986602902  37.5084092823 
 65.512855686  37.5188198775 
 75.4312006335  37.5201737105 
 86.8511373751  37.520332458 
 100.0  37.5203500979 
18.4206996933 50 
 0.1  0.1 
 0.115139539933  0.115139539933 
 0.132571136559  0.132571136559 
 0.152641796718  0.152641796718 
 0.175751062485  0.175751062485 
 0.202358964773  0.202358964773 
 0.232995181052  0.232995181052 
 0.268269579528  0.268269579528 
 0.308884359648  0.308884359648 
 0.355648030622  0.355648030622 
 0.409491506238  0.409491506238 
 0.471486636346  0.471486636346 
 0.542867543932  0.542867543932 
 0.625055192527  0.625055192528 
 0.719685673001  0.719685673002 
 0.828642772855  0.828642772855 
 0.95409547635  0.954095476352 
 1.09854114199  1.098541142 
 1.26485521686  1.26485521686 
 1.4563484775  1.45634847749 
 1.67683293681  1.67683293688 
 1.93069772888  1.93069772906 
 2.22299648253  2.22299648229 
 2.5595479227  2.55954792195 
 2.94705170255  2.94705170099 
 3.3932217719  3.39322177009 
 3.90693993705  3.90693993139 
 4.49843266897  4.49843265924 
 5.17947467923  5.17947465265 
 5.96362331659  5.96362323056 
 6.86648845004  6.86648818638 
 7.90604321091  7.90604247101 
 9.10298177992  9.10297957418 
 10.4811313415  10.4811245591 
 12.0679264064  12.0679040936 
 13.8949549437  13.8948784156 
 15.9985871961  15.998306752 
 18.4206996933  18.4195957642 
 21.2095088792  21.2048242269 
 24.4205309455  24.399021443 
 28.1176869797  28.0114905725 
 32.3745754282  31.8373939401 
 37.2759372031  34.9640982286 
 42.9193426013  36.3719022197 
 49.4171336132  36.7071999658 
 56.8986602902  36.7641699322 
 65.512855686  36.7724477576 
 75.4312006335  36.7735263418 
 86.8511373751  36.7736530964 
 100.0  36.7736672186 
30.8884359648 50 
 0.1  0.1 
 0.115139539933  0.115139539933 
 0.132571136559  0.132571136559 
 0.152641796718  0.152641796718 
 0.175751062485  0.175751062485 
 0.202358964773  0.202358964773 
 0.232995181052  0.232995181052 
 0.268269579528  0.268269579528 
 0.308884359648  0.308884359648 
 0.355648030622  0.355648030623 
 0.409491506238  0.409491506238 
 0.471486636346  0.471486636346 
 0.542867543932  0.542867543932 
 0.625055192527  0.625055192529 
 0.719685673001  0.719685673003 
 0.828642772855  0.828642772854 
 0.95409547635  0.954095476358 
 1.09854114199  1.098541142 
 1.26485521686  1.26485521684 
 1.4563484775  1.45634847746 
 1.67683293681  1.67683293665 
 1.93069772888  1.93069772867 
 2.22299648253  2.22299648191 
 2.5595479227  2.55954792102 
 2.94705170255  2.94705170108 
 3.3932217719  3.39322176828 
 3.90693993705  3.90693992183 
 4.49843266897  4.49843264772 
 5.17947467923  5.1794746351 
 5.96362331659  5.96362314152 
 6.86648845004  6.86648799947 
 7.90604321091  7.90604196446 
 9.10298177992  9.10297826344 
 10.4811313415  10.4811211655 
 12.0679264064  12.0678942213 
 13.8949549437  13.8948471597 
 15.9985871961  15.9982027826 
 18.4206996933  18.4192229273 
 21.2095088792  21.2033723015 
 24.4205309455  24.3928965598 
 28.1176869797  27.9840361429 
 32.3745754282  31.7196927552 
 37.2759372031  34.6181869421 
 42.9193426013  35.833332013 
 49.4171336132  36.111899436 
 56.8986602902  36.1588382809 
 65.512855686  36.1656546289 
 75.4312006335  36.166542817 
 86.8511373751  36.1666475354 
 100.0  36.1666588354 
51.7947467923 50 
 0.1  0.1 
 0.115139539933  0.115139539933 
 0.132571136559  0.132571136559 
 0.152641796718  0.152641796718 
 0.175751062485  0.175751062486 
 0.202358964773  0.202358964773 
 0.232995181052  0.232995181052 
 0.268269579528  0.268269579528 
 0.308884359648  0.308884359648 
 0.355648030622  0.355648030623 
 0.409491506238  0.409491506238 
 0.471486636346  0.471486636346 
 0.542867543932  0.542867543933 
 0.625055192527  0.62505519253 
 0.719685673001  0.719685673001 
 0.828642772855  0.828642772854 
 0.95409547635  0.95409547637 
 1.09854114199  1.09854114199 
 1.26485521686  1.2648552167 
 1.4563484775  1.45634847732 
 1.67683293681  1.67683293666 
 1.93069772888  1.93069772831 
 2.22299648253  2.22299648096 
 2.5595479227  2.55954792147 
 2.94705170255  2.94705170046 
 3.3932217719  3.39322176069 
 3.90693993705  3.9069399128 
 4.49843266897  4.49843261997 
 5.17947467923  5.17947456985 
 5.96362331659  5.96362303762 
 6.86648845004  6.86648776672 
 7.90604321091  7.90604141066 
 9.10298177992  9.10297708637 
 10.4811313415  10.4811172675 
 12.0679264064  12.0678834957 
 13.8949549437  13.8948147743 
 15.9985871961  15.998096035 
 18.4206996933  18.4188419651 
 21.2095088792  21.2018982874 
 24.4205309455  24.3867163043 
 28.1176869797  27.9566466606 
 32.3745754282  31.6062057091 
 37.2759372031  34.3079501202 
 42.9193426013  35.3753148126 
 49.4171336132  35.6128096171 
 56.8986602902  35.6525597223 
 65.512855686  35.6583273719 
 75.4312006335  35.6590778523 
 86.8511373751  35.6591672441 
 100.0  35.6591767837 
86.8511373751 50 
 0.1  0.1 
 0.115139539933  0.115139539933 
 0.132571136559  0.132571136559 
 0.152641796718  0.152641796718 
 0.175751062485  0.175751062486 
 0.202358964773  0.202358964773 
 0.232995181052  0.232995181052 
 0.268269579528  0.268269579528 
 0.308884359648  0.308884359648 
 0.355648030622  0.355648030622 
 0.409491506238  0.409491506237 
 0.471486636346  0.471486636346 
 0.542867543932  0.542867543935 
 0.625055192527  0.62505519253 
 0.719685673001  0.719685672986 
 0.828642772855  0.828642772836 
 0.95409547635  0.954095476318 
 1.09854114199  1.09854114186 
 1.26485521686  1.26485521669 
 1.4563484775  1.45634847744 
 1.67683293681  1.67683293639 
 1.93069772888  1.9306977277 
 2.22299648253  2.22299648058 
 2.5595479227  2.55954791884 
 2.94705170255  2.94705169453 
 3.3932217719  3.39322175414 
 3.90693993705  3.90693989994 
 4.49843266897  4.49843259148 
 5.17947467923  5.17947452667 
 5.96362331659  5.96362292166 
 6.86648845004  6.86648757377 
 7.90604321091  7.90604084188 
 9.10298177992  9.10297551463 
 10.4811313415  10.4811134162 
 12.0679264064  12.067872775 
 13.8949549437  13.8947817734 
 15.9985871961  15.9979882695 
 18.4206996933  18.4184583159 
 21.2095088792  21.2004170561 
 24.4205309455  24.3805274752 
 28.1176869797  27.929472216 
 32.3745754282  31.4970646068 
 37.2759372031  34.0275933374 
 42.9193426013  34.9783082093 
 49.4171336132  35.1848583161 
 56.8986602902  35.219240938 
 65.512855686  35.2242261562 
 75.4312006335  35.224874887 
 86.8511373751  35.2249523957 
 100.0  35.2249605117 
145.63484775 50 
 0.1  0.1 
 0.115139539933  0.115139539933 
 0.132571136559  0.13257113656 
 0.152641796718  0.152641796718 
 0.175751062485  0.175751062486 
 0.202358964773  0.202358964773 
 0.232995181052  0.232995181052 
 0.268269579528  0.268269579528 
 0.308884359648  0.308884359647 
 0.355648030622  0.355648030621 
 0.409491506238  0.409491506236 
 0.471486636346  0.471486636347 
 0.542867543932  0.542867543937 
 0.625055192527  0.625055192522 
 0.719685673001  0.719685672987 
 0.828642772855  0.828642772835 
 0.95409547635  0.954095476283 
 1.09854114199  1.09854114189 
 1.26485521686  1.26485521658 
 1.4563484775  1.45634847713 
 1.67683293681  1.6768329357 
 1.93069772888  1.9306977284 
 2.22299648253  2.22299648344 
 2.5595479227  2.55954791609 
 2.94705170255  2.94705170115 
 3.3932217719  3.39322174659 
 3.90693993705  3.90693989001 
 4.49843266897  4.49843256746 
 5.17947467923  5.17947445209 
 5.96362331659  5.96362281792 
 6.86648845004  6.8664873065 
 7.90604321091  7.90604021262 
 9.10298177992  9.10297398886 
 10.4811313415  10.4811095918 
 12.0679264064  12.0678616763 
 13.8949549437  13.8947489292 
 15.9985871961  15.9978798191 
 18.4206996933  18.4180737652 
 21.2095088792  21.1989337597 
 24.4205309455  24.3743462278 
 28.1176869797  27.9025622896 
 32.3745754282  31.3921003064 
 37.2759372031  33.7722386243 
 42.9193426013  34.6286726743 
 49.4171336132  34.8111522913 
 56.8986602902  34.8413962345 
 65.512855686  34.8457778052 
 75.4312006335  34.8463486745 
 86.8511373751  34.8464159121 
 100.0  34.8464233026 
244.205309455 50 
 0.1  0.100000000003 
 0.115139539933  0.115139539935 
 0.132571136559  0.132571136561 
 0.152641796718  0.152641796718 
 0.175751062485  0.175751062485 
 0.202358964773  0.20235896477 
 0.232995181052  0.232995181049 
 0.268269579528  0.268269579526 
 0.308884359648  0.308884359646 
 0.355648030622  0.355648030622 
 0.409491506238  0.40949150624 
 0.471486636346  0.471486636352 
 0.542867543932  0.542867543927 
 0.625055192527  0.625055192519 
 0.719685673001  0.71968567301 
 0.828642772855  0.828642772821 
 0.95409547635  0.954095476253 
 1.09854114199  1.09854114205 
 1.26485521686  1.26485521704 
 1.4563484775  1.45634847675 
 1.67683293681  1.67683293649 
 1.93069772888  1.93069772929 
 2.22299648253  2.22299647814 
 2.5595479227  2.55954792114 
 2.94705170255  2.94705170671 
 3.3932217719  3.39322173961 
 3.90693993705  3.90693987195 
 4.49843266897  4.49843253082 
 5.17947467923  5.17947439853 
 5.96362331659  5.96362271184 
 6.86648845004  6.86648698954 
 7.90604321091  7.90603982941 
 9.10298177992  9.10297252691 
 10.4811313415  10.4811057184 
 12.0679264064  12.0678509259 
 13.8949549437  13.8947156523 
 15.9985871961  15.9977711192 
 18.4206996933  18.4176885466 
 21.2095088792  21.1974512484 
 24.4205309455  24.3681785024 
 28.1176869797  27.8759300211 
 32.3745754282  31.2910593033 
 37.2759372031  33.5379821342 
 42.9193426013  34.316706809 
 49.4171336132  34.4799719381 
 56.8986602902  34.5069343284 
 65.512855686  34.5108385372 
 75.4312006335  34.5113472798 
 86.8511373751  34.5114072106 
 100.0  34.5114136887 
409.491506238 50 
 0.1  0.099999999994 
 0.115139539933  0.115139539927 
 0.132571136559  0.132571136554 
 0.152641796718  0.152641796714 
 0.175751062485  0.175751062483 
 0.202358964773  0.20235896477 
 0.232995181052  0.23299518105 
 0.268269579528  0.268269579527 
 0.308884359648  0.308884359648 
 0.355648030622  0.355648030625 
 0.409491506238  0.409491506246 
 0.471486636346  0.471486636337 
 0.542867543932  0.542867543923 
 0.625055192527  0.625055192527 
 0.719685673001  0.719685673049 
 0.828642772855  0.828642772823 
 0.95409547635  0.95409547634 
 1.09854114199  1.09854114236 
 1.26485521686  1.2648552165 
 1.4563484775  1.45634847727 
 1.67683293681  1.67683293695 
 1.93069772888  1.9306977306 
 2.22299648253  2.22299648198 
 2.5595479227  2.55954792193 
 2.94705170255  2.94705167339 
 3.3932217719  3.39322172598 
 3.90693993705  3.90693985189 
 4.49843266897  4.49843250247 
 5.17947467923  5.17947436168 
 5.96362331659  5.96362261155 
 6.86648845004  6.86648679024 
 7.90604321091  7.90603904243 
 9.10298177992  9.10297108255 
 10.4811313415  10.4811018138 
 12.0679264064  12.0678397885 
 13.8949549437  13.8946824939 
 15.9985871961  15.9976626638 
 18.4206996933  18.4173037426 
 21.2095088792  21.1959692576 
 24.4205309455  24.3620262356 
 28.1176869797  27.8495755392 
 32.3745754282  31.1936795472 
 37.2759372031  33.3217167604 
 42.9193426013  34.0353322218 
 49.4171336132  34.1829280301 
 56.8986602902  34.2072307662 
 65.512855686  34.2107481341 
 75.4312006335  34.2112057551 
 86.8511373751  34.2112602657 
 100.0  34.2112667829 
686.648845004 50 
 0.1  0.0999999999973 
 0.115139539933  0.11513953993 
 0.132571136559  0.132571136557 
 0.152641796718  0.152641796716 
 0.175751062485  0.175751062485 
 0.202358964773  0.202358964772 
 0.232995181052  0.232995181052 
 0.268269579528  0.26826957953 
 0.308884359648  0.308884359652 
 0.355648030622  0.355648030635 
 0.409491506238  0.409491506224 
 0.471486636346  0.471486636338 
 0.542867543932  0.542867543931 
 0.625055192527  0.625055192545 
 0.719685673001  0.719685672919 
 0.828642772855  0.828642772825 
 0.95409547635  0.954095476449 
 1.09854114199  1.0985411413 
 1.26485521686  1.26485521668 
 1.4563484775  1.45634847753 
 1.67683293681  1.6768329401 
 1.93069772888  1.93069772813 
 2.22299648253  2.22299648161 
 2.5595479227  2.55954792381 
 2.94705170255  2.94705165206 
 3.3932217719  3.39322170875 
 3.90693993705  3.9069398382 
 4.49843266897  4.49843248727 
 5.17947467923  5.17947428377 
 5.96362331659  5.96362249976 
 6.86648845004  6.86648656576 
 7.90604321091  7.90603863982 
 9.10298177992  9.10296961386 
 10.4811313415  10.4810978782 
 12.0679264064  12.0678288129 
 13.8949549437  13.8946494453 
 15.9985871961  15.9975543576 
 18.4206996933  18.4169185018 
 21.2095088792  21.1944873188 
 24.4205309455  24.3558899714 
 28.1176869797  27.8234954807 
 32.3745754282  31.0997180094 
 37.2759372031  33.120953375 
 42.9193426013  33.7792543878 
 49.4171336132  33.913842598 
 56.8986602902  33.9359483971 
 65.512855686  33.9391461522 
 75.4312006335  33.9395628237 
 86.8511373751  33.9396114372 
 100.0  51.3352394004 
1151.39539933 50 
 0.1  0.1 
 0.115139539933  0.115139539933 
 0.132571136559  0.13257113656 
 0.152641796718  0.152641796719 
 0.175751062485  0.175751062487 
 0.202358964773  0.202358964776 
 0.232995181052  0.232995181057 
 0.268269579528  0.268269579541 
 0.308884359648  0.308884359655 
 0.355648030622  0.355648030611 
 0.409491506238  0.409491506233 
 0.471486636346  0.471486636344 
 0.542867543932  0.54286754394 
 0.625055192527  0.625055192536 
 0.719685673001  0.719685672887 
 0.828642772855  0.828642772871 
 0.95409547635  0.954095477053 
 1.09854114199  1.098541141 
 1.26485521686  1.26485521693 
 1.4563484775  1.45634847854 
 1.67683293681  1.6768329353 
 1.93069772888  1.9306977281 
 2.22299648253  2.22299648276 
 2.5595479227  2.55954789649 
 2.94705170255  2.94705166117 
 3.3932217719  3.39322171122 
 3.90693993705  3.90693982162 
 4.49843266897  4.49843243266 
 5.17947467923  5.17947424058 
 5.96362331659  5.96362236406 
 6.86648845004  6.86648620877 
 7.90604321091  7.90603784391 
 9.10298177992  9.10296822726 
 10.4811313415  10.4810940921 
 12.0679264064  12.0678178501 
 13.8949549437  13.8946159394 
 15.9985871961  15.9974457877 
 18.4206996933  18.4165334372 
 21.2095088792  21.1930054346 
 24.4205309455  24.3497700726 
 28.1176869797  27.7976851501 
 32.3745754282  31.0089514847 
 37.2759372031  32.9336779229 
 42.9193426013  33.5444236045 
 49.4171336132  33.6680501127 
 56.8986602902  33.6883118368 
 65.512855686  33.6912420801 
 75.4312006335  33.6916245987 
 86.8511373751  56.1945950279 
 100.0  74.9048531127 
1930.69772888 50 
 0.1  0.100000000005 
 0.115139539933  0.115139539939 
 0.132571136559  0.132571136566 
 0.152641796718  0.152641796728 
 0.175751062485  0.175751062495 
 0.202358964773  0.202358964792 
 0.232995181052  0.232995181027 
 0.268269579528  0.268269579518 
 0.308884359648  0.308884359643 
 0.355648030622  0.35564803062 
 0.409491506238  0.409491506238 
 0.471486636346  0.471486636351 
 0.542867543932  0.542867544005 
 0.625055192527  0.62505519255 
 0.719685673001  0.719685672998 
 0.828642772855  0.828642772985 
 0.95409547635  0.954095476374 
 1.09854114199  1.09854114178 
 1.26485521686  1.26485521758 
 1.4563484775  1.45634847587 
 1.67683293681  1.67683293622 
 1.93069772888  1.93069772895 
 2.22299648253  2.22299649032 
 2.5595479227  2.55954792071 
 2.94705170255  2.9470517057 
 3.3932217719  3.39322169004 
 3.90693993705  3.90693984787 
 4.49843266897  4.49843241464 
 5.17947467923  5.179474186 
 5.96362331659  5.96362226301 
 6.86648845004  6.86648588995 
 7.90604321091  7.90603719411 
 9.10298177992  9.10296643071 
 10.4811313415  10.4810902764 
 12.0679264064  12.0678070484 
 13.8949549437  13.8945830607 
 15.9985871961  15.997337006 
 18.4206996933  18.4161482407 
 21.2095088792  21.1915274956 
 24.4205309455  24.3436667411 
 28.1176869797  27.772139402 
 32.3745754282  30.9211754722 
 37.2759372031  32.7582392061 
 42.9193426013  33.3276780066 
 49.4171336132  33.441944903 
 56.8986602902  33.4606396997 
 65.512855686  33.4633419465 
 75.4312006335  55.4477331774 
 86.8511373751  70.2026403788 
 100.0  85.9114378594 
3237.45754282 50 
 0.1  0.100000000038 
 0.115139539933  0.115139539884 
 0.132571136559  0.132571136534 
 0.152641796718  0.152641796704 
 0.175751062485  0.175751062477 
 0.202358964773  0.202358964767 
 0.232995181052  0.232995181048 
 0.268269579528  0.268269579526 
 0.308884359648  0.308884359647 
 0.355648030622  0.355648030623 
 0.409491506238  0.409491506243 
 0.471486636346  0.471486636397 
 0.542867543932  0.542867543916 
 0.625055192527  0.625055192521 
 0.719685673001  0.719685673029 
 0.828642772855  0.828642772603 
 0.95409547635  0.954095476146 
 1.09854114199  1.09854114219 
 1.26485521686  1.26485521434 
 1.4563484775  1.45634847706 
 1.67683293681  1.67683293676 
 1.93069772888  1.93069773151 
 2.22299648253  2.22299647747 
 2.5595479227  2.55954792065 
 2.94705170255  2.9470516623 
 3.3932217719  3.39322169439 
 3.90693993705  3.90693984823 
 4.49843266897  4.49843238079 
 5.17947467923  5.17947412612 
 5.96362331659  5.96362209741 
 6.86648845004  6.86648574981 
 7.90604321091  7.90603677529 
 9.10298177992  9.10296514483 
 10.4811313415  10.4810862083 
 12.0679264064  12.0677962104 
 13.8949549437  13.894549545 
 15.9985871961  15.9972286498 
 18.4206996933  18.4157635751 
 21.2095088792  21.1900490523 
 24.4205309455  24.3375778016 
 28.1176869797  27.7468525105 
 32.3745754282  30.8362027401 
 37.2759372031  32.5932668514 
 42.9193426013  33.1265011495 
 49.4171336132  33.2326912371 
 56.8986602902  33.2500360617 
 65.512855686  52.2253415478 
 75.4312006335  64.2789480548 
 86.8511373751  77.3515076838 
 100.0  91.8554354769 
5428.67543932 50 
 0.1  0.0999999999945 
 0.115139539933  0.115139539928 
 0.132571136559  0.132571136556 
 0.152641796718  0.152641796715 
 0.175751062485  0.175751062484 
 0.202358964773  0.202358964771 
 0.232995181052  0.232995181051 
 0.268269579528  0.268269579528 
 0.308884359648  0.30888435965 
 0.355648030622  0.355648030629 
 0.409491506238  0.409491506349 
 0.471486636346  0.471486636328 
 0.542867543932  0.542867543926 
 0.625055192527  0.625055192535 
 0.719685673001  0.719685673485 
 0.828642772855  0.828642772413 
 0.95409547635  0.954095476387 
 1.09854114199  1.09854114566 
 1.26485521686  1.26485520931 
 1.4563484775  1.45634847715 
 1.67683293681  1.67683293774 
 1.93069772888  1.93069772387 
 2.22299648253  2.22299648067 
 2.5595479227  2.55954792316 
 2.94705170255  2.94705164274 
 3.3932217719  3.39322168283 
 3.90693993705  3.90693977098 
 4.49843266897  4.49843235082 
 5.17947467923  5.17947407058 
 5.96362331659  5.96362202199 
 6.86648845004  6.86648544028 
 7.90604321091  7.90603601776 
 9.10298177992  9.10296367973 
 10.4811313415  10.4810823491 
 12.0679264064  12.0677852247 
 13.8949549437  13.8945165565 
 15.9985871961  15.997120174 
 18.4206996933  18.4153789723 
 21.2095088792  21.1885718507 
 24.4205309455  24.3315069775 
 28.1176869797  27.721820298 
 32.3745754282  30.753863592 
 37.2759372031  32.4376149945 
 42.9193426013  32.9388650827 
 49.4171336132  33.0380143414 
 56.8986602902  47.8589094334 
 65.512855686  57.9865115321 
 75.4312006335  68.9974071773 
 86.8511373751  81.3183049292 
 100.0  95.2257156892 
9102.98177992 50 
 0.1  0.0999999999989 
 0.115139539933  0.115139539932 
 0.132571136559  0.132571136559 
 0.152641796718  0.152641796718 
 0.175751062485  0.175751062486 
 0.202358964773  0.202358964774 
 0.232995181052  0.232995181054 
 0.268269579528  0.268269579533 
 0.308884359648  0.308884359666 
 0.355648030622  0.35564803053 
 0.409491506238  0.409491506228 
 0.471486636346  0.471486636342 
 0.542867543932  0.542867543935 
 0.625055192527  0.625055192584 
 0.719685673001  0.719685673013 
 0.828642772855  0.828642772849 
 0.95409547635  0.954095476647 
 1.09854114199  1.09854114208 
 1.26485521686  1.2648552165 
 1.4563484775  1.45634847781 
 1.67683293681  1.67683293173 
 1.93069772888  1.93069772743 
 2.22299648253  2.22299648233 
 2.5595479227  2.55954792858 
 2.94705170255  2.94705169021 
 3.3932217719  3.39322165542 
 3.90693993705  3.90693982923 
 4.49843266897  4.49843235962 
 5.17947467923  5.17947402281 
 5.96362331659  5.96362191075 
 6.86648845004  6.86648517907 
 7.90604321091  7.90603541361 
 9.10298177992  9.10296221311 
 10.4811313415  10.4810785103 
 12.0679264064  12.0677742545 
 13.8949549437  13.894483156 
 15.9985871961  15.9970114881 
 18.4206996933  18.4149940791 
 21.2095088792  21.1870962777 
 24.4205309455  24.3254509301 
 28.1176869797  27.6970370708 
 32.3745754282  30.6740064951 
 37.2759372031  32.2903131437 
 42.9193426013  32.7631078884 
 49.4171336132  42.8510831595 
 56.8986602902  51.770838658 
 65.512855686  61.1394555449 
 75.4312006335  71.66354565 
 86.8511373751  83.5952028831 
 100.0  97.1806687135 
15264.1796718 50 
 0.1  0.100000000002 
 0.115139539933  0.115139539935 
 0.132571136559  0.132571136562 
 0.152641796718  0.152641796722 
 0.175751062485  0.175751062491 
 0.202358964773  0.202358964782 
 0.232995181052  0.232995181065 
 0.268269579528  0.268269579404 
 0.308884359648  0.308884359636 
 0.355648030622  0.355648030617 
 0.409491506238  0.409491506236 
 0.471486636346  0.471486636347 
 0.542867543932  0.542867543954 
 0.625055192527  0.625055192483 
 0.719685673001  0.719685672987 
 0.828642772855  0.82864277291 
 0.95409547635  0.954095475934 
 1.09854114199  1.09854114161 
 1.26485521686  1.26485521716 
 1.4563484775  1.45634846766 
 1.67683293681  1.67683293572 
 1.93069772888  1.93069772861 
 2.22299648253  2.22299648429 
 2.5595479227  2.55954790838 
 2.94705170255  2.947051707 
 3.3932217719  3.3932216727 
 3.90693993705  3.90693980289 
 4.49843266897  4.49843229797 
 5.17947467923  5.17947396561 
 5.96362331659  5.96362175058 
 6.86648845004  6.86648498447 
 7.90604321091  7.90603482799 
 9.10298177992  9.10296076616 
 10.4811313415  10.4810746121 
 12.0679264064  12.0677632801 
 13.8949549437  13.8944503646 
 15.9985871961  15.9969031279 
 18.4206996933  18.4146095716 
 21.2095088792  21.1856204483 
 24.4205309455  24.3194107952 
 28.1176869797  27.6724975438 
 32.3745754282  30.5964892428 
 37.2759372031  32.1505322016 
 42.9193426013  32.5978535388 
 49.4171336132  45.830007137 
 56.8986602902  53.9115145487 
 65.512855686  62.941942803 
 75.4312006335  73.2075134587 
 86.8511373751  84.9242897508 
 100.0  98.3282606296 
25595.479227 50 
 0.1  0.100000000011 
 0.115139539933  0.115139539946 
 0.132571136559  0.13257113658 
 0.152641796718  0.152641796781 
 0.175751062485  0.17575106244 
 0.202358964773  0.202358964759 
 0.232995181052  0.232995181044 
 0.268269579528  0.268269579524 
 0.308884359648  0.308884359645 
 0.355648030622  0.355648030621 
 0.409491506238  0.40949150624 
 0.471486636346  0.47148663636 
 0.542867543932  0.542867543881 
 0.625055192527  0.625055192513 
 0.719685673001  0.719685673011 
 0.828642772855  0.828642774167 
 0.95409547635  0.954095475697 
 1.09854114199  1.09854114206 
 1.26485521686  1.26485522065 
 1.4563484775  1.45634847694 
 1.67683293681  1.67683293658 
 1.93069772888  1.93069772957 
 2.22299648253  2.22299646394 
 2.5595479227  2.55954787529 
 2.94705170255  2.94705167822 
 3.3932217719  3.39322164793 
 3.90693993705  3.90693973115 
 4.49843266897  4.49843225773 
 5.17947467923  5.17947389291 
 5.96362331659  5.9636216681 
 6.86648845004  6.86648466539 
 7.90604321091  7.90603441636 
 9.10298177992  9.1029592903 
 10.4811313415  10.4810707362 
 12.0679264064  12.0677522616 
 13.8949549437  13.8944169546 
 15.9985871961  15.9967946009 
 18.4206996933  18.4142251815 
 21.2095088792  21.1841454868 
 24.4205309455  24.3133869938 
 28.1176869797  27.6481990073 
 32.3745754282  30.5211796648 
 37.2759372031  32.0175639064 
 42.9193426013  40.0837559086 
 49.4171336132  47.3494777038 
 56.8986602902  55.1396505432 
 65.512855686  63.9922436559 
 75.4312006335  74.1130549941 
 86.8511373751  85.7071968939 
 100.0  99.0063906184 
42919.3426013 50 
 0.1  0.099999999988 
 0.115139539933  0.115139539924 
 0.132571136559  0.132571136552 
 0.152641796718  0.152641796713 
 0.175751062485  0.175751062482 
 0.202358964773  0.20235896477 
 0.232995181052  0.23299518105 
 0.268269579528  0.268269579527 
 0.308884359648  0.308884359648 
 0.355648030622  0.355648030625 
 0.409491506238  0.409491506253 
 0.471486636346  0.471486636309 
 0.542867543932  0.542867543921 
 0.625055192527  0.625055192528 
 0.719685673001  0.719685673082 
 0.828642772855  0.828642772894 
 0.95409547635  0.954095476343 
 1.09854114199  1.09854114257 
 1.26485521686  1.2648552167 
 1.4563484775  1.45634847674 
 1.67683293681  1.67683293704 
 1.93069772888  1.93069772584 
 2.22299648253  2.222996496 
 2.5595479227  2.55954792225 
 2.94705170255  2.94705162592 
 3.3932217719  3.39322163342 
 3.90693993705  3.90693971115 
 4.49843266897  4.49843222684 
 5.17947467923  5.1794738544 
 5.96362331659  5.96362148012 
 6.86648845004  6.86648447383 
 7.90604321091  7.90603364914 
 9.10298177992  9.10295774777 
 10.4811313415  10.481066735 
 12.0679264064  12.0677411999 
 13.8949549437  13.8943838133 
 15.9985871961  15.9966866406 
 18.4206996933  18.4138403011 
 21.2095088792  21.1826729237 
 24.4205309455  24.3073782456 
 28.1176869797  27.6241343567 
 32.3745754282  30.447960694 
 37.2759372031  31.8907866909 
 42.9193426013  41.4063216385 
 49.4171336132  48.2047760101 
 56.8986602902  55.8571602523 
 65.512855686  64.6103691615 
 75.4312006335  74.6478904327 
 86.8511373751  86.1707426817 
 100.0  99.408628388 
71968.5673001 50 
 0.1  0.0999999999974 
 0.115139539933  0.115139539931 
 0.132571136559  0.132571136557 
 0.152641796718  0.152641796716 
 0.175751062485  0.175751062485 
 0.202358964773  0.202358964773 
 0.232995181052  0.232995181052 
 0.268269579528  0.26826957953 
 0.308884359648  0.308884359654 
 0.355648030622  0.355648030656 
 0.409491506238  0.40949150621 
 0.471486636346  0.471486636338 
 0.542867543932  0.542867543931 
 0.625055192527  0.625055192549 
 0.719685673001  0.719685672894 
 0.828642772855  0.828642772828 
 0.95409547635  0.954095476471 
 1.09854114199  1.09854114122 
 1.26485521686  1.26485521609 
 1.4563484775  1.45634847756 
 1.67683293681  1.67683294492 
 1.93069772888  1.9306977283 
 2.22299648253  2.22299648175 
 2.5595479227  2.55954792416 
 2.94705170255  2.9470516512 
 3.3932217719  3.39322162631 
 3.90693993705  3.90693968376 
 4.49843266897  4.49843220179 
 5.17947467923  5.17947377879 
 5.96362331659  5.96362144708 
 6.86648845004  6.86648413332 
 7.90604321091  7.90603324257 
 9.10298177992  9.10295626742 
 10.4811313415  10.4810627224 
 12.0679264064  12.0677303598 
 13.8949549437  13.8943506334 
 15.9985871961  15.9965777228 
 18.4206996933  18.4134563036 
 21.2095088792  21.1812006482 
 24.4205309455  24.3013850313 
 28.1176869797  27.6003011223 
 32.3745754282  30.3767204757 
 37.2759372031  35.6505412336 
 42.9193426013  42.0587511405 
 49.4171336132  48.7007664585 
 56.8986602902  56.2801324206 
 65.512855686  64.9761681204 
 75.4312006335  74.9650421343 
 86.8511373751  86.4460132526 
 100.0  99.6477450958 
120679.264064 50 
 0.1  0.100000000001 
 0.115139539933  0.115139539933 
 0.132571136559  0.13257113656 
 0.152641796718  0.152641796719 
 0.175751062485  0.175751062488 
 0.202358964773  0.202358964776 
 0.232995181052  0.232995181059 
 0.268269579528  0.26826957955 
 0.308884359648  0.30888435952 
 0.355648030622  0.355648030612 
 0.409491506238  0.409491506233 
 0.471486636346  0.471486636345 
 0.542867543932  0.542867543942 
 0.625055192527  0.625055192129 
 0.719685673001  0.719685672729 
 0.828642772855  0.828642772872 
 0.95409547635  0.954095479834 
 1.09854114199  1.09854114081 
 1.26485521686  1.26485521696 
 1.4563484775  1.45634847917 
 1.67683293681  1.67683293507 
 1.93069772888  1.9306977282 
 2.22299648253  2.22299648288 
 2.5595479227  2.55954787046 
 2.94705170255  2.94705160838 
 3.3932217719  3.39322160042 
 3.90693993705  3.90693968701 
 4.49843266897  4.49843216586 
 5.17947467923  5.17947373882 
 5.96362331659  5.96362131059 
 6.86648845004  6.86648394423 
 7.90604321091  7.90603246645 
 9.10298177992  9.10295484595 
 10.4811313415  10.4810591197 
 12.0679264064  12.0677194278 
 13.8949549437  13.8943172837 
 15.9985871961  15.9964692445 
 18.4206996933  18.4130721454 
 21.2095088792  21.1797265857 
 24.4205309455  24.295407585 
 28.1176869797  27.5766944253 
 32.3745754282  30.3073594422 
 37.2759372031  36.5704303251 
 42.9193426013  42.418368613 
 49.4171336132  48.9921490484 
 56.8986602902  56.530695349 
 65.512855686  65.193331307 
 75.4312006335  75.1535467771 
 86.8511373751  86.609762245 
 100.0  99.790076123 
202358.964773 50 
 0.1  0.100000000007 
 0.115139539933  0.11513953994 
 0.132571136559  0.132571136568 
 0.152641796718  0.152641796731 
 0.175751062485  0.175751062498 
 0.202358964773  0.202358964827 
 0.232995181052  0.232995181027 
 0.268269579528  0.268269579519 
 0.308884359648  0.308884359643 
 0.355648030622  0.35564803062 
 0.409491506238  0.409491506238 
 0.471486636346  0.471486636352 
 0.542867543932  0.542867544098 
 0.625055192527  0.625055192553 
 0.719685673001  0.719685673 
 0.828642772855  0.828642773018 
 0.95409547635  0.954095476526 
 1.09854114199  1.09854114198 
 1.26485521686  1.26485521773 
 1.4563484775  1.45634847617 
 1.67683293681  1.6768329363 
 1.93069772888  1.93069772902 
 2.22299648253  2.22299649588 
 2.5595479227  2.55954792468 
 2.94705170255  2.94705170661 
 3.3932217719  3.39322160536 
 3.90693993705  3.90693964825 
 4.49843266897  4.49843217823 
 5.17947467923  5.1794736816 
 5.96362331659  5.96362114825 
 6.86648845004  6.86648367449 
 7.90604321091  7.90603187295 
 9.10298177992  9.10295346086 
 10.4811313415  10.4810551803 
 12.0679264064  12.0677086925 
 13.8949549437  13.894284381 
 15.9985871961  15.996360569 
 18.4206996933  18.4126873001 
 21.2095088792  21.1782593137 
 24.4205309455  24.2894450234 
 28.1176869797  27.553310873 
 32.3745754282  30.2397857843 
 37.2759372031  36.8992375707 
 42.9193426013  42.6245177709 
 49.4171336132  49.1644566513 
 56.8986602902  56.6795371042 
 65.512855686  65.3224928622 
 75.4312006335  75.26574072 
 86.8511373751  86.707270342 
 100.0  99.8748617104 
339322.17719 50 
 0.1  0.099999999945 
 0.115139539933  0.115139539897 
 0.132571136559  0.13257113654 
 0.152641796718  0.152641796706 
 0.175751062485  0.175751062478 
 0.202358964773  0.202358964768 
 0.232995181052  0.232995181048 
 0.268269579528  0.268269579526 
 0.308884359648  0.308884359647 
 0.355648030622  0.355648030623 
 0.409491506238  0.409491506244 
 0.471486636346  0.471486636443 
 0.542867543932  0.54286754391 
 0.625055192527  0.625055192522 
 0.719685673001  0.719685673034 
 0.828642772855  0.828642772662 
 0.95409547635  0.954095476173 
 1.09854114199  1.09854114223 
 1.26485521686  1.26485521503 
 1.4563484775  1.45634847711 
 1.67683293681  1.67683293664 
 1.93069772888  1.9306977325 
 2.22299648253  2.22299647865 
 2.5595479227  2.559547921 
 2.94705170255  2.94705159926 
 3.3932217719  3.39322158603 
 3.90693993705  3.90693963344 
 4.49843266897  4.49843210433 
 5.17947467923  5.17947363056 
 5.96362331659  5.96362104449 
 6.86648845004  6.8664834318 
 7.90604321091  7.9060311747 
 9.10298177992  9.10295138787 
 10.4811313415  10.481051348 
 12.0679264064  12.0676976646 
 13.8949549437  13.8942509063 
 15.9985871961  15.9962525152 
 18.4206996933  18.412303218 
 21.2095088792  21.1767897367 
 24.4205309455  24.2834972567 
 28.1176869797  27.530144324 
 32.3745754282  31.8754464284 
 37.2759372031  37.0630957311 
 42.9193426013  42.744843296 
 49.4171336132  49.2667146011 
 56.8986602902  56.7680955841 
 65.512855686  65.3993976285 
 75.4312006335  75.3325699968 
 86.8511373751  86.7653688977 
 100.0  99.9253908499 
568986.602902 50 
 0.1  0.0999999999951 
 0.115139539933  0.115139539929 
 0.132571136559  0.132571136556 
 0.152641796718  0.152641796715 
 0.175751062485  0.175751062484 
 0.202358964773  0.202358964772 
 0.232995181052  0.232995181051 
 0.268269579528  0.268269579529 
 0.308884359648  0.30888435965 
 0.355648030622  0.355648030631 
 0.409491506238  0.409491505809 
 0.471486636346  0.471486636331 
 0.542867543932  0.542867543927 
 0.625055192527  0.625055192536 
 0.719685673001  0.719685672849 
 0.828642772855  0.828642772563 
 0.95409547635  0.9540954764 
 1.09854114199  1.09854114182 
 1.26485521686  1.26485521346 
 1.4563484775  1.45634847723 
 1.67683293681  1.67683293804 
 1.93069772888  1.93069772479 
 2.22299648253  2.22299648114 
 2.5595479227  2.55954792336 
 2.94705170255  2.94705159186 
 3.3932217719  3.39322159313 
 3.90693993705  3.90693962564 
 4.49843266897  4.49843208159 
 5.17947467923  5.17947354412 
 5.96362331659  5.96362092728 
 6.86648845004  6.86648311146 
 7.90604321091  7.90603068148 
 9.10298177992  9.10295038496 
 10.4811313415  10.4810471225 
 12.0679264064  12.0676864678 
 13.8949549437  13.8942179022 
 15.9985871961  15.9961435582 
 18.4206996933  18.4119194343 
 21.2095088792  21.1753214322 
 24.4205309455  24.2775671565 
 28.1176869797  27.5071937558 
 32.3745754282  32.1877569524 
 37.2759372031  37.1526536816 
 42.9193426013  42.8157332659 
 49.4171336132  49.3275236568 
 56.8986602902  56.8208361388 
 65.512855686  65.4452174115 
 75.4312006335  75.3723964584 
 86.8511373751  86.7999983751 
 100.0  99.9555125267 
954095.47635 50 
 0.1  0.0999999999992 
 0.115139539933  0.115139539932 
 0.132571136559  0.132571136559 
 0.152641796718  0.152641796718 
 0.175751062485  0.175751062486 
 0.202358964773  0.202358964774 
 0.232995181052  0.232995181054 
 0.268269579528  0.268269579534 
 0.308884359648  0.308884359674 
 0.355648030622  0.355648030578 
 0.409491506238  0.409491506229 
 0.471486636346  0.471486636342 
 0.542867543932  0.542867543936 
 0.625055192527  0.625055192601 
 0.719685673001  0.719685673053 
 0.828642772855  0.828642772853 
 0.95409547635  0.954095476728 
 1.09854114199  1.09854114239 
 1.26485521686  1.26485521654 
 1.4563484775  1.4563484779 
 1.67683293681  1.67683293295 
 1.93069772888  1.93069772771 
 2.22299648253  2.22299648307 
 2.5595479227  2.55954793089 
 2.94705170255  2.94705169644 
 3.3932217719  3.39322157576 
 3.90693993705  3.90693960663 
 4.49843266897  4.49843204977 
 5.17947467923  5.1794734803 
 5.96362331659  5.96362085829 
 6.86648845004  6.86648284742 
 7.90604321091  7.90603007806 
 9.10298177992  9.10294901088 
 10.4811313415  10.4810435546 
 12.0679264064  12.0676754225 
 13.8949549437  13.894184943 
 15.9985871961  15.9960350462 
 18.4206996933  18.4115353504 
 21.2095088792  21.1738541063 
 24.4205309455  24.2716511329 
 28.1176869797  27.4844527005 
 32.3745754282  32.2787095552 
 37.2759372031  37.2036166527 
 42.9193426013  42.8577128276 
 49.4171336132  49.3637269231 
 56.8986602902  56.8522629925 
 65.512855686  65.4725272344 
 75.4312006335  75.396137518 
 86.8511373751  86.8206435886 
 100.0  99.9734716981 
1599858.71961 50 
 0.1  0.100000000003 
 0.115139539933  0.115139539936 
 0.132571136559  0.132571136563 
 0.152641796718  0.152641796723 
 0.175751062485  0.175751062492 
 0.202358964773  0.202358964785 
 0.232995181052  0.232995181071 
 0.268269579528  0.268269579486 
 0.308884359648  0.308884359639 
 0.355648030622  0.355648030618 
 0.409491506238  0.409491506236 
 0.471486636346  0.471486636348 
 0.542867543932  0.54286754396 
 0.625055192527  0.625055192496 
 0.719685673001  0.71968567299 
 0.828642772855  0.828642772923 
 0.95409547635  0.954095476052 
 1.09854114199  1.09854114169 
 1.26485521686  1.26485521724 
 1.4563484775  1.45634847246 
 1.67683293681  1.67683293609 
 1.93069772888  1.93069772869 
 2.22299648253  2.22299648524 
 2.5595479227  2.55954791241 
 2.94705170255  2.94705170699 
 3.3932217719  3.39322156148 
 3.90693993705  3.90693959848 
 4.49843266897  4.49843201683 
 5.17947467923  5.17947343226 
 5.96362331659  5.96362069162 
 6.86648845004  6.86648265764 
 7.90604321091  7.90602948036 
 9.10298177992  9.10294762563 
 10.4811313415  10.4810396567 
 12.0679264064  12.067665239 
 13.8949549437  13.8941515616 
 15.9985871961  15.9959267598 
 18.4206996933  18.4111511981 
 21.2095088792  21.1723878588 
 24.4205309455  24.2657498268 
 28.1176869797  27.4619186375 
 32.3745754282  32.3214041333 
 37.2759372031  37.2332168629 
 42.9193426013  42.8826448183 
 49.4171336132  49.3852956773 
 56.8986602902  56.8709956957 
 65.512855686  65.4888083259 
 75.4312006335  75.4102922604 
 86.8511373751  86.8329533046 
 100.0  99.984180356 
2682695.79528 50 
 0.1  0.100000000014 
 0.115139539933  0.115139539952 
 0.132571136559  0.132571136595 
 0.152641796718  0.152641796016 
 0.175751062485  0.175751062461 
 0.202358964773  0.202358964762 
 0.232995181052  0.232995181046 
 0.268269579528  0.268269579524 
 0.308884359648  0.308884359647 
 0.355648030622  0.355648030622 
 0.409491506238  0.409491506241 
 0.471486636346  0.471486636365 
 0.542867543932  0.542867543897 
 0.625055192527  0.625055192516 
 0.719685673001  0.719685673017 
 0.828642772855  0.828642770689 
 0.95409547635  0.954095475891 
 1.09854114199  1.09854114208 
 1.26485521686  1.26485521481 
 1.4563484775  1.4563484768 
 1.67683293681  1.67683293639 
 1.93069772888  1.93069772986 
 2.22299648253  2.22299647011 
 2.5595479227  2.55954790317 
 2.94705170255  2.94705156956 
 3.3932217719  3.39322154633 
 3.90693993705  3.90693956434 
 4.49843266897  4.49843199812 
 5.17947467923  5.17947338038 
 5.96362331659  5.963620591 
 6.86648845004  6.86648240253 
 7.90604321091  7.90602911367 
 9.10298177992  9.10294597489 
 10.4811313415  10.4810356474 
 12.0679264064  12.067654221 
 13.8949549437  13.894118167 
 15.9985871961  15.9958180595 
 18.4206996933  18.4107675304 
 21.2095088792  21.170922249 
 24.4205309455  24.2598637825 
 28.1176869797  28.0672007394 
 32.3745754282  32.3440788473 
 37.2759372031  37.250602189 
 42.9193426013  42.8974771722 
 49.4171336132  49.3981508553 
 56.8986602902  56.8821639471 
 65.512855686  65.498515816 
 75.4312006335  75.41873236 
 86.8511373751  86.8402935338 
 100.0  99.9905660575 
4498432.66897 50 
 0.1  0.0999999999906 
 0.115139539933  0.115139539927 
 0.132571136559  0.132571136555 
 0.152641796718  0.152641796713 
 0.175751062485  0.175751062484 
 0.202358964773  0.202358964773 
 0.232995181052  0.232995181051 
 0.268269579528  0.268269579528 
 0.308884359648  0.30888435965 
 0.355648030622  0.355648030627 
 0.409491506238  0.40949150626 
 0.471486636346  0.471486636324 
 0.542867543932  0.542867543922 
 0.625055192527  0.625055192535 
 0.719685673001  0.719685673116 
 0.828642772855  0.828642773023 
 0.95409547635  0.954095476356 
 1.09854114199  1.09854114273 
 1.26485521686  1.26485521734 
 1.4563484775  1.4563484772 
 1.67683293681  1.67683293568 
 1.93069772888  1.93069770998 
 2.22299648253  2.22299647645 
 2.5595479227  2.55954791477 
 2.94705170255  2.94705155584 
 3.3932217719  3.39322153644 
 3.90693993705  3.90693956081 
 4.49843266897  4.49843195484 
 5.17947467923  5.17947335411 
 5.96362331659  5.96362043433 
 6.86648845004  6.86648203768 
 7.90604321091  7.90602823426 
 9.10298177992  9.10294451604 
 10.4811313415  10.4810316134 
 12.0679264064  12.0676427565 
 13.8949549437  13.8940849871 
 15.9985871961  15.9957106582 
 18.4206996933  18.4103840859 
 21.2095088792  21.1694581959 
 24.4205309455  24.2539927897 
 28.1176869797  28.093201528 
 32.3745754282  32.3567839996 
 37.2759372031  37.2608780369 
 42.9193426013  42.9063098782 
 49.4171336132  49.4058144988 
 56.8986602902  56.8888231249 
 65.512855686  65.5043043081 
 75.4312006335  75.4237652711 
 86.8511373751  86.8446706779 
 100.0  99.9943740577 
7543120.06335 50 
 0.1  0.100000000001 
 0.115139539933  0.115139539936 
 0.132571136559  0.132571136558 
 0.152641796718  0.152641796717 
 0.175751062485  0.17575106249 
 0.202358964773  0.202358964775 
 0.232995181052  0.232995181056 
 0.268269579528  0.268269579532 
 0.308884359648  0.308884359655 
 0.355648030622  0.355648030686 
 0.409491506238  0.409491506225 
 0.471486636346  0.471486636343 
 0.542867543932  0.542867543933 
 0.625055192527  0.625055192574 
 0.719685673001  0.719685672921 
 0.828642772855  0.828642772947 
 0.95409547635  0.954095476535 
 1.09854114199  1.09854114153 
 1.26485521686  1.26485521569 
 1.4563484775  1.45634847677 
 1.67683293681  1.67683295061 
 1.93069772888  1.93069772797 
 2.22299648253  2.22299647832 
 2.5595479227  2.55954791074 
 2.94705170255  2.94705166254 
 3.3932217719  3.39322151848 
 3.90693993705  3.90693953577 
 4.49843266897  4.49843192935 
 5.17947467923  5.17947325165 
 5.96362331659  5.9636203364 
 6.86648845004  6.86648187997 
 7.90604321091  7.90602751513 
 9.10298177992  9.1029429101 
 10.4811313415  10.4810276307 
 12.0679264064  12.0676317698 
 13.8949549437  13.8940521243 
 15.9985871961  15.9956013112 
 18.4206996933  18.4100002376 
 21.2095088792  21.167995467 
 24.4205309455  24.2481366579 
 28.1176869797  28.1043956442 
 32.3745754282  32.3640992604 
 37.2759372031  37.2669739983 
 42.9193426013  42.9115728581 
 49.4171336132  49.4103838483 
 56.8986602902  56.8927940002 
 65.512855686  65.5077561016 
 75.4312006335  75.426766551 
 86.8511373751  86.8472809378 
 100.0  99.9966449375 
12648552.1686 50 
 0.1  0.100000000009 
 0.115139539933  0.115139539944 
 0.132571136559  0.132571136561 
 0.152641796718  0.152641796723 
 0.175751062485  0.175751062497 
 0.202358964773  0.202358964777 
 0.232995181052  0.232995181069 
 0.268269579528  0.268269579547 
 0.308884359648  0.308884359605 
 0.355648030622  0.355648030624 
 0.409491506238  0.409491506251 
 0.471486636346  0.471486636346 
 0.542867543932  0.542867543951 
 0.625055192527  0.625055192393 
 0.719685673001  0.719685673069 
 0.828642772855  0.828642773049 
 0.95409547635  0.954095473613 
 1.09854114199  1.09854114157 
 1.26485521686  1.26485521616 
 1.4563484775  1.4563484784 
 1.67683293681  1.67683293595 
 1.93069772888  1.93069772421 
 2.22299648253  2.22299647684 
 2.5595479227  2.5595478192 
 2.94705170255  2.94705160956 
 3.3932217719  3.39322151114 
 3.90693993705  3.90693951846 
 4.49843266897  4.49843189203 
 5.17947467923  5.1794732112 
 5.96362331659  5.96362016709 
 6.86648845004  6.86648164991 
 7.90604321091  7.90602715334 
 9.10298177992  9.10294166284 
 10.4811313415  10.4810240228 
 12.0679264064  12.0676206354 
 13.8949549437  13.8940188315 
 15.9985871961  15.9954926743 
 18.4206996933  18.4096169746 
 21.2095088792  21.1665295309 
 24.4205309455  24.4071151661 
 28.1176869797  28.110143076 
 32.3745754282  32.3683741484 
 37.2759372031  37.2705980821 
 42.9193426013  42.9147099006 
 49.4171336132  49.4131084956 
 56.8986602902  56.8951619358 
 65.512855686  65.509814534 
 75.4312006335  75.4285563449 
 86.8511373751  86.8488375616 
 100.0  99.9979991805 
21209508.8792 50 
 0.1  0.100000000023 
 0.115139539933  0.115139539961 
 0.132571136559  0.132571136576 
 0.152641796718  0.152641796736 
 0.175751062485  0.175751062505 
 0.202358964773  0.202358969624 
 0.232995181052  0.23299518105 
 0.268269579528  0.268269579531 
 0.308884359648  0.30888435965 
 0.355648030622  0.355648030637 
 0.409491506238  0.409491506239 
 0.471486636346  0.471486636361 
 0.542867543932  0.542867544779 
 0.625055192527  0.625055192589 
 0.719685673001  0.719685673188 
 0.828642772855  0.82864277307 
 0.95409547635  0.954095477193 
 1.09854114199  1.09854114152 
 1.26485521686  1.26485521646 
 1.4563484775  1.45634847377 
 1.67683293681  1.67683293462 
 1.93069772888  1.9306977232 
 2.22299648253  2.22299646208 
 2.5595479227  2.55954793511 
 2.94705170255  2.94705167561 
 3.3932217719  3.39322150871 
 3.90693993705  3.90693950177 
 4.49843266897  4.4984318601 
 5.17947467923  5.17947317216 
 5.96362331659  5.96362012279 
 6.86648845004  6.86648119579 
 7.90604321091  7.90602637045 
 9.10298177992  9.10294011869 
 10.4811313415  10.481020208 
 12.0679264064  12.0676102026 
 13.8949549437  13.8939855721 
 15.9985871961  15.9953843033 
 18.4206996933  18.4092331858 
 21.2095088792  21.1650709869 
 24.4205309455  24.4143499415 
 28.1176869797  28.113310551 
 32.3745754282  32.3708934175 
 37.2759372031  37.2727553495 
 42.9193426013  42.9165801463 
 49.4171336132  49.4147332515 
 56.8986602902  56.8965740318 
 65.512855686  65.5110420746 
 75.4312006335  75.4296236905 
 86.8511373751  86.8497658602 
 100.0  99.9988067914 
35564803.0622 50 
 0.1  0.0999999999774 
 0.115139539933  0.115139539911 
 0.132571136559  0.132571136557 
 0.152641796718  0.152641796722 
 0.175751062485  0.175751062485 
 0.202358964773  0.202358964778 
 0.232995181052  0.232995181049 
 0.268269579528  0.268269579541 
 0.308884359648  0.308884359661 
 0.355648030622  0.35564803066 
 0.409491506238  0.409491506251 
 0.471486636346  0.4714866367 
 0.542867543932  0.542867543956 
 0.625055192527  0.625055192616 
 0.719685673001  0.719685673045 
 0.828642772855  0.82864277284 
 0.95409547635  0.954095475793 
 1.09854114199  1.09854114149 
 1.26485521686  1.26485521563 
 1.4563484775  1.4563484743 
 1.67683293681  1.67683293795 
 1.93069772888  1.93069772832 
 2.22299648253  2.22299647105 
 2.5595479227  2.55954790806 
 2.94705170255  2.94705153993 
 3.3932217719  3.39322148812 
 3.90693993705  3.90693948842 
 4.49843266897  4.49843183632 
 5.17947467923  5.17947310504 
 5.96362331659  5.96361994629 
 6.86648845004  6.86648101449 
 7.90604321091  7.90602609005 
 9.10298177992  9.10293858076 
 10.4811313415  10.4810159578 
 12.0679264064  12.067599277 
 13.8949549437  13.8939525476 
 15.9985871961  15.9952761646 
 18.4206996933  18.4088496002 
 21.2095088792  21.1636111351 
 24.4205309455  24.4172310178 
 28.1176869797  28.1151181061 
 32.3745754282  32.3723853205 
 37.2759372031  37.2740404454 
 42.9193426013  42.9176952885 
 49.4171336132  49.4157021517 
 56.8986602902  56.8974161344 
 65.512855686  65.5117741225 
 75.4312006335  75.430260208 
 86.8511373751  86.8503194579 
 100.0  99.999288417 
59636233.1659 50 
 0.1  0.10000000006 
 0.115139539933  0.11513953994 
 0.132571136559  0.132571136572 
 0.152641796718  0.152641796731 
 0.175751062485  0.175751062496 
 0.202358964773  0.202358964785 
 0.232995181052  0.232995181058 
 0.268269579528  0.268269579545 
 0.308884359648  0.308884359667 
 0.355648030622  0.355648030634 
 0.409491506238  0.409491506172 
 0.471486636346  0.471486636365 
 0.542867543932  0.542867543978 
 0.625055192527  0.625055192571 
 0.719685673001  0.71968567235 
 0.828642772855  0.82864277289 
 0.95409547635  0.954095475905 
 1.09854114199  1.09854113713 
 1.26485521686  1.2648552151 
 1.4563484775  1.45634847747 
 1.67683293681  1.67683293485 
 1.93069772888  1.93069771851 
 2.22299648253  2.22299646655 
 2.5595479227  2.55954790415 
 2.94705170255  2.9470515173 
 3.3932217719  3.3932214864 
 3.90693993705  3.90693947218 
 4.49843266897  4.49843179117 
 5.17947467923  5.17947304847 
 5.96362331659  5.96361998 
 6.86648845004  6.86648077159 
 7.90604321091  7.9060251205 
 9.10298177992  9.10293699775 
 10.4811313415  10.4810123138 
 12.0679264064  12.0675878248 
 13.8949549437  13.8939191236 
 15.9985871961  15.9951676205 
 18.4206996933  18.4084669392 
 21.2095088792  21.2061476974 
 24.4205309455  24.4186721737 
 28.1176869797  28.1161691156 
 32.3745754282  32.3732713476 
 37.2759372031  37.2748063254 
 42.9193426013  42.9183602456 
 49.4171336132  49.4162799519 
 56.8986602902  56.8979183261 
 65.512855686  65.5122106844 
 75.4312006335  75.4306398006 
 86.8511373751  86.850649601 
 100.0  99.9995756393 
100000000.0 50 
 0.1  0.100000000009 
 0.115139539933  0.115139539949 
 0.132571136559  0.132571136576 
 0.152641796718  0.152641796734 
 0.175751062485  0.175751062501 
 0.202358964773  0.202358964789 
 0.232995181052  0.232995181069 
 0.268269579528  0.268269579566 
 0.308884359648  0.308884359708 
 0.355648030622  0.355648030611 
 0.409491506238  0.409491506255 
 0.471486636346  0.471486636377 
 0.542867543932  0.542867543988 
 0.625055192527  0.625055192705 
 0.719685673001  0.719685673273 
 0.828642772855  0.828642773141 
 0.95409547635  0.954095476188 
 1.09854114199  1.0985411418 
 1.26485521686  1.264855215 
 1.4563484775  1.45634847613 
 1.67683293681  1.67683293036 
 1.93069772888  1.93069772365 
 2.22299648253  2.22299646679 
 2.5595479227  2.55954791169 
 2.94705170255  2.9470517035 
 3.3932217719  3.39322147539 
 3.90693993705  3.90693945365 
 4.49843266897  4.49843174176 
 5.17947467923  5.1794729893 
 5.96362331659  5.96361970359 
 6.86648845004  6.86648052754 
 7.90604321091  7.90602453313 
 9.10298177992  9.10293564042 
 10.4811313415  10.481008365 
 12.0679264064  12.067577025 
 13.8949549437  13.8938860616 
 15.9985871961  15.9950592455 
 18.4206996933  18.4080839011 
 21.2095088792  21.2079853302 
 24.4205309455  24.4194568841 
 28.1176869797  28.116786704 
 32.3745754282  32.3737984385 
 37.2759372031  37.2752628887 
 42.9193426013  42.9187567754 
 49.4171336132  49.4166245248 
 56.8986602902  56.8982178121 
 65.512855686  65.5124710321 
 75.4312006335  75.4308661744 
 86.8511373751  86.8508464853 
 100.0  99.9997469275 
