0.001 50 
 0.1  0.1 
 0.115139539933  0.115139539933 
 0.132571136559  0.132571136559 
 0.152641796718  0.152641796718 
 0.175751062485  0.175751062485 
 0.202358964773  0.202358964773 
 0.232995181052  0.232995181052 
 0.268269579528  0.268269579528 
 0.308884359648  0.308884359648 
 0.355648030622  0.355648030622 
 0.409491506238  0.409491506238 
 0.471486636346  0.471486636346 
 0.542867543932  0.542867543932 
 0.625055192527  0.625055192527 
 0.719685673001  0.719685673001 
 0.828642772855  0.828642772855 
 0.95409547635  0.95409547635 
 1.09854114199  1.09854114199 
 1.26485521686  1.26485521686 
 1.4563484775  1.4563484775 
 1.67683293681  1.67683293681 
 1.93069772888  1.93069772888 
 2.22299648253  2.22299648253 
 2.5595479227  2.5595479227 
 2.94705170255  2.94705170255 
 3.3932217719  3.3932217719 
 3.90693993705  3.90693993705 
 4.49843266897  4.49843266897 
 5.17947467923  5.17947467923 
 5.96362331659  5.96362331659 
 6.86648845004  6.86648845004 
 7.90604321091  7.90604321091 
 9.10298177992  9.10298177991 
 10.4811313415  10.4811313415 
 12.0679264064  12.0679264064 
 13.8949549437  13.8949549437 
 15.9985871961  15.9985871959 
 18.4206996933  18.4206996927 
 21.2095088792  21.2095088768 
 24.4205309455  24.4205309349 
 28.1176869797  28.1176869301 
 32.3745754282  32.3745751822 
 37.2759372031  37.2759359526 
 42.9193426013  42.9193365025 
 49.4171336132  49.4171117516 
 56.8986602902  56.8987416901 
 65.512855686  65.5167761076 
 75.4312006335  75.5129402786 
 86.8511373751  88.4994323131 
 100.0  96.783826686 
0.00167683293681 50 
 0.1  0.1 
 0.115139539933  0.115139539933 
 0.132571136559  0.132571136559 
 0.152641796718  0.152641796718 
 0.175751062485  0.175751062485 
 0.202358964773  0.202358964773 
 0.232995181052  0.232995181052 
 0.268269579528  0.268269579528 
 0.308884359648  0.308884359648 
 0.355648030622  0.355648030622 
 0.409491506238  0.409491506238 
 0.471486636346  0.471486636346 
 0.542867543932  0.542867543932 
 0.625055192527  0.625055192527 
 0.719685673001  0.719685673001 
 0.828642772855  0.828642772855 
 0.95409547635  0.95409547635 
 1.09854114199  1.09854114199 
 1.26485521686  1.26485521686 
 1.4563484775  1.4563484775 
 1.67683293681  1.67683293681 
 1.93069772888  1.93069772888 
 2.22299648253  2.22299648253 
 2.5595479227  2.5595479227 
 2.94705170255  2.94705170255 
 3.3932217719  3.3932217719 
 3.90693993705  3.90693993705 
 4.49843266897  4.49843266897 
 5.17947467923  5.17947467923 
 5.96362331659  5.96362331659 
 6.86648845004  6.86648845004 
 7.90604321091  7.90604321091 
 9.10298177992  9.10298177991 
 10.4811313415  10.4811313415 
 12.0679264064  12.0679264064 
 13.8949549437  13.8949549437 
 15.9985871961  15.9985871958 
 18.4206996933  18.4206996923 
 21.2095088792  21.2095088752 
 24.4205309455  24.4205309276 
 28.1176869797  28.1176868955 
 32.3745754282  32.3745750085 
 37.2759372031  37.2759350468 
 42.9193426013  42.9193318345 
 49.4171336132  49.4170914414 
 56.8986602902  56.8987335266 
 65.512855686  65.5186103667 
 75.4312006335  75.5561874467 
 86.8511373751  89.4333615175 
 100.0  93.1493145034 
0.00281176869797 50 
 0.1  0.1 
 0.115139539933  0.115139539933 
 0.132571136559  0.132571136559 
 0.152641796718  0.152641796718 
 0.175751062485  0.175751062485 
 0.202358964773  0.202358964773 
 0.232995181052  0.232995181052 
 0.268269579528  0.268269579528 
 0.308884359648  0.308884359648 
 0.355648030622  0.355648030622 
 0.409491506238  0.409491506238 
 0.471486636346  0.471486636346 
 0.542867543932  0.542867543932 
 0.625055192527  0.625055192527 
 0.719685673001  0.719685673001 
 0.828642772855  0.828642772855 
 0.95409547635  0.95409547635 
 1.09854114199  1.09854114199 
 1.26485521686  1.26485521686 
 1.4563484775  1.4563484775 
 1.67683293681  1.67683293681 
 1.93069772888  1.93069772888 
 2.22299648253  2.22299648253 
 2.5595479227  2.5595479227 
 2.94705170255  2.94705170255 
 3.3932217719  3.3932217719 
 3.90693993705  3.90693993705 
 4.49843266897  4.49843266897 
 5.17947467923  5.17947467923 
 5.96362331659  5.96362331659 
 6.86648845004  6.86648845004 
 7.90604321091  7.90604321091 
 9.10298177992  9.10298177991 
 10.4811313415  10.4811313415 
 12.0679264064  12.0679264064 
 13.8949549437  13.8949549436 
 15.9985871961  15.9985871956 
 18.4206996933  18.4206996916 
 21.2095088792  21.2095088724 
 24.4205309455  24.4205309151 
 28.1176869797  28.1176868357 
 32.3745754282  32.3745747039 
 37.2759372031  37.2759334205 
 42.9193426013  42.9193230284 
 49.4171336132  49.4170473952 
 56.8986602902  56.8986052187 
 65.512855686  65.520197689 
 75.4312006335  75.6056791915 
 86.8511373751  90.1068283642 
 100.0  89.9071645938 
0.00471486636346 50 
 0.1  0.1 
 0.115139539933  0.115139539933 
 0.132571136559  0.132571136559 
 0.152641796718  0.152641796718 
 0.175751062485  0.175751062485 
 0.202358964773  0.202358964773 
 0.232995181052  0.232995181052 
 0.268269579528  0.268269579528 
 0.308884359648  0.308884359648 
 0.355648030622  0.355648030622 
 0.409491506238  0.409491506238 
 0.471486636346  0.471486636346 
 0.542867543932  0.542867543932 
 0.625055192527  0.625055192527 
 0.719685673001  0.719685673001 
 0.828642772855  0.828642772855 
 0.95409547635  0.95409547635 
 1.09854114199  1.09854114199 
 1.26485521686  1.26485521686 
 1.4563484775  1.4563484775 
 1.67683293681  1.67683293681 
 1.93069772888  1.93069772888 
 2.22299648253  2.22299648253 
 2.5595479227  2.5595479227 
 2.94705170255  2.94705170255 
 3.3932217719  3.3932217719 
 3.90693993705  3.90693993705 
 4.49843266897  4.49843266897 
 5.17947467923  5.17947467923 
 5.96362331659  5.96362331659 
 6.86648845004  6.86648845004 
 7.90604321091  7.90604321091 
 9.10298177992  9.10298177991 
 10.4811313415  10.4811313415 
 12.0679264064  12.0679264063 
 13.8949549437  13.8949549435 
 15.9985871961  15.9985871954 
 18.4206996933  18.4206996905 
 21.2095088792  21.2095088675 
 24.4205309455  24.4205308934 
 28.1176869797  28.1176867303 
 32.3745754282  32.374574156 
 37.2759372031  37.2759303911 
 42.9193426013  42.9193055102 
 49.4171336132  49.4169454505 
 56.8986602902  56.8980677905 
 65.512855686  65.5186661898 
 75.4312006335  75.6212896222 
 86.8511373751  88.5806443354 
 100.0  86.5884187059 
0.00790604321091 50 
 0.1  0.1 
 0.115139539933  0.115139539933 
 0.132571136559  0.132571136559 
 0.152641796718  0.152641796718 
 0.175751062485  0.175751062485 
 0.202358964773  0.202358964773 
 0.232995181052  0.232995181052 
 0.268269579528  0.268269579528 
 0.308884359648  0.308884359648 
 0.355648030622  0.355648030622 
 0.409491506238  0.409491506238 
 0.471486636346  0.471486636346 
 0.542867543932  0.542867543932 
 0.625055192527  0.625055192527 
 0.719685673001  0.719685673001 
 0.828642772855  0.828642772855 
 0.95409547635  0.95409547635 
 1.09854114199  1.09854114199 
 1.26485521686  1.26485521686 
 1.4563484775  1.4563484775 
 1.67683293681  1.67683293681 
 1.93069772888  1.93069772888 
 2.22299648253  2.22299648253 
 2.5595479227  2.5595479227 
 2.94705170255  2.94705170255 
 3.3932217719  3.3932217719 
 3.90693993705  3.90693993705 
 4.49843266897  4.49843266897 
 5.17947467923  5.17947467923 
 5.96362331659  5.96362331659 
 6.86648845004  6.86648845004 
 7.90604321091  7.9060432109 
 9.10298177992  9.1029817799 
 10.4811313415  10.4811313415 
 12.0679264064  12.0679264063 
 13.8949549437  13.8949549434 
 15.9985871961  15.998587195 
 18.4206996933  18.4206996885 
 21.2095088792  21.2095088591 
 24.4205309455  24.4205308548 
 28.1176869797  28.1176865393 
 32.3745754282  32.374573133 
 37.2759372031  37.2759244613 
 42.9193426013  42.9192683978 
 49.4171336132  49.4166955416 
 56.8986602902  56.8962608986 
 65.512855686  65.5043222673 
 75.4312006335  75.4582571641 
 86.8511373751  84.4997791858 
 100.0  82.891967711 
0.0132571136559 50 
 0.1  0.1 
 0.115139539933  0.115139539933 
 0.132571136559  0.132571136559 
 0.152641796718  0.152641796718 
 0.175751062485  0.175751062485 
 0.202358964773  0.202358964773 
 0.232995181052  0.232995181052 
 0.268269579528  0.268269579528 
 0.308884359648  0.308884359648 
 0.355648030622  0.355648030622 
 0.409491506238  0.409491506238 
 0.471486636346  0.471486636346 
 0.542867543932  0.542867543932 
 0.625055192527  0.625055192527 
 0.719685673001  0.719685673001 
 0.828642772855  0.828642772855 
 0.95409547635  0.95409547635 
 1.09854114199  1.09854114199 
 1.26485521686  1.26485521686 
 1.4563484775  1.4563484775 
 1.67683293681  1.67683293681 
 1.93069772888  1.93069772888 
 2.22299648253  2.22299648253 
 2.5595479227  2.5595479227 
 2.94705170255  2.94705170255 
 3.3932217719  3.3932217719 
 3.90693993705  3.90693993705 
 4.49843266897  4.49843266897 
 5.17947467923  5.17947467923 
 5.96362331659  5.96362331659 
 6.86648845004  6.86648845004 
 7.90604321091  7.9060432109 
 9.10298177992  9.1029817799 
 10.4811313415  10.4811313415 
 12.0679264064  12.0679264062 
 13.8949549437  13.8949549432 
 15.9985871961  15.9985871939 
 18.4206996933  18.4206996849 
 21.2095088792  21.2095088439 
 24.4205309455  24.4205307839 
 28.1176869797  28.1176861789 
 32.3745754282  32.374571124 
 37.2759372031  37.275912128 
 42.9193426013  42.9191844121 
 49.4171336132  49.416054514 
 56.8986602902  56.8906889624 
 65.512855686  65.4476359806 
 75.4312006335  74.7410397694 
 86.8511373751  79.7147189545 
 100.0  78.8292563299 
0.0222299648253 50 
 0.1  0.1 
 0.115139539933  0.115139539933 
 0.132571136559  0.132571136559 
 0.152641796718  0.152641796718 
 0.175751062485  0.175751062485 
 0.202358964773  0.202358964773 
 0.232995181052  0.232995181052 
 0.268269579528  0.268269579528 
 0.308884359648  0.308884359648 
 0.355648030622  0.355648030622 
 0.409491506238  0.409491506238 
 0.471486636346  0.471486636346 
 0.542867543932  0.542867543932 
 0.625055192527  0.625055192527 
 0.719685673001  0.719685673001 
 0.828642772855  0.828642772855 
 0.95409547635  0.95409547635 
 1.09854114199  1.09854114199 
 1.26485521686  1.26485521686 
 1.4563484775  1.4563484775 
 1.67683293681  1.67683293681 
 1.93069772888  1.93069772888 
 2.22299648253  2.22299648253 
 2.5595479227  2.5595479227 
 2.94705170255  2.94705170255 
 3.3932217719  3.3932217719 
 3.90693993705  3.90693993705 
 4.49843266897  4.49843266897 
 5.17947467923  5.17947467923 
 5.96362331659  5.96362331659 
 6.86648845004  6.86648845004 
 7.90604321091  7.9060432109 
 9.10298177992  9.10298177989 
 10.4811313415  10.4811313415 
 12.0679264064  12.0679264061 
 13.8949549437  13.8949549429 
 15.9985871961  15.9985871933 
 18.4206996933  18.4206996785 
 21.2095088792  21.2095088156 
 24.4205309455  24.420530648 
 28.1176869797  28.1176854616 
 32.3745754282  32.37456693 
 37.2759372031  37.2758847273 
 42.9193426013  42.9189824198 
 49.4171336132  49.4143559317 
 56.8986602902  56.8742409617 
 65.512855686  65.2660618604 
 75.4312006335  72.9368942481 
 86.8511373751  75.0683503633 
 100.0  74.6299844866 
0.0372759372031 50 
 0.1  0.1 
 0.115139539933  0.115139539933 
 0.132571136559  0.132571136559 
 0.152641796718  0.152641796718 
 0.175751062485  0.175751062485 
 0.202358964773  0.202358964773 
 0.232995181052  0.232995181052 
 0.268269579528  0.268269579528 
 0.308884359648  0.308884359648 
 0.355648030622  0.355648030622 
 0.409491506238  0.409491506238 
 0.471486636346  0.471486636346 
 0.542867543932  0.542867543932 
 0.625055192527  0.625055192527 
 0.719685673001  0.719685673001 
 0.828642772855  0.828642772855 
 0.95409547635  0.95409547635 
 1.09854114199  1.09854114199 
 1.26485521686  1.26485521686 
 1.4563484775  1.4563484775 
 1.67683293681  1.67683293681 
 1.93069772888  1.93069772888 
 2.22299648253  2.22299648253 
 2.5595479227  2.5595479227 
 2.94705170255  2.94705170255 
 3.3932217719  3.3932217719 
 3.90693993705  3.90693993705 
 4.49843266897  4.49843266897 
 5.17947467923  5.17947467923 
 5.96362331659  5.96362331659 
 6.86648845004  6.86648845004 
 7.90604321091  7.90604321089 
 9.10298177992  9.10298177987 
 10.4811313415  10.4811313414 
 12.0679264064  12.067926406 
 13.8949549437  13.894954943 
 15.9985871961  15.9985871908 
 18.4206996933  18.4206996662 
 21.2095088792  21.20950876 
 24.4205309455  24.420530372 
 28.1176869797  28.1176839415 
 32.3745754282  32.3745575769 
 37.2759372031  37.275819887 
 42.9193426013  42.9184717827 
 49.4171336132  49.40975766 
 56.8986602902  56.8270452782 
 65.512855686  64.7604747906 
 75.4312006335  69.9796039162 
 86.8511373751  70.7097015843 
 100.0  70.4948698589 
0.0625055192527 50 
 0.1  0.1 
 0.115139539933  0.115139539933 
 0.132571136559  0.132571136559 
 0.152641796718  0.152641796718 
 0.175751062485  0.175751062485 
 0.202358964773  0.202358964773 
 0.232995181052  0.232995181052 
 0.268269579528  0.268269579528 
 0.308884359648  0.308884359648 
 0.355648030622  0.355648030622 
 0.409491506238  0.409491506238 
 0.471486636346  0.471486636346 
 0.542867543932  0.542867543932 
 0.625055192527  0.625055192527 
 0.719685673001  0.719685673001 
 0.828642772855  0.828642772855 
 0.95409547635  0.95409547635 
 1.09854114199  1.09854114199 
 1.26485521686  1.26485521686 
 1.4563484775  1.4563484775 
 1.67683293681  1.67683293681 
 1.93069772888  1.93069772888 
 2.22299648253  2.22299648253 
 2.5595479227  2.5595479227 
 2.94705170255  2.94705170255 
 3.3932217719  3.3932217719 
 3.90693993705  3.90693993705 
 4.49843266897  4.49843266897 
 5.17947467923  5.17947467923 
 5.96362331659  5.96362331659 
 6.86648845004  6.86648845003 
 7.90604321091  7.90604321088 
 9.10298177992  9.10298177983 
 10.4811313415  10.4811313414 
 12.0679264064  12.0679264056 
 13.8949549437  13.8949549427 
 15.9985871961  15.9985871835 
 18.4206996933  18.4206996413 
 21.2095088792  21.2095086442 
 24.4205309455  24.4205297738 
 28.1176869797  28.1176805002 
 32.3745754282  32.3745353691 
 37.2759372031  37.2756580429 
 42.9193426013  42.9171324767 
 49.4171336132  49.3971542308 
 56.8986602902  56.6956299383 
 65.512855686  63.5879345331 
 75.4312006335  66.4142751887 
 86.8511373751  66.6236718402 
 100.0  66.515501759 
0.104811313415 50 
 0.1  0.1 
 0.115139539933  0.115139539933 
 0.132571136559  0.132571136559 
 0.152641796718  0.152641796718 
 0.175751062485  0.175751062485 
 0.202358964773  0.202358964773 
 0.232995181052  0.232995181052 
 0.268269579528  0.268269579528 
 0.308884359648  0.308884359648 
 0.355648030622  0.355648030622 
 0.409491506238  0.409491506238 
 0.471486636346  0.471486636346 
 0.542867543932  0.542867543932 
 0.625055192527  0.625055192527 
 0.719685673001  0.719685673001 
 0.828642772855  0.828642772855 
 0.95409547635  0.95409547635 
 1.09854114199  1.09854114199 
 1.26485521686  1.26485521686 
 1.4563484775  1.4563484775 
 1.67683293681  1.67683293681 
 1.93069772888  1.93069772888 
 2.22299648253  2.22299648253 
 2.5595479227  2.5595479227 
 2.94705170255  2.94705170255 
 3.3932217719  3.3932217719 
 3.90693993705  3.90693993705 
 4.49843266897  4.49843266897 
 5.17947467923  5.17947467923 
 5.96362331659  5.96362331659 
 6.86648845004  6.86648845003 
 7.90604321091  7.90604321086 
 9.10298177992  9.10298177985 
 10.4811313415  10.4811313413 
 12.0679264064  12.0679264064 
 13.8949549437  13.8949549374 
 15.9985871961  15.9985871714 
 18.4206996933  18.420699588 
 21.2095088792  21.2095083862 
 24.4205309455  24.4205283901 
 28.1176869797  28.1176722207 
 32.3745754282  32.3744797876 
 37.2759372031  37.2752373574 
 42.9193426013  42.9135311613 
 49.4171336132  49.3624794718 
 56.8986602902  56.348922531 
 65.512855686  61.4951023675 
 75.4312006335  62.724231033 
 86.8511373751  62.7705222297 
 100.0  62.7138712455 
0.175751062485 50 
 0.1  0.1 
 0.115139539933  0.115139539933 
 0.132571136559  0.132571136559 
 0.152641796718  0.152641796718 
 0.175751062485  0.175751062485 
 0.202358964773  0.202358964773 
 0.232995181052  0.232995181052 
 0.268269579528  0.268269579528 
 0.308884359648  0.308884359648 
 0.355648030622  0.355648030622 
 0.409491506238  0.409491506238 
 0.471486636346  0.471486636346 
 0.542867543932  0.542867543932 
 0.625055192527  0.625055192527 
 0.719685673001  0.719685673001 
 0.828642772855  0.828642772855 
 0.95409547635  0.95409547635 
 1.09854114199  1.09854114199 
 1.26485521686  1.26485521686 
 1.4563484775  1.4563484775 
 1.67683293681  1.67683293681 
 1.93069772888  1.93069772888 
 2.22299648253  2.22299648253 
 2.5595479227  2.5595479227 
 2.94705170255  2.94705170255 
 3.3932217719  3.39322177189 
 3.90693993705  3.90693993705 
 4.49843266897  4.49843266897 
 5.17947467923  5.17947467923 
 5.96362331659  5.96362331659 
 6.86648845004  6.86648845003 
 7.90604321091  7.90604321082 
 9.10298177992  9.10298177993 
 10.4811313415  10.4811313405 
 12.0679264064  12.0679264078 
 13.8949549437  13.8949549309 
 15.9985871961  15.9985871444 
 18.4206996933  18.4206994657 
 21.2095088792  21.2095077745 
 24.4205309455  24.4205249959 
 28.1176869797  28.1176512697 
 32.3745754282  32.3743350271 
 37.2759372031  37.2741125115 
 42.9193426013  42.9037014235 
 49.4171336132  49.2679086099 
 56.8986602902  55.5326163556 
 65.512855686  58.6586430531 
 75.4312006335  59.1138489821 
 86.8511373751  59.1155017676 
 100.0  59.0846084669 
0.294705170255 50 
 0.1  0.1 
 0.115139539933  0.115139539933 
 0.132571136559  0.132571136559 
 0.152641796718  0.152641796718 
 0.175751062485  0.175751062485 
 0.202358964773  0.202358964773 
 0.232995181052  0.232995181052 
 0.268269579528  0.268269579528 
 0.308884359648  0.308884359648 
 0.355648030622  0.355648030622 
 0.409491506238  0.409491506238 
 0.471486636346  0.471486636346 
 0.542867543932  0.542867543932 
 0.625055192527  0.625055192527 
 0.719685673001  0.719685673001 
 0.828642772855  0.828642772855 
 0.95409547635  0.95409547635 
 1.09854114199  1.09854114199 
 1.26485521686  1.26485521686 
 1.4563484775  1.4563484775 
 1.67683293681  1.67683293681 
 1.93069772888  1.93069772888 
 2.22299648253  2.22299648253 
 2.5595479227  2.5595479227 
 2.94705170255  2.94705170255 
 3.3932217719  3.39322177189 
 3.90693993705  3.90693993705 
 4.49843266897  4.49843266897 
 5.17947467923  5.17947467922 
 5.96362331659  5.9636233166 
 6.86648845004  6.86648845001 
 7.90604321091  7.90604321098 
 9.10298177992  9.10298177989 
 10.4811313415  10.4811313401 
 12.0679264064  12.067926399 
 13.8949549437  13.8949549158 
 15.9985871961  15.9985870805 
 18.4206996933  18.4206991677 
 21.2095088792  21.2095062452 
 24.4205309455  24.4205163082 
 28.1176869797  28.1175963545 
 32.3745754282  32.3739474402 
 37.2759372031  37.2710503764 
 42.9193426013  42.8767179014 
 49.4171336132  49.018657529 
 56.8986602902  53.9661261335 
 65.512855686  55.4883253792 
 75.4312006335  55.6414072315 
 86.8511373751  55.6337985347 
 100.0  55.6162727205 
0.494171336132 50 
 0.1  0.1 
 0.115139539933  0.115139539933 
 0.132571136559  0.132571136559 
 0.152641796718  0.152641796718 
 0.175751062485  0.175751062485 
 0.202358964773  0.202358964773 
 0.232995181052  0.232995181052 
 0.268269579528  0.268269579528 
 0.308884359648  0.308884359648 
 0.355648030622  0.355648030622 
 0.409491506238  0.409491506238 
 0.471486636346  0.471486636346 
 0.542867543932  0.542867543932 
 0.625055192527  0.625055192527 
 0.719685673001  0.719685673001 
 0.828642772855  0.828642772855 
 0.95409547635  0.95409547635 
 1.09854114199  1.09854114199 
 1.26485521686  1.26485521686 
 1.4563484775  1.4563484775 
 1.67683293681  1.67683293681 
 1.93069772888  1.93069772888 
 2.22299648253  2.22299648253 
 2.5595479227  2.5595479227 
 2.94705170255  2.94705170255 
 3.3932217719  3.3932217719 
 3.90693993705  3.90693993705 
 4.49843266897  4.49843266896 
 5.17947467923  5.17947467924 
 5.96362331659  5.9636233166 
 6.86648845004  6.86648844994 
 7.90604321091  7.90604321125 
 9.10298177992  9.10298177945 
 10.4811313415  10.4811313369 
 12.0679264064  12.0679263899 
 13.8949549437  13.8949548792 
 15.9985871961  15.9985869209 
 18.4206996933  18.4206984074 
 21.2095088792  21.2095022658 
 24.4205309455  24.4204932849 
 28.1176869797  28.1174485885 
 32.3745754282  32.3728913554 
 37.2759372031  37.2626331632 
 42.9193426013  42.8031451211 
 49.4171336132  48.4173310816 
 56.8986602902  51.6497624346 
 65.512855686  52.2698305588 
 75.4312006335  52.3177445581 
 86.8511373751  52.3102257209 
 100.0  52.2998217065 
0.828642772855 50 
 0.1  0.1 
 0.115139539933  0.115139539933 
 0.132571136559  0.132571136559 
 0.152641796718  0.152641796718 
 0.175751062485  0.175751062485 
 0.202358964773  0.202358964773 
 0.232995181052  0.232995181052 
 0.268269579528  0.268269579528 
 0.308884359648  0.308884359648 
 0.355648030622  0.355648030622 
 0.409491506238  0.409491506238 
 0.471486636346  0.471486636346 
 0.542867543932  0.542867543932 
 0.625055192527  0.625055192527 
 0.719685673001  0.719685673001 
 0.828642772855  0.828642772855 
 0.95409547635  0.95409547635 
 1.09854114199  1.09854114199 
 1.26485521686  1.26485521686 
 1.4563484775  1.4563484775 
 1.67683293681  1.67683293681 
 1.93069772888  1.93069772888 
 2.22299648253  2.22299648253 
 2.5595479227  2.5595479227 
 2.94705170255  2.94705170255 
 3.3932217719  3.3932217719 
 3.90693993705  3.90693993705 
 4.49843266897  4.49843266897 
 5.17947467923  5.17947467926 
 5.96362331659  5.96362331657 
 6.86648845004  6.86648844981 
 7.90604321091  7.90604321139 
 9.10298177992  9.10298177676 
 10.4811313415  10.4811313308 
 12.0679264064  12.0679263668 
 13.8949549437  13.8949547855 
 15.9985871961  15.9985865038 
 18.4206996933  18.4206964024 
 21.2095088792  21.2094916214 
 24.4205309455  24.4204309774 
 28.1176869797  28.1170449185 
 32.3745754282  32.3699862261 
 37.2759372031  37.2394770274 
 42.9193426013  42.6087301876 
 49.4171336132  47.2022825105 
 56.8986602902  48.9025818496 
 65.512855686  49.131281798 
 75.4312006335  49.1448417857 
 86.8511373751  49.1391043881 
 100.0  49.1324626583 
1.38949549437 50 
 0.1  0.1 
 0.115139539933  0.115139539933 
 0.132571136559  0.132571136559 
 0.152641796718  0.152641796718 
 0.175751062485  0.175751062485 
 0.202358964773  0.202358964773 
 0.232995181052  0.232995181052 
 0.268269579528  0.268269579528 
 0.308884359648  0.308884359648 
 0.355648030622  0.355648030622 
 0.409491506238  0.409491506238 
 0.471486636346  0.471486636346 
 0.542867543932  0.542867543932 
 0.625055192527  0.625055192527 
 0.719685673001  0.719685673001 
 0.828642772855  0.828642772855 
 0.95409547635  0.95409547635 
 1.09854114199  1.09854114199 
 1.26485521686  1.26485521686 
 1.4563484775  1.4563484775 
 1.67683293681  1.67683293681 
 1.93069772888  1.93069772888 
 2.22299648253  2.22299648253 
 2.5595479227  2.5595479227 
 2.94705170255  2.94705170255 
 3.3932217719  3.3932217719 
 3.90693993705  3.90693993704 
 4.49843266897  4.49843266902 
 5.17947467923  5.17947467927 
 5.96362331659  5.96362331646 
 6.86648845004  6.86648845117 
 7.90604321091  7.90604320855 
 9.10298177992  9.1029817723 
 10.4811313415  10.481131315 
 12.0679264064  12.0679263067 
 13.8949549437  13.894954538 
 15.9985871961  15.9985853986 
 18.4206996933  18.4206909916 
 21.2095088792  21.2094626593 
 24.4205309455  24.4202603656 
 28.1176869797  28.1159343719 
 32.3745754282  32.3619871997 
 37.2759372031  37.1766351112 
 42.9193426013  42.1363382757 
 49.4171336132  45.2979191963 
 56.8986602902  46.0455413713 
 65.512855686  46.1277949544 
 75.4312006335  46.1307170783 
 86.8511373751  46.1264358206 
 100.0  46.1215897696 
2.32995181052 50 
 0.1  0.1 
 0.115139539933  0.115139539933 
 0.132571136559  0.132571136559 
 0.152641796718  0.152641796718 
 0.175751062485  0.175751062485 
 0.202358964773  0.202358964773 
 0.232995181052  0.232995181052 
 0.268269579528  0.268269579528 
 0.308884359648  0.308884359648 
 0.355648030622  0.355648030622 
 0.409491506238  0.409491506238 
 0.471486636346  0.471486636346 
 0.542867543932  0.542867543932 
 0.625055192527  0.625055192527 
 0.719685673001  0.719685673001 
 0.828642772855  0.828642772855 
 0.95409547635  0.95409547635 
 1.09854114199  1.09854114199 
 1.26485521686  1.26485521686 
 1.4563484775  1.4563484775 
 1.67683293681  1.67683293681 
 1.93069772888  1.93069772888 
 2.22299648253  2.22299648252 
 2.5595479227  2.5595479227 
 2.94705170255  2.94705170256 
 3.3932217719  3.39322177189 
 3.90693993705  3.90693993711 
 4.49843266897  4.49843266907 
 5.17947467923  5.1794746792 
 5.96362331659  5.96362331616 
 6.86648845004  6.86648844814 
 7.90604321091  7.90604320504 
 9.10298177992  9.10298176053 
 10.4811313415  10.4811312732 
 12.0679264064  12.0679261459 
 13.8949549437  13.8949538699 
 15.9985871961  15.9985823884 
 18.4206996933  18.4206762047 
 21.2095088792  21.2093832613 
 24.4205309455  24.4197918464 
 28.1176869797  28.1128887092 
 32.3745754282  32.3402440333 
 37.2759372031  37.0136044939 
 42.9193426013  41.1725829207 
 49.4171336132  42.9640518943 
 56.8986602902  43.2685168982 
 65.512855686  43.2994814862 
 75.4312006335  43.2992644549 
 86.8511373751  43.2957414725 
 100.0  43.2914548667 
3.90693993705 50 
 0.1  0.1 
 0.115139539933  0.115139539933 
 0.132571136559  0.132571136559 
 0.152641796718  0.152641796718 
 0.175751062485  0.175751062485 
 0.202358964773  0.202358964772 
 0.232995181052  0.232995181052 
 0.268269579528  0.268269579528 
 0.308884359648  0.308884359648 
 0.355648030622  0.355648030622 
 0.409491506238  0.409491506238 
 0.471486636346  0.471486636346 
 0.542867543932  0.542867543932 
 0.625055192527  0.625055192527 
 0.719685673001  0.719685673001 
 0.828642772855  0.828642772855 
 0.95409547635  0.95409547635 
 1.09854114199  1.09854114199 
 1.26485521686  1.26485521686 
 1.4563484775  1.4563484775 
 1.67683293681  1.67683293681 
 1.93069772888  1.93069772888 
 2.22299648253  2.22299648253 
 2.5595479227  2.55954792271 
 2.94705170255  2.94705170255 
 3.3932217719  3.39322177188 
 3.90693993705  3.90693993722 
 4.49843266897  4.49843266907 
 5.17947467923  5.17947467863 
 5.96362331659  5.96362331649 
 6.86648845004  6.86648844515 
 7.90604321091  7.90604319566 
 9.10298177992  9.10298172893 
 10.4811313415  10.48113116 
 12.0679264064  12.067925709 
 13.8949549437  13.894952047 
 15.9985871961  15.9985741544 
 18.4206996933  18.4206357958 
 21.2095088792  21.2091666041 
 24.4205309455  24.4185203435 
 28.1176869797  28.1047176654 
 32.3745754282  32.2836156893 
 37.2759372031  36.6354852932 
 42.9193426013  39.6657344732 
 49.4171336132  40.5570666762 
 56.8986602902  40.6878009461 
 65.512855686  40.7010808409 
 75.4312006335  40.6999334443 
 86.8511373751  40.6966484837 
 100.0  40.6922711287 
6.5512855686 50 
 0.1  0.1 
 0.115139539933  0.115139539933 
 0.132571136559  0.132571136559 
 0.152641796718  0.152641796717 
 0.175751062485  0.175751062485 
 0.202358964773  0.202358964772 
 0.232995181052  0.232995181051 
 0.268269579528  0.268269579528 
 0.308884359648  0.308884359648 
 0.355648030622  0.355648030622 
 0.409491506238  0.409491506238 
 0.471486636346  0.471486636346 
 0.542867543932  0.542867543932 
 0.625055192527  0.625055192527 
 0.719685673001  0.719685673001 
 0.828642772855  0.828642772854 
 0.95409547635  0.95409547635 
 1.09854114199  1.09854114199 
 1.26485521686  1.26485521686 
 1.4563484775  1.4563484775 
 1.67683293681  1.67683293681 
 1.93069772888  1.93069772889 
 2.22299648253  2.22299648254 
 2.5595479227  2.55954792271 
 2.94705170255  2.94705170254 
 3.3932217719  3.39322177211 
 3.90693993705  3.90693993682 
 4.49843266897  4.49843266881 
 5.17947467923  5.17947467767 
 5.96362331659  5.96362331222 
 6.86648845004  6.86648843711 
 7.90604321091  7.90604317027 
 9.10298177992  9.10298164366 
 10.4811313415  10.4811308518 
 12.0679264064  12.0679245163 
 13.8949549437  13.8949470892 
 15.9985871961  15.9985518565 
 18.4206996933  18.4205271179 
 21.2095088792  21.2085912921 
 24.4205309455  24.415210246 
 28.1176869797  28.0841356885 
 32.3745754282  32.1509972765 
 37.2759372031  35.9308590649 
 42.9193426013  37.8873969932 
 49.4171336132  38.3369289401 
 56.8986602902  38.402953576 
 65.512855686  38.409978568 
 75.4312006335  38.408729732 
 86.8511373751  38.4057838716 
 100.0  38.4016195003 
10.9854114199 50 
 0.1  0.0999999999999 
 0.115139539933  0.115139539933 
 0.132571136559  0.132571136559 
 0.152641796718  0.152641796717 
 0.175751062485  0.175751062485 
 0.202358964773  0.202358964772 
 0.232995181052  0.232995181051 
 0.268269579528  0.268269579528 
 0.308884359648  0.308884359647 
 0.355648030622  0.355648030622 
 0.409491506238  0.409491506238 
 0.471486636346  0.471486636345 
 0.542867543932  0.542867543932 
 0.625055192527  0.625055192527 
 0.719685673001  0.719685673001 
 0.828642772855  0.828642772854 
 0.95409547635  0.95409547635 
 1.09854114199  1.09854114199 
 1.26485521686  1.26485521685 
 1.4563484775  1.4563484775 
 1.67683293681  1.67683293682 
 1.93069772888  1.9306977289 
 2.22299648253  2.22299648254 
 2.5595479227  2.55954792269 
 2.94705170255  2.94705170249 
 3.3932217719  3.39322177231 
 3.90693993705  3.90693993717 
 4.49843266897  4.4984326674 
 5.17947467923  5.179474675 
 5.96362331659  5.96362330486 
 6.86648845004  6.86648841512 
 7.90604321091  7.90604310123 
 9.10298177992  9.1029814107 
 10.4811313415  10.4811300181 
 12.0679264064  12.0679213122 
 13.8949549437  13.8949339283 
 15.9985871961  15.9984935862 
 18.4206996933  18.4202501234 
 21.2095088792  21.2071744031 
 24.4205309455  24.4074312684 
 28.1176869797  28.0390583112 
 32.3745754282  31.8981904989 
 37.2759372031  34.9623635804 
 42.9193426013  36.1966738861 
 49.4171336132  36.4547348447 
 56.8986602902  36.4951144643 
 65.512855686  36.5001615287 
 75.4312006335  36.4998886123 
 86.8511373751  36.4985706739 
 100.0  36.4966393423 
18.4206996933 50 
 0.1  0.0999999999999 
 0.115139539933  0.115139539933 
 0.132571136559  0.132571136559 
 0.152641796718  0.152641796717 
 0.175751062485  0.175751062485 
 0.202358964773  0.202358964772 
 0.232995181052  0.232995181051 
 0.268269579528  0.268269579527 
 0.308884359648  0.308884359647 
 0.355648030622  0.355648030622 
 0.409491506238  0.409491506237 
 0.471486636346  0.471486636344 
 0.542867543932  0.542867543931 
 0.625055192527  0.625055192526 
 0.719685673001  0.719685672999 
 0.828642772855  0.828642772852 
 0.95409547635  0.954095476347 
 1.09854114199  1.09854114198 
 1.26485521686  1.26485521685 
 1.4563484775  1.45634847749 
 1.67683293681  1.67683293683 
 1.93069772888  1.9306977289 
 2.22299648253  2.22299648251 
 2.5595479227  2.55954792263 
 2.94705170255  2.94705170267 
 3.3932217719  3.39322177233 
 3.90693993705  3.9069399354 
 4.49843266897  4.49843266459 
 5.17947467923  5.17947466802 
 5.96362331659  5.96362328496 
 6.86648845004  6.86648835272 
 7.90604321091  7.90604290976 
 9.10298177992  9.10298079605 
 10.4811313415  10.4811278288 
 12.0679264064  12.0679131662 
 13.8949549437  13.8949013287 
 15.9985871961  15.998355724 
 18.4206996933  18.4196277048 
 21.2095088792  21.2041919026 
 24.4205309455  24.3923312157 
 28.1176869797  27.9605877052 
 32.3745754282  31.5342794242 
 37.2759372031  33.956163219 
 42.9193426013  34.7862271952 
 49.4171336132  34.9566279206 
 56.8986602902  34.9857532514 
 65.512855686  34.9914709541 
 75.4312006335  34.9942501825 
 86.8511373751  34.9975051643 
 100.0  35.002187548 
30.8884359648 50 
 0.1  0.1 
 0.115139539933  0.115139539932 
 0.132571136559  0.132571136558 
 0.152641796718  0.152641796717 
 0.175751062485  0.175751062485 
 0.202358964773  0.202358964772 
 0.232995181052  0.232995181051 
 0.268269579528  0.268269579528 
 0.308884359648  0.308884359647 
 0.355648030622  0.355648030622 
 0.409491506238  0.409491506237 
 0.471486636346  0.471486636344 
 0.542867543932  0.542867543928 
 0.625055192527  0.625055192521 
 0.719685673001  0.719685672995 
 0.828642772855  0.828642772848 
 0.95409547635  0.954095476336 
 1.09854114199  1.09854114197 
 1.26485521686  1.26485521682 
 1.4563484775  1.4563484775 
 1.67683293681  1.6768329368 
 1.93069772888  1.93069772884 
 2.22299648253  2.22299648241 
 2.5595479227  2.5595479221 
 2.94705170255  2.947051703 
 3.3932217719  3.39322177139 
 3.90693993705  3.90693993259 
 4.49843266897  4.49843265584 
 5.17947467923  5.1794746484 
 5.96362331659  5.9636232331 
 6.86648845004  6.86648820219 
 7.90604321091  7.90604244792 
 9.10298177992  9.10297928617 
 10.4811313415  10.4811227333 
 12.0679264064  12.0678948868 
 13.8949549437  13.8948326961 
 15.9985871961  15.9980840833 
 18.4206996933  18.4184963941 
 21.2095088792  21.1992231389 
 24.4205309455  24.3694623893 
 28.1176869797  27.854679759 
 32.3745754282  31.1266139364 
 37.2759372031  33.0708664867 
 42.9193426013  33.6754136162 
 49.4171336132  33.8004360215 
 56.8986602902  33.8253876922 
 65.512855686  33.8347814856 
 75.4312006335  33.8441528739 
 86.8511373751  33.8570518628 
 100.0  33.8757865545 
51.7947467923 50 
 0.1  0.0999999999999 
 0.115139539933  0.115139539933 
 0.132571136559  0.132571136559 
 0.152641796718  0.152641796717 
 0.175751062485  0.175751062485 
 0.202358964773  0.202358964772 
 0.232995181052  0.232995181051 
 0.268269579528  0.268269579528 
 0.308884359648  0.308884359647 
 0.355648030622  0.355648030621 
 0.409491506238  0.409491506232 
 0.471486636346  0.471486636342 
 0.542867543932  0.54286754393 
 0.625055192527  0.625055192526 
 0.719685673001  0.719685672999 
 0.828642772855  0.828642772851 
 0.95409547635  0.954095476326 
 1.09854114199  1.09854114191 
 1.26485521686  1.26485521684 
 1.4563484775  1.45634847749 
 1.67683293681  1.67683293676 
 1.93069772888  1.93069772841 
 2.22299648253  2.22299648074 
 2.5595479227  2.55954791992 
 2.94705170255  2.94705169857 
 3.3932217719  3.39322176528 
 3.90693993705  3.90693992389 
 4.49843266897  4.49843264034 
 5.17947467923  5.1794746024 
 5.96362331659  5.96362310585 
 6.86648845004  6.86648784657 
 7.90604321091  7.90604140354 
 9.10298177992  9.10297609919 
 10.4811313415  10.4811126484 
 12.0679264064  12.0678615851 
 13.8949549437  13.8947172706 
 15.9985871961  15.9976643599 
 18.4206996933  18.4168847678 
 21.2095088792  21.1926704036 
 24.4205309455  24.341454278 
 28.1176869797  27.7360698359 
 32.3745754282  30.7323364654 
 37.2759372031  32.3379706771 
 42.9193426013  32.8073528369 
 49.4171336132  32.9076626265 
 56.8986602902  32.9339897825 
 65.512855686  32.9514701373 
 75.4312006335  32.9733040668 
 86.8511373751  33.0042931749 
 100.0  33.0494478813 
86.8511373751 50 
 0.1  0.1 
 0.115139539933  0.115139539933 
 0.132571136559  0.132571136559 
 0.152641796718  0.152641796718 
 0.175751062485  0.175751062485 
 0.202358964773  0.202358964772 
 0.232995181052  0.232995181051 
 0.268269579528  0.268269579524 
 0.308884359648  0.308884359645 
 0.355648030622  0.355648030623 
 0.409491506238  0.40949150624 
 0.471486636346  0.471486636349 
 0.542867543932  0.542867543935 
 0.625055192527  0.625055192529 
 0.719685673001  0.719685673 
 0.828642772855  0.828642772782 
 0.95409547635  0.954095476357 
 1.09854114199  1.09854114205 
 1.26485521686  1.26485521693 
 1.4563484775  1.45634847752 
 1.67683293681  1.67683293638 
 1.93069772888  1.93069772802 
 2.22299648253  2.22299648216 
 2.5595479227  2.55954792018 
 2.94705170255  2.94705169462 
 3.3932217719  3.39322175837 
 3.90693993705  3.90693991376 
 4.49843266897  4.49843261387 
 5.17947467923  5.17947450889 
 5.96362331659  5.96362287008 
 6.86648845004  6.86648725188 
 7.90604321091  7.90603953997 
 9.10298177992  9.10297078824 
 10.4811313415  10.4810971567 
 12.0679264064  12.0678139052 
 13.8949549437  13.8945638711 
 15.9985871961  15.9971407421 
 18.4206996933  18.4149797063 
 21.2095088792  21.185272229 
 24.4205309455  24.311181892 
 28.1176869797  27.6154881043 
 32.3745754282  30.3730330181 
 37.2759372031  31.7347945459 
 42.9193426013  32.1181993945 
 49.4171336132  32.2069627297 
 56.8986602902  32.2410504566 
 65.512855686  32.2737719422 
 75.4312006335  32.3180836776 
 86.8511373751  32.3816975832 
 100.0  32.4747015387 
145.63484775 50 
 0.1  0.1 
 0.115139539933  0.115139539933 
 0.132571136559  0.132571136559 
 0.152641796718  0.152641796718 
 0.175751062485  0.175751062485 
 0.202358964773  0.20235896477 
 0.232995181052  0.232995181052 
 0.268269579528  0.26826957953 
 0.308884359648  0.308884359651 
 0.355648030622  0.355648030627 
 0.409491506238  0.409491506243 
 0.471486636346  0.47148663635 
 0.542867543932  0.542867543935 
 0.625055192527  0.625055192519 
 0.719685673001  0.719685673003 
 0.828642772855  0.82864277293 
 0.95409547635  0.954095476478 
 1.09854114199  1.09854114213 
 1.26485521686  1.26485521691 
 1.4563484775  1.4563484768 
 1.67683293681  1.67683293614 
 1.93069772888  1.93069772926 
 2.22299648253  2.22299648472 
 2.5595479227  2.55954791899 
 2.94705170255  2.94705169205 
 3.3932217719  3.39322174442 
 3.90693993705  3.90693988079 
 4.49843266897  4.49843253892 
 5.17947467923  5.17947436478 
 5.96362331659  5.96362249079 
 6.86648845004  6.86648613731 
 7.90604321091  7.90603695039 
 9.10298177992  9.1029639592 
 10.4811313415  10.4810778408 
 12.0679264064  12.0677575915 
 13.8949549437  13.8943895936 
 15.9985871961  15.9965653351 
 18.4206996933  18.412941656 
 21.2095088792  21.1775285252 
 24.4205309455  24.2802562786 
 28.1176869797  27.4976813093 
 32.3745754282  30.0507357396 
 37.2759372031  31.2319220379 
 42.9193426013  31.5598901603 
 49.4171336132  31.648428964 
 56.8986602902  31.6995289358 
 65.512855686  31.7596672069 
 75.4312006335  31.8439744865 
 86.8511373751  31.9659868637 
 100.0  32.1454023309 
244.205309455 50 
 0.1  0.1 
 0.115139539933  0.115139539933 
 0.132571136559  0.132571136558 
 0.152641796718  0.152641796719 
 0.175751062485  0.175751062488 
 0.202358964773  0.202358964776 
 0.232995181052  0.232995181056 
 0.268269579528  0.268269579534 
 0.308884359648  0.308884359654 
 0.355648030622  0.355648030629 
 0.409491506238  0.409491506243 
 0.471486636346  0.471486636347 
 0.542867543932  0.542867543928 
 0.625055192527  0.625055192584 
 0.719685673001  0.719685673122 
 0.828642772855  0.828642773036 
 0.95409547635  0.954095476541 
 1.09854114199  1.09854114205 
 1.26485521686  1.26485521664 
 1.4563484775  1.45634847686 
 1.67683293681  1.67683293857 
 1.93069772888  1.93069773228 
 2.22299648253  2.22299647731 
 2.5595479227  2.55954791663 
 2.94705170255  2.94705169734 
 3.3932217719  3.39322178488 
 3.90693993705  3.90693986197 
 4.49843266897  4.49843249337 
 5.17947467923  5.17947423483 
 5.96362331659  5.96362214467 
 6.86648845004  6.86648512999 
 7.90604321091  7.90603391828 
 9.10298177992  9.10295583423 
 10.4811313415  10.4810568445 
 12.0679264064  12.0676974236 
 13.8949549437  13.8942064714 
 15.9985871961  15.9959686973 
 18.4206996933  18.4108522776 
 21.2095088792  21.1696729905 
 24.4205309455  24.2493529259 
 28.1176869797  27.3841987237 
 32.3745754282  29.7615565879 
 37.2759372031  30.8063649364 
 42.9193426013  31.1013365506 
 49.4171336132  31.2027367473 
 56.8986602902  31.2858360254 
 65.512855686  31.3946263877 
 75.4312006335  31.5502212927 
 86.8511373751  31.7777226345 
 100.0  32.116116477 
409.491506238 50 
 0.1  0.100000000001 
 0.115139539933  0.115139539935 
 0.132571136559  0.132571136563 
 0.152641796718  0.152641796722 
 0.175751062485  0.175751062492 
 0.202358964773  0.202358964778 
 0.232995181052  0.232995181058 
 0.268269579528  0.268269579536 
 0.308884359648  0.308884359655 
 0.355648030622  0.355648030626 
 0.409491506238  0.409491506232 
 0.471486636346  0.471486636388 
 0.542867543932  0.542867544024 
 0.625055192527  0.625055192691 
 0.719685673001  0.719685673237 
 0.828642772855  0.828642773086 
 0.95409547635  0.954095476362 
 1.09854114199  1.09854114203 
 1.26485521686  1.26485521661 
 1.4563484775  1.45634847969 
 1.67683293681  1.67683294098 
 1.93069772888  1.9306977229 
 2.22299648253  2.22299648123 
 2.5595479227  2.55954791992 
 2.94705170255  2.94705169656 
 3.3932217719  3.39322173726 
 3.90693993705  3.90693988625 
 4.49843266897  4.4984324691 
 5.17947467923  5.17947417039 
 5.96362331659  5.96362191514 
 6.86648845004  6.86648450871 
 7.90604321091  7.90603187388 
 9.10298177992  9.10294887638 
 10.4811313415  10.481034578 
 12.0679264064  12.067634957 
 13.8949549437  13.894019753 
 15.9985871961  15.9953644861 
 18.4206996933  18.4087461686 
 21.2095088792  21.1617955036 
 24.4205309455  24.2187214219 
 28.1176869797  27.2753581561 
 32.3745754282  29.5009865285 
 37.2759372031  30.4427038855 
 42.9193426013  30.7251628536 
 49.4171336132  30.8580810305 
 56.8986602902  30.9986970128 
 65.512855686  31.1939713688 
 75.4312006335  31.4784266566 
 86.8511373751  31.9017077345 
 100.0  32.5469905996 
686.648845004 50 
 0.1  0.100000000002 
 0.115139539933  0.115139539936 
 0.132571136559  0.132571136564 
 0.152641796718  0.152641796724 
 0.175751062485  0.175751062494 
 0.202358964773  0.202358964782 
 0.232995181052  0.23299518106 
 0.268269579528  0.268269579532 
 0.308884359648  0.30888435965 
 0.355648030622  0.355648030658 
 0.409491506238  0.409491506306 
 0.471486636346  0.471486636474 
 0.542867543932  0.542867544147 
 0.625055192527  0.625055192823 
 0.719685673001  0.719685673276 
 0.828642772855  0.828642772733 
 0.95409547635  0.954095476415 
 1.09854114199  1.09854114205 
 1.26485521686  1.26485521924 
 1.4563484775  1.45634848122 
 1.67683293681  1.67683292942 
 1.93069772888  1.9306977299 
 2.22299648253  2.22299648224 
 2.5595479227  2.55954791699 
 2.94705170255  2.94705167988 
 3.3932217719  3.39322172722 
 3.90693993705  3.90693984503 
 4.49843266897  4.49843243986 
 5.17947467923  5.17947412253 
 5.96362331659  5.96362179232 
 6.86648845004  6.86648412274 
 7.90604321091  7.90603075309 
 9.10298177992  9.10294452783 
 10.4811313415  10.4810190939 
 12.0679264064  12.0675762629 
 13.8949549437  13.893831582 
 15.9985871961  15.9947577037 
 18.4206996933  18.4066345374 
 21.2095088792  21.1539298305 
 24.4205309455  24.1884479502 
 28.1176869797  27.1710981919 
 32.3745754282  29.2654522369 
 37.2759372031  30.1320579893 
 42.9193426013  30.4255840919 
 49.4171336132  30.6197529227 
 56.8986602902  30.8626086361 
 65.512855686  31.2137883098 
 75.4312006335  31.7386050626 
 86.8511373751  32.5469581824 
 100.0  33.8509941285 
1151.39539933 50 
 0.1  0.100000000007 
 0.115139539933  0.115139539941 
 0.132571136559  0.132571136569 
 0.152641796718  0.152641796727 
 0.175751062485  0.175751062493 
 0.202358964773  0.202358964775 
 0.232995181052  0.232995181054 
 0.268269579528  0.268269579563 
 0.308884359648  0.308884359703 
 0.355648030622  0.355648030725 
 0.409491506238  0.409491506415 
 0.471486636346  0.471486636555 
 0.542867543932  0.542867544037 
 0.625055192527  0.625055192786 
 0.719685673001  0.719685673053 
 0.828642772855  0.828642772978 
 0.95409547635  0.954095476612 
 1.09854114199  1.09854114427 
 1.26485521686  1.26485522109 
 1.4563484775  1.45634847418 
 1.67683293681  1.6768329395 
 1.93069772888  1.93069773161 
 2.22299648253  2.22299648274 
 2.5595479227  2.55954792855 
 2.94705170255  2.94705169795 
 3.3932217719  3.39322173489 
 3.90693993705  3.9069398355 
 4.49843266897  4.49843240458 
 5.17947467923  5.1794740915 
 5.96362331659  5.96362172475 
 6.86648845004  6.86648388704 
 7.90604321091  7.90602980956 
 9.10298177992  9.1029419287 
 10.4811313415  10.4810089954 
 12.0679264064  12.0675387826 
 13.8949549437  13.8936730341 
 15.9985871961  15.9941537082 
 18.4206996933  18.4045237451 
 21.2095088792  21.1460866329 
 24.4205309455  24.1585664188 
 28.1176869797  27.0713128618 
 32.3745754282  29.0527573643 
 37.2759372031  29.8715278182 
 42.9193426013  30.2086707847 
 49.4171336132  30.5140513648 
 56.8986602902  30.9397288037 
 65.512855686  31.5805107348 
 75.4312006335  32.5820321305 
 86.8511373751  34.2422492335 
 100.0  63.0487227815 
1930.69772888 50 
 0.1  0.10000000001 
 0.115139539933  0.115139539942 
 0.132571136559  0.132571136564 
 0.152641796718  0.152641796717 
 0.175751062485  0.175751062493 
 0.202358964773  0.20235896481 
 0.232995181052  0.232995181104 
 0.268269579528  0.268269579573 
 0.308884359648  0.308884359735 
 0.355648030622  0.355648030626 
 0.409491506238  0.409491506346 
 0.471486636346  0.47148663673 
 0.542867543932  0.542867543968 
 0.625055192527  0.625055192765 
 0.719685673001  0.719685673102 
 0.828642772855  0.828642773656 
 0.95409547635  0.954095478393 
 1.09854114199  1.09854114666 
 1.26485521686  1.26485520937 
 1.4563484775  1.45634847809 
 1.67683293681  1.67683293973 
 1.93069772888  1.93069773095 
 2.22299648253  2.22299649031 
 2.5595479227  2.55954790208 
 2.94705170255  2.9470517038 
 3.3932217719  3.39322172389 
 3.90693993705  3.90693981885 
 4.49843266897  4.49843241677 
 5.17947467923  5.17947407082 
 5.96362331659  5.96362167632 
 6.86648845004  6.86648374472 
 7.90604321091  7.90602930668 
 9.10298177992  9.10294031669 
 10.4811313415  10.481003185 
 12.0679264064  12.0675159439 
 13.8949549437  13.8935775054 
 15.9985871961  15.9937153094 
 18.4206996933  18.4025216524 
 21.2095088792  21.1382714957 
 24.4205309455  24.129096275 
 28.1176869797  26.9759979961 
 32.3745754282  28.8623800242 
 37.2759372031  29.6647353501 
 42.9193426013  30.0954457912 
 49.4171336132  30.5984240844 
 56.8986602902  31.3575087222 
 65.512855686  32.5658376459 
 75.4312006335  39.1378372953 
 86.8511373751  61.9283899478 
 100.0  80.4366472762 
3237.45754282 50 
 0.1  0.1 
 0.115139539933  0.115139539938 
 0.132571136559  0.132571136572 
 0.152641796718  0.15264179672 
 0.175751062485  0.175751062494 
 0.202358964773  0.202358964822 
 0.232995181052  0.232995181097 
 0.268269579528  0.268269579544 
 0.308884359648  0.308884359756 
 0.355648030622  0.355648030754 
 0.409491506238  0.409491506501 
 0.471486636346  0.471486636508 
 0.542867543932  0.542867544381 
 0.625055192527  0.625055192862 
 0.719685673001  0.719685673594 
 0.828642772855  0.828642774453 
 0.95409547635  0.954095478916 
 1.09854114199  1.09854114244 
 1.26485521686  1.26485521749 
 1.4563484775  1.45634847701 
 1.67683293681  1.67683293872 
 1.93069772888  1.93069772786 
 2.22299648253  2.22299647255 
 2.5595479227  2.55954791931 
 2.94705170255  2.94705171448 
 3.3932217719  3.39322173886 
 3.90693993705  3.90693980984 
 4.49843266897  4.49843238286 
 5.17947467923  5.17947414209 
 5.96362331659  5.96362160876 
 6.86648845004  6.86648362745 
 7.90604321091  7.90602909661 
 9.10298177992  9.10293920113 
 10.4811313415  10.4809998676 
 12.0679264064  12.0675027594 
 13.8949549437  13.8935206754 
 15.9985871961  15.9934530824 
 18.4206996933  18.4012253934 
 21.2095088792  21.131515149 
 24.4205309455  24.1000886134 
 28.1176869797  26.8853792919 
 32.3745754282  28.6959881381 
 37.2759372031  29.5236848625 
 42.9193426013  30.1284578594 
 49.4171336132  30.9812984647 
 56.8986602902  32.3684381678 
 65.512855686  42.7403985792 
 75.4312006335  58.3976902585 
 86.8511373751  73.2063874714 
 100.0  88.9629147191 
5428.67543932 50 
 0.1  0.100000000003 
 0.115139539933  0.115139539939 
 0.132571136559  0.132571136601 
 0.152641796718  0.152641796774 
 0.175751062485  0.175751062516 
 0.202358964773  0.202358964811 
 0.232995181052  0.232995181176 
 0.268269579528  0.268269579604 
 0.308884359648  0.308884360004 
 0.355648030622  0.355648030736 
 0.409491506238  0.40949150666 
 0.471486636346  0.471486636521 
 0.542867543932  0.542867544219 
 0.625055192527  0.625055192943 
 0.719685673001  0.719685673917 
 0.828642772855  0.828642769244 
 0.95409547635  0.954095477941 
 1.09854114199  1.09854114173 
 1.26485521686  1.26485521581 
 1.4563484775  1.45634847642 
 1.67683293681  1.67683293718 
 1.93069772888  1.93069772946 
 2.22299648253  2.22299647031 
 2.5595479227  2.55954789907 
 2.94705170255  2.94705169172 
 3.3932217719  3.39322173784 
 3.90693993705  3.90693983018 
 4.49843266897  4.4984323863 
 5.17947467923  5.17947401256 
 5.96362331659  5.96362157409 
 6.86648845004  6.86648361425 
 7.90604321091  7.90602894057 
 9.10298177992  9.10293886861 
 10.4811313415  10.4809978506 
 12.0679264064  12.0674944306 
 13.8949549437  13.8934857882 
 15.9985871961  15.9932973472 
 18.4206996933  18.4004492443 
 21.2095088792  21.1274325812 
 24.4205309455  24.0784609941 
 28.1176869797  26.802556519 
 32.3745754282  28.5583537671 
 37.2759372031  29.4721635821 
 42.9193426013  30.3823535395 
 49.4171336132  31.8553009854 
 56.8986602902  40.8425397676 
 65.512855686  53.7713405779 
 75.4312006335  65.9003474278 
 86.8511373751  79.0530889133 
 100.0  93.6094745698 
9102.98177992 50 
 0.1  0.100000000057 
 0.115139539933  0.115139539974 
 0.132571136559  0.132571136576 
 0.152641796718  0.152641796773 
 0.175751062485  0.175751062483 
 0.202358964773  0.202358964885 
 0.232995181052  0.232995181377 
 0.268269579528  0.268269579645 
 0.308884359648  0.30888436002 
 0.355648030622  0.355648030692 
 0.409491506238  0.409491506818 
 0.471486636346  0.471486636279 
 0.542867543932  0.542867544166 
 0.625055192527  0.625055194312 
 0.719685673001  0.719685673626 
 0.828642772855  0.828642775189 
 0.95409547635  0.954095476441 
 1.09854114199  1.09854114422 
 1.26485521686  1.26485521614 
 1.4563484775  1.45634848369 
 1.67683293681  1.67683293441 
 1.93069772888  1.93069773094 
 2.22299648253  2.22299646453 
 2.5595479227  2.55954791105 
 2.94705170255  2.94705168552 
 3.3932217719  3.39322171561 
 3.90693993705  3.90693988699 
 4.49843266897  4.49843237721 
 5.17947467923  5.17947411861 
 5.96362331659  5.96362158376 
 6.86648845004  6.86648358886 
 7.90604321091  7.90602881891 
 9.10298177992  9.10293838376 
 10.4811313415  10.4809963808 
 12.0679264064  12.0674894023 
 13.8949549437  13.893466024 
 15.9985871961  15.9932033708 
 18.4206996933  18.399989622 
 21.2095088792  21.1250206135 
 24.4205309455  24.0659932267 
 28.1176869797  26.7534743266 
 32.3745754282  28.4754794579 
 37.2759372031  29.5504656073 
 42.9193426013  30.9760589194 
 49.4171336132  33.529260849 
 56.8986602902  48.7237244827 
 65.512855686  58.8501435181 
 75.4312006335  69.9318812914 
 86.8511373751  82.3075057832 
 100.0  96.2516250403 
15264.1796718 50 
 0.1  0.100000000056 
 0.115139539933  0.115139539948 
 0.132571136559  0.132571136613 
 0.152641796718  0.152641797187 
 0.175751062485  0.175751062489 
 0.202358964773  0.202358964935 
 0.232995181052  0.232995181145 
 0.268269579528  0.268269579613 
 0.308884359648  0.308884360166 
 0.355648030622  0.355648030883 
 0.409491506238  0.409491506451 
 0.471486636346  0.471486637013 
 0.542867543932  0.542867544742 
 0.625055192527  0.62505519291 
 0.719685673001  0.719685676187 
 0.828642772855  0.828642773346 
 0.95409547635  0.954095482539 
 1.09854114199  1.09854114428 
 1.26485521686  1.26485521327 
 1.4563484775  1.45634848145 
 1.67683293681  1.67683292875 
 1.93069772888  1.93069772511 
 2.22299648253  2.22299647607 
 2.5595479227  2.5595479239 
 2.94705170255  2.947051691 
 3.3932217719  3.3932217317 
 3.90693993705  3.9069398132 
 4.49843266897  4.49843238055 
 5.17947467923  5.17947399262 
 5.96362331659  5.96362155668 
 6.86648845004  6.86648334606 
 7.90604321091  7.90602877091 
 9.10298177992  9.10293821068 
 10.4811313415  10.4809955579 
 12.0679264064  12.0674867203 
 13.8949549437  13.8934532712 
 15.9985871961  15.993148386 
 18.4206996933  18.3997161362 
 21.2095088792  21.1236065447 
 24.4205309455  24.0591150641 
 28.1176869797  26.7334761635 
 32.3745754282  28.5076194876 
 37.2759372031  29.9103402324 
 42.9193426013  32.0756599425 
 49.4171336132  43.5663246816 
 56.8986602902  52.2320689252 
 65.512855686  61.6416378146 
 75.4312006335  72.2112208948 
 86.8511373751  84.1770429617 
 100.0  97.7858840986 
25595.479227 50 
 0.1  0.100000000462 
 0.115139539933  0.115139540083 
 0.132571136559  0.132571136664 
 0.152641796718  0.152641796748 
 0.175751062485  0.175751062941 
 0.202358964773  0.202358964943 
 0.232995181052  0.232995181173 
 0.268269579528  0.268269579781 
 0.308884359648  0.308884359846 
 0.355648030622  0.355648030996 
 0.409491506238  0.409491506535 
 0.471486636346  0.471486637671 
 0.542867543932  0.54286754478 
 0.625055192527  0.625055197405 
 0.719685673001  0.719685673997 
 0.828642772855  0.828642775498 
 0.95409547635  0.954095476237 
 1.09854114199  1.09854114368 
 1.26485521686  1.26485522094 
 1.4563484775  1.45634846696 
 1.67683293681  1.67683293664 
 1.93069772888  1.93069773353 
 2.22299648253  2.22299648138 
 2.5595479227  2.55954790303 
 2.94705170255  2.94705167916 
 3.3932217719  3.39322175386 
 3.90693993705  3.90693983598 
 4.49843266897  4.49843237535 
 5.17947467923  5.17947403713 
 5.96362331659  5.96362145341 
 6.86648845004  6.86648341778 
 7.90604321091  7.90602873557 
 9.10298177992  9.10293813599 
 10.4811313415  10.4809952592 
 12.0679264064  12.0674848442 
 13.8949549437  13.8934458047 
 15.9985871961  15.993114826 
 18.4206996933  18.3995555859 
 21.2095088792  21.1228084641 
 24.4205309455  24.0558863834 
 28.1176869797  26.7357723744 
 32.3745754282  28.6545036929 
 37.2759372031  30.6824365673 
 42.9193426013  38.6721861594 
 49.4171336132  46.1652906824 
 56.8986602902  54.1762574011 
 65.512855686  63.2376958823 
 75.4312006335  73.5310260881 
 86.8511373751  85.2685882963 
 100.0  98.686948658 
42919.3426013 50 
 0.1  0.100000000029 
 0.115139539933  0.115139540414 
 0.132571136559  0.132571136634 
 0.152641796718  0.152641796763 
 0.175751062485  0.175751062597 
 0.202358964773  0.202358965978 
 0.232995181052  0.232995181126 
 0.268269579528  0.268269579737 
 0.308884359648  0.308884359836 
 0.355648030622  0.355648031201 
 0.409491506238  0.4094915066 
 0.471486636346  0.471486637762 
 0.542867543932  0.542867544956 
 0.625055192527  0.625055195323 
 0.719685673001  0.719685675282 
 0.828642772855  0.828642775827 
 0.95409547635  0.954095478206 
 1.09854114199  1.09854114749 
 1.26485521686  1.26485521883 
 1.4563484775  1.45634847483 
 1.67683293681  1.67683292314 
 1.93069772888  1.93069772438 
 2.22299648253  2.2229964921 
 2.5595479227  2.55954791017 
 2.94705170255  2.94705167626 
 3.3932217719  3.39322172016 
 3.90693993705  3.90693981565 
 4.49843266897  4.49843239211 
 5.17947467923  5.1794740514 
 5.96362331659  5.96362157221 
 6.86648845004  6.86648331929 
 7.90604321091  7.90602849474 
 9.10298177992  9.1029380385 
 10.4811313415  10.4809947514 
 12.0679264064  12.0674838844 
 13.8949549437  13.8934413345 
 15.9985871961  15.9930979166 
 18.4206996933  18.3994643906 
 21.2095088792  21.1224059506 
 24.4205309455  24.0553944514 
 28.1176869797  26.7597863926 
 32.3745754282  28.9290647837 
 37.2759372031  31.8178831641 
 42.9193426013  41.1678044223 
 49.4171336132  47.7799135037 
 56.8986602902  55.3479434519 
 65.512855686  64.1674242341 
 75.4312006335  74.3049418757 
 86.8511373751  85.9116034499 
 100.0  99.2195250847 
71968.5673001 50 
 0.1  0.100000000057 
 0.115139539933  0.115139540168 
 0.132571136559  0.132571137287 
 0.152641796718  0.152641796711 
 0.175751062485  0.175751062727 
 0.202358964773  0.202358965971 
 0.232995181052  0.232995181117 
 0.268269579528  0.268269583172 
 0.308884359648  0.308884359882 
 0.355648030622  0.355648030826 
 0.409491506238  0.409491506578 
 0.471486636346  0.471486636791 
 0.542867543932  0.542867545368 
 0.625055192527  0.625055193083 
 0.719685673001  0.719685673789 
 0.828642772855  0.828642773707 
 0.95409547635  0.954095469356 
 1.09854114199  1.09854114053 
 1.26485521686  1.26485521624 
 1.4563484775  1.45634848102 
 1.67683293681  1.67683293536 
 1.93069772888  1.93069772042 
 2.22299648253  2.22299647905 
 2.5595479227  2.55954791993 
 2.94705170255  2.94705166721 
 3.3932217719  3.3932216999 
 3.90693993705  3.90693987518 
 4.49843266897  4.49843239758 
 5.17947467923  5.17947401656 
 5.96362331659  5.96362153067 
 6.86648845004  6.86648341636 
 7.90604321091  7.9060283944 
 9.10298177992  9.10293787858 
 10.4811313415  10.4809946643 
 12.0679264064  12.067483194 
 13.8949549437  13.8934386428 
 15.9985871961  15.9930845222 
 18.4206996933  18.3994152171 
 21.2095088792  21.1222872302 
 24.4205309455  24.0574579167 
 28.1176869797  26.8094851673 
 32.3745754282  29.3426462145 
 37.2759372031  36.0813752 
 42.9193426013  42.200186349 
 49.4171336132  48.670896493 
 56.8986602902  56.1275596403 
 65.512855686  64.7601567546 
 75.4312006335  74.7619657945 
 86.8511373751  86.2923229261 
 100.0  99.5354647971 
120679.264064 50 
 0.1  0.100000000008 
 0.115139539933  0.115139539956 
 0.132571136559  0.13257113755 
 0.152641796718  0.15264179677 
 0.175751062485  0.175751063666 
 0.202358964773  0.20235896487 
 0.232995181052  0.232995180979 
 0.268269579528  0.268269579436 
 0.308884359648  0.308884359838 
 0.355648030622  0.355648030772 
 0.409491506238  0.409491506891 
 0.471486636346  0.47148663655 
 0.542867543932  0.542867545076 
 0.625055192527  0.625055193051 
 0.719685673001  0.719685674211 
 0.828642772855  0.828642772906 
 0.95409547635  0.95409547888 
 1.09854114199  1.09854114269 
 1.26485521686  1.26485521957 
 1.4563484775  1.45634847295 
 1.67683293681  1.67683293948 
 1.93069772888  1.93069773061 
 2.22299648253  2.22299646959 
 2.5595479227  2.55954791511 
 2.94705170255  2.94705169296 
 3.3932217719  3.39322171088 
 3.90693993705  3.90693982402 
 4.49843266897  4.49843240218 
 5.17947467923  5.17947397047 
 5.96362331659  5.96362157566 
 6.86648845004  6.86648330384 
 7.90604321091  7.90602844036 
 9.10298177992  9.10293773281 
 10.4811313415  10.4809945769 
 12.0679264064  12.0674830071 
 13.8949549437  13.8934373996 
 15.9985871961  15.9930772574 
 18.4206996933  18.3993971675 
 21.2095088792  21.1224207742 
 24.4205309455  24.0625315061 
 28.1176869797  26.8919670201 
 32.3745754282  29.8809464531 
 37.2759372031  36.9640670556 
 42.9193426013  42.658927751 
 49.4171336132  49.1141222767 
 56.8986602902  56.5558804918 
 65.512855686  65.1481535533 
 75.4312006335  75.0668902665 
 86.8511373751  86.5186584509 
 100.0  99.7232907451 
202358.964773 50 
 0.1  0.100000000481 
 0.115139539933  0.115139540836 
 0.132571136559  0.132571136593 
 0.152641796718  0.152641796953 
 0.175751062485  0.175751062557 
 0.202358964773  0.202358966167 
 0.232995181052  0.232995181133 
 0.268269579528  0.268269579683 
 0.308884359648  0.3088843598 
 0.355648030622  0.355648031806 
 0.409491506238  0.409491506675 
 0.471486636346  0.471486636694 
 0.542867543932  0.542867544405 
 0.625055192527  0.625055194275 
 0.719685673001  0.719685674247 
 0.828642772855  0.828642776298 
 0.95409547635  0.95409548089 
 1.09854114199  1.09854114304 
 1.26485521686  1.26485521945 
 1.4563484775  1.4563484738 
 1.67683293681  1.676832927 
 1.93069772888  1.93069772433 
 2.22299648253  2.22299647863 
 2.5595479227  2.55954791053 
 2.94705170255  2.94705167792 
 3.3932217719  3.39322171955 
 3.90693993705  3.90693982696 
 4.49843266897  4.49843238997 
 5.17947467923  5.17947397337 
 5.96362331659  5.96362145605 
 6.86648845004  6.86648338795 
 7.90604321091  7.90602846636 
 9.10298177992  9.10293755547 
 10.4811313415  10.4809948316 
 12.0679264064  12.0674824911 
 13.8949549437  13.8934362926 
 15.9985871961  15.9930751665 
 18.4206996933  18.3994040444 
 21.2095088792  21.1228348343 
 24.4205309455  24.0717044436 
 28.1176869797  27.0146099155 
 32.3745754282  30.4874487534 
 37.2759372031  37.1851203661 
 42.9193426013  42.82838135 
 49.4171336132  49.3085283153 
 56.8986602902  56.7658773537 
 65.512855686  65.3561574152 
 75.4312006335  75.2597894606 
 86.8511373751  86.675816558 
 100.0  99.8359899801 
339322.17719 50 
 0.1  0.100000000263 
 0.115139539933  0.115139539956 
 0.132571136559  0.132571137272 
 0.152641796718  0.152641796719 
 0.175751062485  0.175751063804 
 0.202358964773  0.202358966156 
 0.232995181052  0.232995181294 
 0.268269579528  0.268269579619 
 0.308884359648  0.308884359753 
 0.355648030622  0.355648031549 
 0.409491506238  0.409491506524 
 0.471486636346  0.471486636533 
 0.542867543932  0.542867545354 
 0.625055192527  0.625055195323 
 0.719685673001  0.719685675901 
 0.828642772855  0.828642773927 
 0.95409547635  0.954095478617 
 1.09854114199  1.09854114656 
 1.26485521686  1.2648552163 
 1.4563484775  1.45634848249 
 1.67683293681  1.67683293898 
 1.93069772888  1.93069773044 
 2.22299648253  2.22299647836 
 2.5595479227  2.55954792201 
 2.94705170255  2.9470516864 
 3.3932217719  3.39322172643 
 3.90693993705  3.90693989173 
 4.49843266897  4.49843238839 
 5.17947467923  5.17947399995 
 5.96362331659  5.96362146298 
 6.86648845004  6.86648342722 
 7.90604321091  7.90602830335 
 9.10298177992  9.10293735045 
 10.4811313415  10.4809943936 
 12.0679264064  12.0674825515 
 13.8949549437  13.8934358866 
 15.9985871961  15.9930781402 
 18.4206996933  18.3994394152 
 21.2095088792  21.12363975 
 24.4205309455  24.0867145273 
 28.1176869797  27.1794921637 
 32.3745754282  32.2720598741 
 37.2759372031  37.2466658634 
 42.9193426013  42.8873413182 
 49.4171336132  49.3785246354 
 56.8986602902  56.8513948627 
 65.512855686  65.4547740579 
 75.4312006335  75.3604475652 
 86.8511373751  86.7712170395 
 100.0  99.9161560232 
568986.602902 50 
 0.1  0.100000000006 
 0.115139539933  0.115139540575 
 0.132571136559  0.132571137244 
 0.152641796718  0.152641798297 
 0.175751062485  0.175751062895 
 0.202358964773  0.202358964832 
 0.232995181052  0.232995181488 
 0.268269579528  0.268269581358 
 0.308884359648  0.308884359779 
 0.355648030622  0.355648030726 
 0.409491506238  0.40949150642 
 0.471486636346  0.471486636551 
 0.542867543932  0.542867544895 
 0.625055192527  0.625055193802 
 0.719685673001  0.719685673813 
 0.828642772855  0.828642774265 
 0.95409547635  0.95409547667 
 1.09854114199  1.09854114316 
 1.26485521686  1.26485521953 
 1.4563484775  1.45634848042 
 1.67683293681  1.67683293083 
 1.93069772888  1.93069773154 
 2.22299648253  2.22299647181 
 2.5595479227  2.55954791989 
 2.94705170255  2.94705167339 
 3.3932217719  3.3932217305 
 3.90693993705  3.90693983212 
 4.49843266897  4.49843235732 
 5.17947467923  5.17947397809 
 5.96362331659  5.96362150601 
 6.86648845004  6.86648328144 
 7.90604321091  7.90602839709 
 9.10298177992  9.10293754342 
 10.4811313415  10.4809945583 
 12.0679264064  12.067482763 
 13.8949549437  13.8934360193 
 15.9985871961  15.993078315 
 18.4206996933  18.3995106714 
 21.2095088792  21.125024634 
 24.4205309455  24.1097702026 
 28.1176869797  27.3763771195 
 32.3745754282  32.3604509338 
 37.2759372031  37.2660722663 
 42.9193426013  42.9080347616 
 49.4171336132  49.40341022 
 56.8986602902  56.8818460552 
 65.512855686  65.4921913254 
 75.4312006335  75.4057396736 
 86.8511373751  86.8196797586 
 100.0  99.9630700897 
954095.47635 50 
 0.1  0.100000000475 
 0.115139539933  0.115139541755 
 0.132571136559  0.132571138103 
 0.152641796718  0.152641796761 
 0.175751062485  0.175751064009 
 0.202358964773  0.202358964796 
 0.232995181052  0.232995181123 
 0.268269579528  0.268269579655 
 0.308884359648  0.308884360534 
 0.355648030622  0.355648030757 
 0.409491506238  0.409491506433 
 0.471486636346  0.47148663659 
 0.542867543932  0.542867544351 
 0.625055192527  0.625055193132 
 0.719685673001  0.719685673615 
 0.828642772855  0.828642770643 
 0.95409547635  0.954095478171 
 1.09854114199  1.09854114486 
 1.26485521686  1.26485521623 
 1.4563484775  1.45634847992 
 1.67683293681  1.67683293781 
 1.93069772888  1.93069771204 
 2.22299648253  2.22299646892 
 2.5595479227  2.55954789859 
 2.94705170255  2.94705169746 
 3.3932217719  3.39322172506 
 3.90693993705  3.90693983077 
 4.49843266897  4.4984323789 
 5.17947467923  5.17947398769 
 5.96362331659  5.96362155503 
 6.86648845004  6.86648340026 
 7.90604321091  7.90602834805 
 9.10298177992  9.1029373467 
 10.4811313415  10.4809941113 
 12.0679264064  12.067482445 
 13.8949549437  13.8934370182 
 15.9985871961  15.993085497 
 18.4206996933  18.3996387835 
 21.2095088792  21.1272990735 
 24.4205309455  24.1428509682 
 28.1176869797  27.5806035325 
 32.3745754282  32.3708759166 
 37.2759372031  37.2725348588 
 42.9193426013  42.9153372874 
 49.4171336132  49.4122549621 
 56.8986602902  56.892680119 
 65.512855686  65.505505713 
 75.4312006335  75.4221444364 
 86.8511373751  86.8399469078 
 100.0  99.9861260956 
1599858.71961 50 
 0.1  0.100000000584 
 0.115139539933  0.115139540056 
 0.132571136559  0.132571137281 
 0.152641796718  0.152641798534 
 0.175751062485  0.175751063611 
 0.202358964773  0.202358964878 
 0.232995181052  0.232995181173 
 0.268269579528  0.268269581889 
 0.308884359648  0.308884359685 
 0.355648030622  0.355648031085 
 0.409491506238  0.409491506808 
 0.471486636346  0.47148663653 
 0.542867543932  0.542867546331 
 0.625055192527  0.625055193119 
 0.719685673001  0.719685673526 
 0.828642772855  0.828642773935 
 0.95409547635  0.954095484176 
 1.09854114199  1.09854114094 
 1.26485521686  1.26485521793 
 1.4563484775  1.45634847786 
 1.67683293681  1.67683293487 
 1.93069772888  1.93069772778 
 2.22299648253  2.22299647113 
 2.5595479227  2.5595479125 
 2.94705170255  2.94705168127 
 3.3932217719  3.39322170694 
 3.90693993705  3.9069398658 
 4.49843266897  4.49843236167 
 5.17947467923  5.17947405559 
 5.96362331659  5.9636215004 
 6.86648845004  6.86648335876 
 7.90604321091  7.90602833486 
 9.10298177992  9.10293753216 
 10.4811313415  10.4809946399 
 12.0679264064  12.0674820678 
 13.8949549437  13.89343733 
 15.9985871961  15.9930984407 
 18.4206996933  18.3998532044 
 21.2095088792  21.1309043248 
 24.4205309455  24.1862760304 
 28.1176869797  28.0626753398 
 32.3745754282  32.3734373269 
 37.2759372031  37.2747479916 
 42.9193426013  42.9179207504 
 49.4171336132  49.4153980333 
 56.8986602902  56.8965335499 
 65.512855686  65.5102417308 
 75.4312006335  75.4279798727 
 86.8511373751  86.8471575802 
 100.0  99.9950658575 
2682695.79528 50 
 0.1  0.100000001672 
 0.115139539933  0.115139540373 
 0.132571136559  0.132571136621 
 0.152641796718  0.152641796931 
 0.175751062485  0.175751063588 
 0.202358964773  0.20235896477 
 0.232995181052  0.232995181183 
 0.268269579528  0.268269579875 
 0.308884359648  0.308884359769 
 0.355648030622  0.355648030917 
 0.409491506238  0.409491506796 
 0.471486636346  0.471486636771 
 0.542867543932  0.542867544879 
 0.625055192527  0.625055192953 
 0.719685673001  0.71968567249 
 0.828642772855  0.828642774121 
 0.95409547635  0.954095480554 
 1.09854114199  1.09854114399 
 1.26485521686  1.26485521866 
 1.4563484775  1.45634848236 
 1.67683293681  1.67683292286 
 1.93069772888  1.93069772775 
 2.22299648253  2.22299648335 
 2.5595479227  2.55954792401 
 2.94705170255  2.94705167256 
 3.3932217719  3.39322169555 
 3.90693993705  3.90693982569 
 4.49843266897  4.49843238049 
 5.17947467923  5.17947411855 
 5.96362331659  5.96362152424 
 6.86648845004  6.86648332534 
 7.90604321091  7.90602839335 
 9.10298177992  9.10293742575 
 10.4811313415  10.4809941207 
 12.0679264064  12.0674819689 
 13.8949549437  13.893438749 
 15.9985871961  15.9931199898 
 18.4206996933  18.4002080183 
 21.2095088792  21.1363735077 
 24.4205309455  24.2370249995 
 28.1176869797  28.1170193656 
 32.3745754282  32.3742006899 
 37.2759372031  37.2755185879 
 42.9193426013  42.9188375154 
 49.4171336132  49.4165162918 
 56.8986602902  56.8979032328 
 65.512855686  65.5119251483 
 75.4312006335  75.4300540599 
 86.8511373751  86.8497205433 
 100.0  99.9982453212 
4498432.66897 50 
 0.1  0.10000000114 
 0.115139539933  0.115139541072 
 0.132571136559  0.132571136552 
 0.152641796718  0.152641796785 
 0.175751062485  0.175751062598 
 0.202358964773  0.202358967011 
 0.232995181052  0.232995184364 
 0.268269579528  0.268269579732 
 0.308884359648  0.308884359784 
 0.355648030622  0.355648030903 
 0.409491506238  0.409491506363 
 0.471486636346  0.471486637319 
 0.542867543932  0.542867544177 
 0.625055192527  0.625055192887 
 0.719685673001  0.719685673331 
 0.828642772855  0.828642775908 
 0.95409547635  0.954095478057 
 1.09854114199  1.098541142 
 1.26485521686  1.26485521666 
 1.4563484775  1.45634847982 
 1.67683293681  1.67683294268 
 1.93069772888  1.93069772827 
 2.22299648253  2.22299648087 
 2.5595479227  2.5595479146 
 2.94705170255  2.94705167279 
 3.3932217719  3.3932217359 
 3.90693993705  3.90693982666 
 4.49843266897  4.498432369 
 5.17947467923  5.17947394437 
 5.96362331659  5.96362152151 
 6.86648845004  6.86648335232 
 7.90604321091  7.90602840279 
 9.10298177992  9.10293734268 
 10.4811313415  10.4809941607 
 12.0679264064  12.0674823913 
 13.8949549437  13.8934412749 
 15.9985871961  15.9931574713 
 18.4206996933  18.4007827183 
 21.2095088792  21.1441818459 
 24.4205309455  24.288583671 
 28.1176869797  28.1175358404 
 32.3745754282  32.3744477503 
 37.2759372031  37.2757891813 
 42.9193426013  42.9191630479 
 49.4171336132  49.4169140058 
 56.8986602902  56.8983909548 
 65.512855686  65.5125246246 
 75.4312006335  75.4307926912 
 86.8511373751  86.8506332519 
 100.0  99.9993749336 
7543120.06335 50 
 0.1  0.100000000014 
 0.115139539933  0.115139539954 
 0.132571136559  0.132571137555 
 0.152641796718  0.152641796744 
 0.175751062485  0.175751062526 
 0.202358964773  0.202358967105 
 0.232995181052  0.232995181172 
 0.268269579528  0.268269579676 
 0.308884359648  0.308884359774 
 0.355648030622  0.355648030743 
 0.409491506238  0.409491506465 
 0.471486636346  0.471486636409 
 0.542867543932  0.542867544392 
 0.625055192527  0.625055193209 
 0.719685673001  0.719685672901 
 0.828642772855  0.828642773959 
 0.95409547635  0.954095476679 
 1.09854114199  1.09854114466 
 1.26485521686  1.26485521706 
 1.4563484775  1.45634847536 
 1.67683293681  1.67683293891 
 1.93069772888  1.93069772354 
 2.22299648253  2.22299647298 
 2.5595479227  2.55954789898 
 2.94705170255  2.94705168795 
 3.3932217719  3.39322171738 
 3.90693993705  3.90693981875 
 4.49843266897  4.49843239162 
 5.17947467923  5.17947400574 
 5.96362331659  5.96362147843 
 6.86648845004  6.86648332731 
 7.90604321091  7.9060284338 
 9.10298177992  9.10293738429 
 10.4811313415  10.4809942479 
 12.0679264064  12.0674825283 
 13.8949549437  13.8934447276 
 15.9985871961  15.9932174397 
 18.4206996933  18.4016852738 
 21.2095088792  21.154407387 
 24.4205309455  24.3336201584 
 28.1176869797  28.1176427464 
 32.3745754282  32.3745311029 
 37.2759372031  37.2758847047 
 42.9193426013  42.9192787173 
 49.4171336132  49.4170554439 
 56.8986602902  56.8985644146 
 65.512855686  65.5127378384 
 75.4312006335  75.4310554228 
 86.8511373751  86.8509579366 
 100.0  99.9997775289 
12648552.1686 50 
 0.1  0.10000000056 
 0.115139539933  0.115139540634 
 0.132571136559  0.132571137978 
 0.152641796718  0.152641796885 
 0.175751062485  0.175751063952 
 0.202358964773  0.202358965426 
 0.232995181052  0.232995181065 
 0.268269579528  0.268269579606 
 0.308884359648  0.308884359788 
 0.355648030622  0.355648030742 
 0.409491506238  0.409491506737 
 0.471486636346  0.471486636938 
 0.542867543932  0.542867544247 
 0.625055192527  0.625055193009 
 0.719685673001  0.719685673919 
 0.828642772855  0.828642776009 
 0.95409547635  0.954095477613 
 1.09854114199  1.09854114427 
 1.26485521686  1.26485522049 
 1.4563484775  1.45634848656 
 1.67683293681  1.67683293472 
 1.93069772888  1.93069772495 
 2.22299648253  2.22299647662 
 2.5595479227  2.55954791225 
 2.94705170255  2.94705168045 
 3.3932217719  3.39322172213 
 3.90693993705  3.9069398205 
 4.49843266897  4.49843239655 
 5.17947467923  5.17947400052 
 5.96362331659  5.96362163477 
 6.86648845004  6.86648336499 
 7.90604321091  7.90602840065 
 9.10298177992  9.10293747709 
 10.4811313415  10.4809943491 
 12.0679264064  12.0674833238 
 13.8949549437  13.8934521055 
 15.9985871961  15.9933187891 
 18.4206996933  18.4030497851 
 21.2095088792  21.1663334394 
 24.4205309455  24.420500146 
 28.1176869797  28.1176727501 
 32.3745754282  32.374559878 
 37.2759372031  37.2759185476 
 42.9193426013  42.919319851 
 49.4171336132  49.4171057663 
 56.8986602902  56.8986261325 
 65.512855686  65.5128136984 
 75.4312006335  75.4311488958 
 86.8511373751  86.851073443 
 100.0  99.9999207391 
21209508.8792 50 
 0.1  0.100000000211 
 0.115139539933  0.115139541026 
 0.132571136559  0.132571138436 
 0.152641796718  0.152641796855 
 0.175751062485  0.175751064244 
 0.202358964773  0.202358967328 
 0.232995181052  0.232995181123 
 0.268269579528  0.268269579657 
 0.308884359648  0.308884360118 
 0.355648030622  0.355648030626 
 0.409491506238  0.409491506658 
 0.471486636346  0.471486636562 
 0.542867543932  0.542867544454 
 0.625055192527  0.625055193105 
 0.719685673001  0.719685675004 
 0.828642772855  0.828642774924 
 0.95409547635  0.954095476896 
 1.09854114199  1.0985411431 
 1.26485521686  1.26485521845 
 1.4563484775  1.45634847627 
 1.67683293681  1.67683293451 
 1.93069772888  1.93069772667 
 2.22299648253  2.22299647804 
 2.5595479227  2.55954790938 
 2.94705170255  2.94705167962 
 3.3932217719  3.39322172349 
 3.90693993705  3.90693982807 
 4.49843266897  4.49843236785 
 5.17947467923  5.17947400489 
 5.96362331659  5.96362149113 
 6.86648845004  6.86648333277 
 7.90604321091  7.9060284274 
 9.10298177992  9.10293759122 
 10.4811313415  10.4809943444 
 12.0679264064  12.0674838524 
 13.8949549437  13.8934635865 
 15.9985871961  15.9934803253 
 18.4206996933  18.4049891894 
 21.2095088792  21.1784310669 
 24.4205309455  24.4205248951 
 28.1176869797  28.1176821861 
 32.3745754282  32.374569987 
 37.2759372031  37.275930685 
 42.9193426013  42.9193345103 
 49.4171336132  49.4171237039 
 56.8986602902  56.8986481291 
 65.512855686  65.5128407289 
 75.4312006335  75.4311821913 
 86.8511373751  86.8511145689 
 100.0  99.9999717206 
35564803.0622 50 
 0.1  0.100000000005 
 0.115139539933  0.11513953996 
 0.132571136559  0.132571137717 
 0.152641796718  0.152641797546 
 0.175751062485  0.175751064356 
 0.202358964773  0.202358967445 
 0.232995181052  0.232995183694 
 0.268269579528  0.26826957972 
 0.308884359648  0.308884359947 
 0.355648030622  0.355648030759 
 0.409491506238  0.40949150659 
 0.471486636346  0.471486637306 
 0.542867543932  0.542867544501 
 0.625055192527  0.625055192922 
 0.719685673001  0.719685673609 
 0.828642772855  0.828642774121 
 0.95409547635  0.954095475865 
 1.09854114199  1.09854113962 
 1.26485521686  1.26485521609 
 1.4563484775  1.45634847487 
 1.67683293681  1.67683293438 
 1.93069772888  1.93069772463 
 2.22299648253  2.22299647418 
 2.5595479227  2.55954791214 
 2.94705170255  2.94705167413 
 3.3932217719  3.39322170181 
 3.90693993705  3.90693982314 
 4.49843266897  4.49843240406 
 5.17947467923  5.17947398926 
 5.96362331659  5.96362212878 
 6.86648845004  6.86648341452 
 7.90604321091  7.90602851768 
 9.10298177992  9.10293764519 
 10.4811313415  10.4809944391 
 12.0679264064  12.0674853371 
 13.8949549437  13.8934829226 
 15.9985871961  15.9937301906 
 18.4206996933  18.407510434 
 21.2095088792  21.188998984 
 24.4205309455  24.4205292518 
 28.1176869797  28.1176853286 
 32.3745754282  32.3745735097 
 37.2759372031  37.2759348879 
 42.9193426013  42.9193397806 
 49.4171336132  49.4171301677 
 56.8986602902  56.8986559651 
 65.512855686  65.5128505177 
 75.4312006335  75.4311942845 
 86.8511373751  86.8511292641 
 100.0  99.9999899353 
59636233.1659 50 
 0.1  0.100000000018 
 0.115139539933  0.115139539991 
 0.132571136559  0.13257113952 
 0.152641796718  0.152641798682 
 0.175751062485  0.175751063764 
 0.202358964773  0.202358964808 
 0.232995181052  0.232995181123 
 0.268269579528  0.268269579642 
 0.308884359648  0.308884360016 
 0.355648030622  0.355648030994 
 0.409491506238  0.409491506955 
 0.471486636346  0.47148663706 
 0.542867543932  0.542867547241 
 0.625055192527  0.625055192544 
 0.719685673001  0.719685674468 
 0.828642772855  0.828642773743 
 0.95409547635  0.954095476124 
 1.09854114199  1.09854114139 
 1.26485521686  1.2648552162 
 1.4563484775  1.45634847679 
 1.67683293681  1.67683293542 
 1.93069772888  1.93069772514 
 2.22299648253  2.22299647951 
 2.5595479227  2.55954791537 
 2.94705170255  2.94705168126 
 3.3932217719  3.39322171367 
 3.90693993705  3.90693980591 
 4.49843266897  4.49843240845 
 5.17947467923  5.17947402976 
 5.96362331659  5.9636214565 
 6.86648845004  6.86648340185 
 7.90604321091  7.90602847624 
 9.10298177992  9.10293763837 
 10.4811313415  10.4809946342 
 12.0679264064  12.0674876735 
 13.8949549437  13.8935142161 
 15.9985871961  15.9941085382 
 18.4206996933  18.410425216 
 21.2095088792  21.2095076555 
 24.4205309455  24.4205303689 
 28.1176869797  28.1176864009 
 32.3745754282  32.374574749 
 37.2759372031  37.2759363803 
 42.9193426013  42.9193415982 
 49.4171336132  49.4171323879 
 56.8986602902  56.8986587908 
 65.512855686  65.5128538479 
 75.4312006335  75.4311983755 
 86.8511373751  86.8511345943 
 100.0  99.9999965652 
100000000.0 50 
 0.1  0.100000000047 
 0.115139539933  0.115139540471 
 0.132571136559  0.132571138043 
 0.152641796718  0.152641798969 
 0.175751062485  0.175751065207 
 0.202358964773  0.20235896494 
 0.232995181052  0.232995181084 
 0.268269579528  0.268269579862 
 0.308884359648  0.308884361956 
 0.355648030622  0.35564803115 
 0.409491506238  0.409491506418 
 0.471486636346  0.471486637848 
 0.542867543932  0.542867544427 
 0.625055192527  0.625055194175 
 0.719685673001  0.719685674058 
 0.828642772855  0.828642775727 
 0.95409547635  0.95409547571 
 1.09854114199  1.09854114175 
 1.26485521686  1.26485521625 
 1.4563484775  1.45634847776 
 1.67683293681  1.67683293512 
 1.93069772888  1.93069772549 
 2.22299648253  2.22299647025 
 2.5595479227  2.55954791238 
 2.94705170255  2.94705168132 
 3.3932217719  3.3932217182 
 3.90693993705  3.90693982554 
 4.49843266897  4.49843239772 
 5.17947467923  5.17947403581 
 5.96362331659  5.96362160378 
 6.86648845004  6.86648345413 
 7.90604321091  7.90602863884 
 9.10298177992  9.10293782975 
 10.4811313415  10.4809950018 
 12.0679264064  12.0674920218 
 13.8949549437  13.8935650726 
 15.9985871961  15.9946391519 
 18.4206996933  18.4133513939 
 21.2095088792  21.2095086161 
 24.4205309455  24.4205307598 
 28.1176869797  28.1176867776 
 32.3745754282  32.3745751873 
 37.2759372031  37.2759369107 
 42.9193426013  42.9193422446 
 49.4171336132  49.4171331774 
 56.8986602902  56.8986597569 
 65.512855686  65.5128550322 
 75.4312006335  75.4311998305 
 86.8511373751  86.8511363861 
 100.0  99.9999987784 
