3.155760000000000000e+11
4.260678551890194702e+11
5.752459541453458252e+11
7.766554170433383789e+11
1.048583883947414429e+12
1.415722001734119873e+12
1.911405293250320068e+12
2.580640966651781250e+12
3.484194494113129395e+12
4.704107014374260742e+12
6.351144529983482422e+12
8.574855273802618164e+12
1.157714843671680273e+13
1.563062718215845898e+13
2.110334055429260156e+13
2.849220171144485156e+13
3.846810680409233594e+13
5.193685121556058594e+13
7.012137425750095312e+13
9.467280000000003125e+13
