7.479893534549998779e+11
8.383426823166302490e+11
9.396102360915822754e+11
1.053110397920348633e+12
1.180320804955406006e+12
1.322897585439990967e+12
1.482696919528650879e+12
1.661799204545810547e+12
1.862536139285291992e+12
2.087521079956162109e+12
2.339683062973226562e+12
2.622304937528457031e+12
2.939066104384076660e+12
3.294090417295584961e+12
3.691999870684294434e+12
4.137974772509022949e+12
4.637821185716200195e+12
5.198046516275884766e+12
5.825944231870019531e+12
6.529688814169531250e+12
7.318442180866029297e+12
8.202472962946401367e+12
9.193290190058597656e+12
1.030379312439313086e+13
1.154843919373923438e+13
1.294343221000445508e+13
1.450693332357893945e+13
1.625929745991945508e+13
1.822333831647632031e+13
2.042462536990815625e+13
2.289181676026519922e+13
2.565703238589757422e+13
2.875627206634039062e+13
3.222988421715943359e+13
3.612309113834654688e+13
4.048657775489506250e+13
4.537715147425762500e+13
5.085848175124567969e+13
5.700192898862668750e+13
6.388747356471875000e+13
7.160475708281768750e+13
8.025424939828579688e+13
8.994855661660753125e+13
1.008138870909914219e+14
1.129916945050639531e+14
1.266405194316385312e+14
1.419380533424643125e+14
1.590834519399095312e+14
1.782999279274046562e+14
1.998376569734357812e+14
2.239770347012830312e+14
2.510323271066385312e+14
2.813557619271997812e+14
3.153421142290073125e+14
3.534338459084067500e+14
3.961268660198410000e+14
4.439769869220911875e+14
4.976071602943126250e+14
5.577155872261932500e+14
6.250848079659602500e+14
7.005918896639556250e+14
7.852198447440765000e+14
8.800704285567085000e+14
9.863784829233727500e+14
1.105528012308984875e+15
1.239070201914371500e+15
1.388743612263187750e+15
1.556496813192742250e+15
1.744513751916381750e+15
1.955242185419440000e+15
2.191425547344742750e+15
2.456138664236629000e+15
2.752827786126501500e+15
3.085355452610574000e+15
3.458050778522748500e+15
3.875765813862325000e+15
4.343938711715790000e+15
4.868664526543897000e+15
5.456774564543575000e+15
6.115925319132019000e+15
6.854698149387218000e+15
7.682710999139701000e+15
8.610743611165235000e+15
9.650877866618380000e+15
1.081665507675945800e+16
1.212325227472621600e+16
1.358767980245939800e+16
1.522900276512908800e+16
1.706858923613514600e+16
1.913038844401569200e+16
2.144124256292650000e+16
2.403123616583228000e+16
2.693408788987567200e+16
3.018758941294033200e+16
3.383409745636178000e+16
3.792108521907600000e+16
4.250176042222274400e+16
4.763575801040946400e+16
5.338991652778268000e+16
5.983914827640001600e+16
