7.479893534549998779e+11
9.417995472188238525e+11
1.185827556294147949e+12
1.493085229674491699e+12
1.879955893451294678e+12
2.367067928260703125e+12
2.980394697832083008e+12
3.752639478070471680e+12
4.724979232655454102e+12
5.949260215240446289e+12
7.490762470240830078e+12
9.431680638514595703e+12
1.187550666842478516e+13
1.495254812338643750e+13
1.882687632828751953e+13
2.370507483779676172e+13
2.984725470476694141e+13
3.758092389528317969e+13
4.731845038322745312e+13
5.957905007628035156e+13
7.501647199440285938e+13
9.445385690577565625e+13
1.189276281220262656e+14
1.497427547595053750e+14
1.885423341661051562e+14
2.373952037271892188e+14
2.989062536110523125e+14
3.763553224540649375e+14
4.738720820602657500e+14
5.966562361650637500e+14
7.512547745097708750e+14
9.459110657272851250e+14
1.191004403065782000e+15
1.499603440024713500e+15
1.888163025716159000e+15
2.377401595999839500e+15
2.993405903877831000e+15
3.769021994621080000e+15
4.745606593992082000e+15
5.975232295561403000e+15
7.523464130195786000e+15
9.472855567538136000e+15
1.192735036022604800e+16
1.501782494215271600e+16
1.890906690770416400e+16
2.380856167236562000e+16
2.997755582936162400e+16
3.774498711299952800e+16
4.752502373008962400e+16
5.983914827640001600e+16
