0.1 0.0999999997889 
0.115139539933 0.115139539278 
0.132571136559 0.13257113438 
0.152641796718 0.15264178891 
0.175751062485 0.175751032215 
0.202358964773 0.202358837152 
0.232995181052 0.232994592921 
0.268269579528 0.268266600601 
0.308884359648 0.308867681048 
0.355648030622 0.355544276493 
0.409491506238 0.408775029027 
0.471486636346 0.466242951729 
0.542867543932 0.511844259774 
0.625055192527 0.527379333728 
0.719685673001 0.529576457895 
0.828642772855 0.529788041228 
0.95409547635 0.529804992488 
1.09854114199 0.529806163501 
1.26485521686 0.529806177155 
1.4563484775 0.529806208295 
1.67683293681 0.529806176566 
1.93069772888 0.529806197824 
2.22299648253 0.529806121391 
2.5595479227 0.529806192229 
2.94705170255 0.529806160915 
3.3932217719 0.529806058627 
3.90693993705 0.529806120577 
4.49843266897 0.529806081421 
5.17947467923 0.529806157237 
5.96362331659 0.529806040522 
6.86648845004 0.529806013628 
7.90604321091 0.529806030188 
9.10298177992 0.529806068926 
10.4811313415 0.529806050018 
12.0679264064 0.529806060075 
13.8949549437 0.529806118195 
15.9985871961 0.529806041741 
18.4206996933 0.529806106454 
21.2095088792 0.52980612927 
24.4205309455 0.529806077428 
28.1176869797 0.529806219982 
32.3745754282 0.529806089871 
37.2759372031 0.529806071432 
42.9193426013 0.529806093368 
49.4171336132 0.529806128329 
56.8986602902 0.529806138598 
65.512855686 0.529806035881 
75.4312006335 0.529806147824 
86.8511373751 0.529806129506 
100.0 0.529806093267 
