0.001 50 
 0.1  0.1 
 0.115139539933  0.115139539933 
 0.132571136559  0.132571136559 
 0.152641796718  0.152641796718 
 0.175751062485  0.175751062485 
 0.202358964773  0.202358964773 
 0.232995181052  0.232995181052 
 0.268269579528  0.268269579528 
 0.308884359648  0.308884359648 
 0.355648030622  0.355648030622 
 0.409491506238  0.409491506238 
 0.471486636346  0.471486636346 
 0.542867543932  0.542867543932 
 0.625055192527  0.625055192527 
 0.719685673001  0.719685673001 
 0.828642772855  0.828642772855 
 0.95409547635  0.95409547635 
 1.09854114199  1.09854114199 
 1.26485521686  1.26485521686 
 1.4563484775  1.4563484775 
 1.67683293681  1.67683293681 
 1.93069772888  1.93069772888 
 2.22299648253  2.22299648253 
 2.5595479227  2.5595479227 
 2.94705170255  2.94705170255 
 3.3932217719  3.39322177189 
 3.90693993705  3.90693993705 
 4.49843266897  4.49843266896 
 5.17947467923  5.17947467919 
 5.96362331659  5.96362331644 
 6.86648845004  6.86648844941 
 7.90604321091  7.90604320802 
 9.10298177992  9.1029817656 
 10.4811313415  10.4811312632 
 12.0679264064  12.0679259304 
 13.8949549437  13.8949517169 
 15.9985871961  15.9985626281 
 18.4206996933  18.4204882854 
 21.2095088792  21.2074407362 
 24.4205309455  24.3975237369 
 28.1176869797  27.8444914042 
 32.3745754282  30.2275783727 
 37.2759372031  30.7114751535 
 42.9193426013  30.7474764229 
 49.4171336132  30.7494255312 
 56.8986602902  30.749574621 
 65.512855686  30.7495511906 
 75.4312006335  30.7495320773 
 86.8511373751  30.7495331895 
 100.0  30.749554312 
0.00167683293681 50 
 0.1  0.1 
 0.115139539933  0.115139539933 
 0.132571136559  0.132571136559 
 0.152641796718  0.152641796718 
 0.175751062485  0.175751062485 
 0.202358964773  0.202358964773 
 0.232995181052  0.232995181052 
 0.268269579528  0.268269579528 
 0.308884359648  0.308884359648 
 0.355648030622  0.355648030622 
 0.409491506238  0.409491506238 
 0.471486636346  0.471486636346 
 0.542867543932  0.542867543932 
 0.625055192527  0.625055192527 
 0.719685673001  0.719685673001 
 0.828642772855  0.828642772855 
 0.95409547635  0.95409547635 
 1.09854114199  1.09854114199 
 1.26485521686  1.26485521686 
 1.4563484775  1.4563484775 
 1.67683293681  1.67683293681 
 1.93069772888  1.93069772888 
 2.22299648253  2.22299648253 
 2.5595479227  2.5595479227 
 2.94705170255  2.94705170255 
 3.3932217719  3.39322177189 
 3.90693993705  3.90693993705 
 4.49843266897  4.49843266895 
 5.17947467923  5.17947467916 
 5.96362331659  5.96362331634 
 6.86648845004  6.86648844897 
 7.90604321091  7.90604320604 
 9.10298177992  9.10298175574 
 10.4811313415  10.4811312091 
 12.0679264064  12.067925601 
 13.8949549437  13.8949494758 
 15.9985871961  15.9985454958 
 18.4206996933  18.4203401856 
 21.2095088792  21.2059858416 
 24.4205309455  24.3814438545 
 28.1176869797  27.6760596918 
 32.3745754282  29.5506179607 
 37.2759372031  29.8458981819 
 42.9193426013  29.866329231 
 49.4171336132  29.8674316207 
 56.8986602902  29.8675078952 
 65.512855686  29.867506638 
 75.4312006335  29.8674940526 
 86.8511373751  29.8674843248 
 100.0  29.8674604756 
0.00281176869797 50 
 0.1  0.1 
 0.115139539933  0.115139539933 
 0.132571136559  0.132571136559 
 0.152641796718  0.152641796718 
 0.175751062485  0.175751062485 
 0.202358964773  0.202358964773 
 0.232995181052  0.232995181052 
 0.268269579528  0.268269579528 
 0.308884359648  0.308884359648 
 0.355648030622  0.355648030622 
 0.409491506238  0.409491506238 
 0.471486636346  0.471486636346 
 0.542867543932  0.542867543932 
 0.625055192527  0.625055192527 
 0.719685673001  0.719685673001 
 0.828642772855  0.828642772855 
 0.95409547635  0.95409547635 
 1.09854114199  1.09854114199 
 1.26485521686  1.26485521686 
 1.4563484775  1.4563484775 
 1.67683293681  1.67683293681 
 1.93069772888  1.93069772888 
 2.22299648253  2.22299648253 
 2.5595479227  2.5595479227 
 2.94705170255  2.94705170255 
 3.3932217719  3.39322177189 
 3.90693993705  3.90693993704 
 4.49843266897  4.49843266894 
 5.17947467923  5.17947467912 
 5.96362331659  5.96362331616 
 6.86648845004  6.86648844823 
 7.90604321091  7.90604320267 
 9.10298177992  9.10298173893 
 10.4811313415  10.4811311166 
 12.0679264064  12.0679250354 
 13.8949549437  13.8949456144 
 15.9985871961  15.9985158547 
 18.4206996933  18.4200827716 
 21.2095088792  21.2034468761 
 24.4205309455  24.353612051 
 28.1176869797  27.4179057619 
 32.3745754282  28.7947500444 
 37.2759372031  28.9670909462 
 42.9193426013  28.9784043576 
 49.4171336132  28.9790039256 
 56.8986602902  28.9790446816 
 65.512855686  28.9790196951 
 75.4312006335  28.9790193533 
 86.8511373751  28.9790396727 
 100.0  28.979030528 
0.00471486636346 50 
 0.1  0.1 
 0.115139539933  0.115139539933 
 0.132571136559  0.132571136559 
 0.152641796718  0.152641796718 
 0.175751062485  0.175751062485 
 0.202358964773  0.202358964773 
 0.232995181052  0.232995181052 
 0.268269579528  0.268269579528 
 0.308884359648  0.308884359648 
 0.355648030622  0.355648030622 
 0.409491506238  0.409491506238 
 0.471486636346  0.471486636346 
 0.542867543932  0.542867543932 
 0.625055192527  0.625055192527 
 0.719685673001  0.719685673001 
 0.828642772855  0.828642772855 
 0.95409547635  0.95409547635 
 1.09854114199  1.09854114199 
 1.26485521686  1.26485521686 
 1.4563484775  1.4563484775 
 1.67683293681  1.67683293681 
 1.93069772888  1.93069772888 
 2.22299648253  2.22299648253 
 2.5595479227  2.5595479227 
 2.94705170255  2.94705170255 
 3.3932217719  3.39322177189 
 3.90693993705  3.90693993704 
 4.49843266897  4.49843266892 
 5.17947467923  5.17947467904 
 5.96362331659  5.96362331585 
 6.86648845004  6.86648844695 
 7.90604321091  7.90604319687 
 9.10298177992  9.10298170991 
 10.4811313415  10.4811309561 
 12.0679264064  12.0679240501 
 13.8949549437  13.8949388489 
 15.9985871961  15.9984635846 
 18.4206996933  18.4196256323 
 21.2095088792  21.1989120159 
 24.4205309455  24.3046908939 
 28.1176869797  27.0389912694 
 32.3745754282  27.9725373816 
 37.2759372031  28.0685573649 
 42.9193426013  28.0746069001 
 49.4171336132  28.074923598 
 56.8986602902  28.0749396286 
 65.512855686  28.074934524 
 75.4312006335  28.074936751 
 86.8511373751  28.0749361981 
 100.0  28.0749285905 
0.00790604321091 50 
 0.1  0.1 
 0.115139539933  0.115139539933 
 0.132571136559  0.132571136559 
 0.152641796718  0.152641796718 
 0.175751062485  0.175751062485 
 0.202358964773  0.202358964773 
 0.232995181052  0.232995181052 
 0.268269579528  0.268269579528 
 0.308884359648  0.308884359648 
 0.355648030622  0.355648030622 
 0.409491506238  0.409491506238 
 0.471486636346  0.471486636346 
 0.542867543932  0.542867543932 
 0.625055192527  0.625055192527 
 0.719685673001  0.719685673001 
 0.828642772855  0.828642772855 
 0.95409547635  0.95409547635 
 1.09854114199  1.09854114199 
 1.26485521686  1.26485521686 
 1.4563484775  1.4563484775 
 1.67683293681  1.67683293681 
 1.93069772888  1.93069772888 
 2.22299648253  2.22299648253 
 2.5595479227  2.5595479227 
 2.94705170255  2.94705170255 
 3.3932217719  3.39322177189 
 3.90693993705  3.90693993703 
 4.49843266897  4.49843266888 
 5.17947467923  5.1794746789 
 5.96362331659  5.96362331533 
 6.86648845004  6.86648844474 
 7.90604321091  7.90604318675 
 9.10298177992  9.10298165894 
 10.4811313415  10.4811306724 
 12.0679264064  12.0679222941 
 13.8949549437  13.8949266869 
 15.9985871961  15.9983687203 
 18.4206996933  18.4187874855 
 21.2095088792  21.190537385 
 24.4205309455  24.2172025645 
 28.1176869797  26.5123186347 
 32.3745754282  27.0900075523 
 37.2759372031  27.1407459849 
 42.9193426013  27.1438467308 
 49.4171336132  27.1440077536 
 56.8986602902  27.1440033536 
 65.512855686  27.1440148876 
 75.4312006335  27.1440012436 
 86.8511373751  27.1439952481 
 100.0  27.1440040739 
0.0132571136559 50 
 0.1  0.1 
 0.115139539933  0.115139539933 
 0.132571136559  0.132571136559 
 0.152641796718  0.152641796718 
 0.175751062485  0.175751062485 
 0.202358964773  0.202358964773 
 0.232995181052  0.232995181052 
 0.268269579528  0.268269579528 
 0.308884359648  0.308884359648 
 0.355648030622  0.355648030622 
 0.409491506238  0.409491506238 
 0.471486636346  0.471486636346 
 0.542867543932  0.542867543932 
 0.625055192527  0.625055192527 
 0.719685673001  0.719685673001 
 0.828642772855  0.828642772855 
 0.95409547635  0.95409547635 
 1.09854114199  1.09854114199 
 1.26485521686  1.26485521686 
 1.4563484775  1.4563484775 
 1.67683293681  1.67683293681 
 1.93069772888  1.93069772888 
 2.22299648253  2.22299648253 
 2.5595479227  2.5595479227 
 2.94705170255  2.94705170255 
 3.3932217719  3.39322177188 
 3.90693993705  3.90693993701 
 4.49843266897  4.49843266884 
 5.17947467923  5.17947467866 
 5.96362331659  5.9636233144 
 6.86648845004  6.86648844082 
 7.90604321091  7.90604316864 
 9.10298177992  9.10298156694 
 10.4811313415  10.4811301553 
 12.0679264064  12.0679190576 
 13.8949549437  13.8949039951 
 15.9985871961  15.9981893648 
 18.4206996933  18.4171812331 
 21.2095088792  21.1743782719 
 24.4205309455  24.0590118972 
 28.1176869797  25.8245372524 
 32.3745754282  26.1479483729 
 37.2759372031  26.173180932 
 42.9193426013  26.1746732322 
 49.4171336132  26.1747534092 
 56.8986602902  26.1747550631 
 65.512855686  26.1747547941 
 75.4312006335  26.1747554726 
 86.8511373751  26.1747514888 
 100.0  26.1747534547 
0.0222299648253 50 
 0.1  0.1 
 0.115139539933  0.115139539933 
 0.132571136559  0.132571136559 
 0.152641796718  0.152641796718 
 0.175751062485  0.175751062485 
 0.202358964773  0.202358964773 
 0.232995181052  0.232995181052 
 0.268269579528  0.268269579528 
 0.308884359648  0.308884359648 
 0.355648030622  0.355648030622 
 0.409491506238  0.409491506238 
 0.471486636346  0.471486636346 
 0.542867543932  0.542867543932 
 0.625055192527  0.625055192527 
 0.719685673001  0.719685673001 
 0.828642772855  0.828642772855 
 0.95409547635  0.95409547635 
 1.09854114199  1.09854114199 
 1.26485521686  1.26485521686 
 1.4563484775  1.4563484775 
 1.67683293681  1.67683293681 
 1.93069772888  1.93069772888 
 2.22299648253  2.22299648253 
 2.5595479227  2.5595479227 
 2.94705170255  2.94705170254 
 3.3932217719  3.39322177187 
 3.90693993705  3.90693993698 
 4.49843266897  4.49843266879 
 5.17947467923  5.17947467834 
 5.96362331659  5.96362331272 
 6.86648845004  6.86648843365 
 7.90604321091  7.9060431351 
 9.10298177992  9.10298139437 
 10.4811313415  10.4811291716 
 12.0679264064  12.0679128091 
 13.8949549437  13.8948594836 
 15.9985871961  15.9978316171 
 18.4206996933  18.4139259165 
 21.2095088792  21.1416003005 
 24.4205309455  23.7766286942 
 28.1176869797  24.9825154499 
 32.3745754282  25.1458851047 
 37.2759372031  25.1576346244 
 42.9193426013  25.1583133545 
 49.4171336132  25.1583516452 
 56.8986602902  25.1583498079 
 65.512855686  25.1583483016 
 75.4312006335  25.1583472234 
 86.8511373751  25.1583472757 
 100.0  25.1583503214 
0.0372759372031 50 
 0.1  0.1 
 0.115139539933  0.115139539933 
 0.132571136559  0.132571136559 
 0.152641796718  0.152641796718 
 0.175751062485  0.175751062485 
 0.202358964773  0.202358964773 
 0.232995181052  0.232995181052 
 0.268269579528  0.268269579528 
 0.308884359648  0.308884359648 
 0.355648030622  0.355648030622 
 0.409491506238  0.409491506238 
 0.471486636346  0.471486636346 
 0.542867543932  0.542867543932 
 0.625055192527  0.625055192527 
 0.719685673001  0.719685673001 
 0.828642772855  0.828642772855 
 0.95409547635  0.95409547635 
 1.09854114199  1.09854114199 
 1.26485521686  1.26485521686 
 1.4563484775  1.4563484775 
 1.67683293681  1.67683293681 
 1.93069772888  1.93069772888 
 2.22299648253  2.22299648252 
 2.5595479227  2.55954792269 
 2.94705170255  2.94705170254 
 3.3932217719  3.39322177186 
 3.90693993705  3.90693993696 
 4.49843266897  4.49843266867 
 5.17947467923  5.17947467849 
 5.96362331659  5.96362330954 
 6.86648845004  6.86648841991 
 7.90604321091  7.90604306993 
 9.10298177992  9.10298105348 
 10.4811313415  10.4811271948 
 12.0679264064  12.0679000226 
 13.8949549437  13.8947666819 
 15.9985871961  15.9970716695 
 18.4206996933  18.4069033359 
 21.2095088792  21.0721328772 
 24.4205309455  23.3019452848 
 28.1176869797  24.0117622933 
 32.3745754282  24.0867080739 
 37.2759372031  24.0918269223 
 42.9193426013  24.09211701 
 49.4171336132  24.0921337795 
 56.8986602902  24.0921330817 
 65.512855686  24.092132394 
 75.4312006335  24.0921324909 
 86.8511373751  24.0921319116 
 100.0  24.0921334578 
0.0625055192527 50 
 0.1  0.1 
 0.115139539933  0.115139539933 
 0.132571136559  0.132571136559 
 0.152641796718  0.152641796718 
 0.175751062485  0.175751062485 
 0.202358964773  0.202358964773 
 0.232995181052  0.232995181052 
 0.268269579528  0.268269579528 
 0.308884359648  0.308884359648 
 0.355648030622  0.355648030622 
 0.409491506238  0.409491506238 
 0.471486636346  0.471486636346 
 0.542867543932  0.542867543932 
 0.625055192527  0.625055192527 
 0.719685673001  0.719685673001 
 0.828642772855  0.828642772855 
 0.95409547635  0.95409547635 
 1.09854114199  1.09854114199 
 1.26485521686  1.26485521686 
 1.4563484775  1.4563484775 
 1.67683293681  1.67683293681 
 1.93069772888  1.93069772888 
 2.22299648253  2.22299648252 
 2.5595479227  2.55954792269 
 2.94705170255  2.94705170254 
 3.3932217719  3.39322177183 
 3.90693993705  3.906939937 
 4.49843266897  4.49843266835 
 5.17947467923  5.17947467587 
 5.96362331659  5.96362330323 
 6.86648845004  6.8664883921 
 7.90604321091  7.90604293553 
 9.10298177992  9.10298033707 
 10.4811313415  10.4811229593 
 12.0679264064  12.0678720906 
 13.8949549437  13.8945600226 
 15.9985871961  15.9953485408 
 18.4206996933  18.3908278615 
 21.2095088792  20.9227230229 
 24.4205309455  22.5914454798 
 28.1176869797  22.9477066448 
 32.3745754282  22.9793740939 
 37.2759372031  22.9814697761 
 42.9193426013  22.9815912507 
 49.4171336132  22.9815953462 
 56.8986602902  22.9815976826 
 65.512855686  22.9815934356 
 75.4312006335  22.9815931473 
 86.8511373751  22.9815921591 
 100.0  22.9815929218 
0.104811313415 50 
 0.1  0.1 
 0.115139539933  0.115139539933 
 0.132571136559  0.132571136559 
 0.152641796718  0.152641796718 
 0.175751062485  0.175751062485 
 0.202358964773  0.202358964773 
 0.232995181052  0.232995181052 
 0.268269579528  0.268269579528 
 0.308884359648  0.308884359648 
 0.355648030622  0.355648030622 
 0.409491506238  0.409491506238 
 0.471486636346  0.471486636346 
 0.542867543932  0.542867543932 
 0.625055192527  0.625055192527 
 0.719685673001  0.719685673001 
 0.828642772855  0.828642772855 
 0.95409547635  0.95409547635 
 1.09854114199  1.09854114199 
 1.26485521686  1.26485521686 
 1.4563484775  1.4563484775 
 1.67683293681  1.67683293681 
 1.93069772888  1.93069772888 
 2.22299648253  2.22299648252 
 2.5595479227  2.5595479227 
 2.94705170255  2.94705170253 
 3.3932217719  3.39322177181 
 3.90693993705  3.906939937 
 4.49843266897  4.4984326672 
 5.17947467923  5.17947467262 
 5.96362331659  5.96362328986 
 6.86648845004  6.86648833203 
 7.90604321091  7.90604263953 
 9.10298177992  9.10297872761 
 10.4811313415  10.4811132689 
 12.0679264064  12.0678070081 
 13.8949549437  13.8940701191 
 15.9985871961  15.9912052546 
 18.4206996933  18.3524026741 
 21.2095088792  20.6162205601 
 24.4205309455  21.6702588282 
 28.1176869797  21.8260057414 
 32.3745754282  21.8385518103 
 37.2759372031  21.8393683632 
 42.9193426013  21.8394149106 
 49.4171336132  21.8394156501 
 56.8986602902  21.8394154867 
 65.512855686  21.8394154791 
 75.4312006335  21.8394159031 
 86.8511373751  21.8394155822 
 100.0  21.8394154082 
0.175751062485 50 
 0.1  0.1 
 0.115139539933  0.115139539933 
 0.132571136559  0.132571136559 
 0.152641796718  0.152641796718 
 0.175751062485  0.175751062485 
 0.202358964773  0.202358964773 
 0.232995181052  0.232995181052 
 0.268269579528  0.268269579528 
 0.308884359648  0.308884359648 
 0.355648030622  0.355648030622 
 0.409491506238  0.409491506238 
 0.471486636346  0.471486636346 
 0.542867543932  0.542867543932 
 0.625055192527  0.625055192527 
 0.719685673001  0.719685673001 
 0.828642772855  0.828642772855 
 0.95409547635  0.95409547635 
 1.09854114199  1.09854114199 
 1.26485521686  1.26485521686 
 1.4563484775  1.4563484775 
 1.67683293681  1.67683293681 
 1.93069772888  1.93069772888 
 2.22299648253  2.22299648252 
 2.5595479227  2.55954792271 
 2.94705170255  2.9470517025 
 3.3932217719  3.39322177207 
 3.90693993705  3.90693993677 
 4.49843266897  4.49843266533 
 5.17947467923  5.17947466541 
 5.96362331659  5.9636232596 
 6.86648845004  6.86648819353 
 7.90604321091  7.90604194468 
 9.10298177992  9.10297488735 
 10.4811313415  10.4810897466 
 12.0679264064  12.067646615 
 13.8949549437  13.892846601 
 15.9985871961  15.9807875114 
 18.4206996933  18.2596285407 
 21.2095088792  20.0670069404 
 24.4205309455  20.6152401313 
 28.1176869797  20.6770378771 
 32.3745754282  20.6817825237 
 37.2759372031  20.6820892944 
 42.9193426013  20.6821067835 
 49.4171336132  20.6821068697 
 56.8986602902  20.6821074076 
 65.512855686  20.6821068498 
 75.4312006335  20.6821076814 
 86.8511373751  20.682107136 
 100.0  20.6821064451 
0.294705170255 50 
 0.1  0.1 
 0.115139539933  0.115139539933 
 0.132571136559  0.132571136559 
 0.152641796718  0.152641796718 
 0.175751062485  0.175751062485 
 0.202358964773  0.202358964773 
 0.232995181052  0.232995181052 
 0.268269579528  0.268269579528 
 0.308884359648  0.308884359648 
 0.355648030622  0.355648030622 
 0.409491506238  0.409491506238 
 0.471486636346  0.471486636346 
 0.542867543932  0.542867543932 
 0.625055192527  0.625055192527 
 0.719685673001  0.719685673001 
 0.828642772855  0.828642772855 
 0.95409547635  0.95409547635 
 1.09854114199  1.09854114199 
 1.26485521686  1.26485521686 
 1.4563484775  1.4563484775 
 1.67683293681  1.67683293681 
 1.93069772888  1.93069772888 
 2.22299648253  2.22299648254 
 2.5595479227  2.55954792271 
 2.94705170255  2.94705170242 
 3.3932217719  3.39322177231 
 3.90693993705  3.90693993483 
 4.49843266897  4.498432661 
 5.17947467923  5.17947464835 
 5.96362331659  5.96362318682 
 6.86648845004  6.86648785326 
 7.90604321091  7.90604022085 
 9.10298177992  9.10296523189 
 10.4811313415  10.4810298821 
 12.0679264064  12.0672339074 
 13.8949549437  13.8896725233 
 15.9985871961  15.9539505768 
 18.4206996933  18.046455028 
 21.2095088792  19.2615544334 
 24.4205309455  19.5014517966 
 28.1176869797  19.524599527 
 32.3745754282  19.5263411622 
 37.2759372031  19.5264539483 
 42.9193426013  19.5264603532 
 49.4171336132  19.5264610212 
 56.8986602902  19.5264610352 
 65.512855686  19.5264607118 
 75.4312006335  19.5264600972 
 86.8511373751  19.5264600912 
 100.0  19.5264599114 
0.494171336132 50 
 0.1  0.1 
 0.115139539933  0.115139539933 
 0.132571136559  0.132571136559 
 0.152641796718  0.152641796718 
 0.175751062485  0.175751062485 
 0.202358964773  0.202358964773 
 0.232995181052  0.232995181052 
 0.268269579528  0.268269579528 
 0.308884359648  0.308884359648 
 0.355648030622  0.355648030622 
 0.409491506238  0.409491506238 
 0.471486636346  0.471486636346 
 0.542867543932  0.542867543932 
 0.625055192527  0.625055192527 
 0.719685673001  0.719685673001 
 0.828642772855  0.828642772855 
 0.95409547635  0.95409547635 
 1.09854114199  1.09854114199 
 1.26485521686  1.26485521685 
 1.4563484775  1.4563484775 
 1.67683293681  1.67683293681 
 1.93069772888  1.93069772887 
 2.22299648253  2.22299648258 
 2.5595479227  2.55954792267 
 2.94705170255  2.94705170224 
 3.3932217719  3.3932217704 
 3.90693993705  3.90693993195 
 4.49843266897  4.49843265033 
 5.17947467923  5.17947460581 
 5.96362331659  5.96362300284 
 6.86648845004  6.86648698969 
 7.90604321091  7.90603576687 
 9.10298177992  9.10294002636 
 10.4811313415  10.4808723003 
 12.0679264064  12.0661402006 
 13.8949549437  13.8812530068 
 15.9985871961  15.8852771627 
 18.4206996933  17.6205494504 
 21.2095088792  18.2847439439 
 24.4205309455  18.3785406306 
 28.1176869797  18.3869787624 
 32.3745754282  18.3876111423 
 37.2759372031  18.3876519786 
 42.9193426013  18.3876545108 
 49.4171336132  18.387655073 
 56.8986602902  18.3876548318 
 65.512855686  18.3876543274 
 75.4312006335  18.3876544253 
 86.8511373751  18.3876539586 
 100.0  18.3876543461 
0.828642772855 50 
 0.1  0.1 
 0.115139539933  0.115139539933 
 0.132571136559  0.132571136559 
 0.152641796718  0.152641796718 
 0.175751062485  0.175751062485 
 0.202358964773  0.202358964773 
 0.232995181052  0.232995181052 
 0.268269579528  0.268269579528 
 0.308884359648  0.308884359648 
 0.355648030622  0.355648030622 
 0.409491506238  0.409491506238 
 0.471486636346  0.471486636346 
 0.542867543932  0.542867543932 
 0.625055192527  0.625055192527 
 0.719685673001  0.719685673001 
 0.828642772855  0.828642772855 
 0.95409547635  0.95409547635 
 1.09854114199  1.09854114199 
 1.26485521686  1.26485521685 
 1.4563484775  1.45634847751 
 1.67683293681  1.67683293681 
 1.93069772888  1.93069772895 
 2.22299648253  2.2229964826 
 2.5595479227  2.55954792253 
 2.94705170255  2.94705170277 
 3.3932217719  3.3932217683 
 3.90693993705  3.90693992464 
 4.49843266897  4.49843262293 
 5.17947467923  5.17947449524 
 5.96362331659  5.96362252079 
 6.86648845004  6.86648470373 
 7.90604321091  7.90602391776 
 9.10298177992  9.10287260144 
 10.4811313415  10.4804488595 
 12.0679264064  12.0631966047 
 13.8949549437  13.8588599147 
 15.9985871961  15.7199308343 
 18.4206996933  16.9404667054 
 21.2095088792  17.2413952368 
 24.4205309455  17.2763452054 
 28.1176869797  17.2794280267 
 32.3745754282  17.2796615262 
 37.2759372031  17.2796773088 
 42.9193426013  17.2796781397 
 49.4171336132  17.2796783432 
 56.8986602902  17.2796779991 
 65.512855686  17.2796780557 
 75.4312006335  17.2796780301 
 86.8511373751  17.279678027 
 100.0  17.2796781904 
1.38949549437 50 
 0.1  0.1 
 0.115139539933  0.115139539933 
 0.132571136559  0.132571136559 
 0.152641796718  0.152641796718 
 0.175751062485  0.175751062485 
 0.202358964773  0.202358964773 
 0.232995181052  0.232995181052 
 0.268269579528  0.268269579528 
 0.308884359648  0.308884359648 
 0.355648030622  0.355648030622 
 0.409491506238  0.409491506238 
 0.471486636346  0.471486636346 
 0.542867543932  0.542867543932 
 0.625055192527  0.625055192527 
 0.719685673001  0.719685673001 
 0.828642772855  0.828642772855 
 0.95409547635  0.954095476351 
 1.09854114199  1.09854114199 
 1.26485521686  1.26485521686 
 1.4563484775  1.45634847751 
 1.67683293681  1.67683293679 
 1.93069772888  1.93069772904 
 2.22299648253  2.22299648252 
 2.5595479227  2.55954792181 
 2.94705170255  2.9470516998 
 3.3932217719  3.39322176285 
 3.90693993705  3.90693990526 
 4.49843266897  4.49843255035 
 5.17947467923  5.17947420084 
 5.96362331659  5.96362122857 
 6.86648845004  6.86647854673 
 7.90604321091  7.90599192234 
 9.10298177992  9.10269018963 
 10.4811313415  10.4793037462 
 12.0679264064  12.0552883697 
 13.8949549437  13.801066835 
 15.9985871961  15.3773515986 
 18.4206996933  16.0812623398 
 21.2095088792  16.203674056 
 24.4205309455  16.2168484665 
 28.1176869797  16.2180288946 
 32.3745754282  16.2181213413 
 37.2759372031  16.2181276312 
 42.9193426013  16.2181281366 
 49.4171336132  16.2181278531 
 56.8986602902  16.2181279759 
 65.512855686  16.2181276119 
 75.4312006335  16.2181274484 
 86.8511373751  16.2181280313 
 100.0  16.2181276413 
2.32995181052 50 
 0.1  0.1 
 0.115139539933  0.115139539933 
 0.132571136559  0.132571136559 
 0.152641796718  0.152641796718 
 0.175751062485  0.175751062485 
 0.202358964773  0.202358964773 
 0.232995181052  0.232995181052 
 0.268269579528  0.268269579528 
 0.308884359648  0.308884359648 
 0.355648030622  0.355648030622 
 0.409491506238  0.409491506238 
 0.471486636346  0.471486636346 
 0.542867543932  0.542867543932 
 0.625055192527  0.625055192527 
 0.719685673001  0.719685673001 
 0.828642772855  0.828642772855 
 0.95409547635  0.954095476351 
 1.09854114199  1.09854114199 
 1.26485521686  1.26485521687 
 1.4563484775  1.4563484775 
 1.67683293681  1.67683293676 
 1.93069772888  1.93069772909 
 2.22299648253  2.22299648177 
 2.5595479227  2.55954792042 
 2.94705170255  2.94705169542 
 3.3932217719  3.39322174827 
 3.90693993705  3.90693985377 
 4.49843266897  4.49843235464 
 5.17947467923  5.17947340416 
 5.96362331659  5.96361773195 
 6.86648845004  6.86646189196 
 7.90604321091  7.90590550965 
 9.10298177992  9.10219975063 
 10.4811313415  10.476252383 
 12.0679264064  12.0347136009 
 13.8949549437  13.6652874149 
 15.9985871961  14.8226514663 
 18.4206996933  15.1692194856 
 21.2095088792  15.2191078213 
 24.4205309455  15.2245095268 
 28.1176869797  15.2250181579 
 32.3745754282  15.2250609371 
 37.2759372031  15.2250639652 
 42.9193426013  15.2250641219 
 49.4171336132  15.2250644524 
 56.8986602902  15.2250639308 
 65.512855686  15.2250640119 
 75.4312006335  15.2250638659 
 86.8511373751  15.2250641965 
 100.0  15.2250643502 
3.90693993705 50 
 0.1  0.1 
 0.115139539933  0.115139539933 
 0.132571136559  0.132571136559 
 0.152641796718  0.152641796718 
 0.175751062485  0.175751062485 
 0.202358964773  0.202358964773 
 0.232995181052  0.232995181052 
 0.268269579528  0.268269579528 
 0.308884359648  0.308884359648 
 0.355648030622  0.355648030622 
 0.409491506238  0.409491506238 
 0.471486636346  0.471486636346 
 0.542867543932  0.542867543932 
 0.625055192527  0.625055192528 
 0.719685673001  0.719685673001 
 0.828642772855  0.828642772856 
 0.95409547635  0.954095476352 
 1.09854114199  1.098541142 
 1.26485521686  1.26485521688 
 1.4563484775  1.45634847747 
 1.67683293681  1.67683293692 
 1.93069772888  1.93069772821 
 2.22299648253  2.22299648055 
 2.5595479227  2.55954791666 
 2.94705170255  2.94705168361 
 3.3932217719  3.39322170884 
 3.90693993705  3.90693971366 
 4.49843266897  4.49843182548 
 5.17947467923  5.1794712564 
 5.96362331659  5.9636083473 
 6.86648845004  6.86641754572 
 7.90604321091  7.90567815092 
 9.10298177992  9.10093095508 
 10.4811313415  10.4685653088 
 12.0679264064  11.9859315299 
 13.8949549437  13.4038298473 
 15.9985871961  14.1420988145 
 18.4206996933  14.307325306 
 21.2095088792  14.3300842569 
 24.4205309455  14.3326923234 
 28.1176869797  14.3329564662 
 32.3745754282  14.3329802932 
 37.2759372031  14.3329822038 
 42.9193426013  14.3329822663 
 49.4171336132  14.332982464 
 56.8986602902  14.332982396 
 65.512855686  14.3329822595 
 75.4312006335  14.332982373 
 86.8511373751  14.3329822818 
 100.0  14.3329823755 
6.5512855686 50 
 0.1  0.1 
 0.115139539933  0.115139539933 
 0.132571136559  0.132571136559 
 0.152641796718  0.152641796718 
 0.175751062485  0.175751062485 
 0.202358964773  0.202358964773 
 0.232995181052  0.232995181052 
 0.268269579528  0.268269579528 
 0.308884359648  0.308884359648 
 0.355648030622  0.355648030622 
 0.409491506238  0.409491506238 
 0.471486636346  0.471486636346 
 0.542867543932  0.542867543932 
 0.625055192527  0.625055192528 
 0.719685673001  0.719685673001 
 0.828642772855  0.828642772859 
 0.95409547635  0.95409547635 
 1.09854114199  1.09854114203 
 1.26485521686  1.26485521686 
 1.4563484775  1.45634847729 
 1.67683293681  1.67683293619 
 1.93069772888  1.93069772708 
 2.22299648253  2.22299647705 
 2.5595479227  2.55954790667 
 2.94705170255  2.94705165172 
 3.3932217719  3.39322160038 
 3.90693993705  3.90693933901 
 4.49843266897  4.49843041183 
 5.17947467923  5.17946563688 
 5.96362331659  5.96358420555 
 6.86648845004  6.86630630019 
 7.90604321091  7.90512484454 
 9.10298177992  9.09796350375 
 10.4811313415  10.4515991275 
 12.0679264064  11.8904706931 
 13.8949549437  13.0297637747 
 15.9985871961  13.47701316 
 18.4206996933  13.5643231147 
 21.2095088792  13.5767070396 
 24.4205309455  13.5782212068 
 28.1176869797  13.5783848482 
 32.3745754282  13.5784003122 
 37.2759372031  13.5784015307 
 42.9193426013  13.5784016116 
 49.4171336132  13.5784018379 
 56.8986602902  13.5784017518 
 65.512855686  13.5784017278 
 75.4312006335  13.578401623 
 86.8511373751  13.5784017191 
 100.0  13.5784017651 
10.9854114199 50 
 0.1  0.1 
 0.115139539933  0.115139539933 
 0.132571136559  0.132571136559 
 0.152641796718  0.152641796718 
 0.175751062485  0.175751062485 
 0.202358964773  0.202358964773 
 0.232995181052  0.232995181052 
 0.268269579528  0.268269579528 
 0.308884359648  0.308884359648 
 0.355648030622  0.355648030622 
 0.409491506238  0.409491506238 
 0.471486636346  0.471486636346 
 0.542867543932  0.542867543933 
 0.625055192527  0.625055192528 
 0.719685673001  0.719685673003 
 0.828642772855  0.828642772861 
 0.95409547635  0.954095476343 
 1.09854114199  1.09854114206 
 1.26485521686  1.2648552168 
 1.4563484775  1.45634847688 
 1.67683293681  1.67683293513 
 1.93069772888  1.93069772394 
 2.22299648253  2.222996467 
 2.5595479227  2.5595478799 
 2.94705170255  2.94705156667 
 3.3932217719  3.39322132616 
 3.90693993705  3.90693838791 
 4.49843266897  4.49842691979 
 5.17947467923  5.17945215624 
 5.96362331659  5.96352869092 
 6.86648845004  6.8660625341 
 7.90604321091  7.90397975255 
 9.10298177992  9.09222847612 
 10.4811313415  10.4216805621 
 12.0679264064  11.7490382471 
 13.8949549437  12.6313236114 
 15.9985871961  12.917256789 
 18.4206996933  12.9707095488 
 21.2095088792  12.9785595716 
 24.4205309455  12.9795600538 
 28.1176869797  12.9796719606 
 32.3745754282  12.9796830955 
 37.2759372031  12.9796839517 
 42.9193426013  12.9796840038 
 49.4171336132  12.9796841424 
 56.8986602902  12.9796840701 
 65.512855686  12.9796840288 
 75.4312006335  12.9796840055 
 86.8511373751  12.9796842439 
 100.0  12.9796842558 
18.4206996933 50 
 0.1  0.1 
 0.115139539933  0.115139539933 
 0.132571136559  0.132571136559 
 0.152641796718  0.152641796718 
 0.175751062485  0.175751062485 
 0.202358964773  0.202358964772 
 0.232995181052  0.232995181052 
 0.268269579528  0.268269579528 
 0.308884359648  0.308884359648 
 0.355648030622  0.355648030623 
 0.409491506238  0.409491506238 
 0.471486636346  0.471486636346 
 0.542867543932  0.542867543934 
 0.625055192527  0.625055192528 
 0.719685673001  0.719685673009 
 0.828642772855  0.828642772859 
 0.95409547635  0.954095476344 
 1.09854114199  1.09854114183 
 1.26485521686  1.26485521636 
 1.4563484775  1.45634847586 
 1.67683293681  1.67683293243 
 1.93069772888  1.93069771614 
 2.22299648253  2.22299644582 
 2.5595479227  2.55954781325 
 2.94705170255  2.94705136381 
 3.3932217719  3.39322068133 
 3.90693993705  3.90693624031 
 4.49843266897  4.49841949234 
 5.17947467923  5.17942497386 
 5.96362331659  5.96342398514 
 6.86648845004  6.86563335822 
 7.90604321091  7.90211018892 
 9.10298177992  9.08357571677 
 10.4811313415  10.3808450028 
 12.0679264064  11.5880537235 
 13.8949549437  12.2799952444 
 15.9985871961  12.4795895078 
 18.4206996933  12.5163108138 
 21.2095088792  12.5218019759 
 24.4205309455  12.5225161794 
 28.1176869797  12.5225971074 
 32.3745754282  12.5226052085 
 37.2759372031  12.5226058974 
 42.9193426013  12.5226059511 
 49.4171336132  12.5226059102 
 56.8986602902  12.5226057826 
 65.512855686  12.5226059064 
 75.4312006335  12.5226058529 
 86.8511373751  12.5226059191 
 100.0  12.5226059503 
30.8884359648 50 
 0.1  0.1 
 0.115139539933  0.115139539933 
 0.132571136559  0.132571136559 
 0.152641796718  0.152641796718 
 0.175751062485  0.175751062486 
 0.202358964773  0.202358964773 
 0.232995181052  0.232995181052 
 0.268269579528  0.268269579528 
 0.308884359648  0.308884359648 
 0.355648030622  0.355648030622 
 0.409491506238  0.409491506238 
 0.471486636346  0.471486636347 
 0.542867543932  0.542867543934 
 0.625055192527  0.625055192526 
 0.719685673001  0.719685673018 
 0.828642772855  0.828642772845 
 0.95409547635  0.954095476227 
 1.09854114199  1.09854114158 
 1.26485521686  1.26485521556 
 1.4563484775  1.45634847362 
 1.67683293681  1.67683292563 
 1.93069772888  1.93069769715 
 2.22299648253  2.22299639267 
 2.5595479227  2.55954767038 
 2.94705170255  2.94705095945 
 3.3932217719  3.39321940386 
 3.90693993705  3.90693229936 
 4.49843266897  4.49840683322 
 5.17947467923  5.17938184524 
 5.96362331659  5.96326907564 
 6.86648845004  6.86504055233 
 7.90604321091  7.89968208549 
 9.10298177992  9.07300721868 
 10.4811313415  10.3348739982 
 12.0679264064  11.4321947468 
 13.8949549437  11.9922339336 
 15.9985871961  12.1421118672 
 18.4206996933  12.1693693111 
 21.2095088792  12.1734722168 
 24.4205309455  12.1740092482 
 28.1176869797  12.1740706366 
 32.3745754282  12.1740767424 
 37.2759372031  12.1740772666 
 42.9193426013  12.1740773058 
 49.4171336132  12.1740773081 
 56.8986602902  12.1740772978 
 65.512855686  12.1740773383 
 75.4312006335  12.1740773425 
 86.8511373751  12.1740773376 
 100.0  12.1740773331 
51.7947467923 50 
 0.1  0.0999999999999 
 0.115139539933  0.115139539933 
 0.132571136559  0.132571136559 
 0.152641796718  0.152641796718 
 0.175751062485  0.175751062486 
 0.202358964773  0.202358964773 
 0.232995181052  0.232995181052 
 0.268269579528  0.268269579529 
 0.308884359648  0.308884359648 
 0.355648030622  0.355648030622 
 0.409491506238  0.409491506238 
 0.471486636346  0.471486636348 
 0.542867543932  0.542867543933 
 0.625055192527  0.625055192531 
 0.719685673001  0.719685673021 
 0.828642772855  0.828642772728 
 0.95409547635  0.954095476145 
 1.09854114199  1.09854114087 
 1.26485521686  1.26485521489 
 1.4563484775  1.45634846954 
 1.67683293681  1.67683291473 
 1.93069772888  1.93069766744 
 2.22299648253  2.22299630391 
 2.5595479227  2.55954740964 
 2.94705170255  2.94705025686 
 3.3932217719  3.39321747178 
 3.90693993705  3.90692667298 
 4.49843266897  4.49838965134 
 5.17947467923  5.17932691182 
 5.96362331659  5.96308119477 
 6.86648845004  6.86435183851 
 7.90604321091  7.89696293904 
 9.10298177992  9.06160307064 
 10.4811313415  10.2881198478 
 12.0679264064  11.2910586988 
 13.8949549437  11.7583643755 
 15.9985871961  11.8770014046 
 18.4206996933  11.898357656 
 21.2095088792  11.9015765733 
 24.4205309455  11.9019990982 
 28.1176869797  11.9020474296 
 32.3745754282  11.9020522358 
 37.2759372031  11.9020527178 
 42.9193426013  11.9020527514 
 49.4171336132  11.9020526668 
 56.8986602902  11.9020526815 
 65.512855686  11.9020528131 
 75.4312006335  11.9020526525 
 86.8511373751  11.9020526519 
 100.0  11.902052698 
86.8511373751 50 
 0.1  0.1 
 0.115139539933  0.115139539933 
 0.132571136559  0.132571136559 
 0.152641796718  0.152641796718 
 0.175751062485  0.175751062486 
 0.202358964773  0.202358964773 
 0.232995181052  0.232995181052 
 0.268269579528  0.268269579528 
 0.308884359648  0.308884359647 
 0.355648030622  0.355648030622 
 0.409491506238  0.40949150624 
 0.471486636346  0.47148663635 
 0.542867543932  0.542867543915 
 0.625055192527  0.625055192506 
 0.719685673001  0.719685672949 
 0.828642772855  0.828642772655 
 0.95409547635  0.95409547586 
 1.09854114199  1.09854113981 
 1.26485521686  1.2648552129 
 1.4563484775  1.45634846266 
 1.67683293681  1.67683289154 
 1.93069772888  1.9306976023 
 2.22299648253  2.22299615238 
 2.5595479227  2.55954708409 
 2.94705170255  2.94704929659 
 3.3932217719  3.39321502089 
 3.90693993705  3.9069199136 
 4.49843266897  4.49837008155 
 5.17947467923  5.17926609022 
 5.96362331659  5.96287806267 
 6.86648845004  6.86362115993 
 7.90604321091  7.89412751844 
 9.10298177992  9.04996462953 
 10.4811313415  10.2425191768 
 12.0679264064  11.1654184448 
 13.8949549437  11.5651010639 
 15.9985871961  11.6626566489 
 18.4206996933  11.6800658476 
 21.2095088792  11.6826886752 
 24.4205309455  11.6830332485 
 28.1176869797  11.6830726787 
 32.3745754282  11.683076633 
 37.2759372031  11.68307689 
 42.9193426013  11.6830769928 
 49.4171336132  11.6830768871 
 56.8986602902  11.6830770025 
 65.512855686  11.6830768601 
 75.4312006335  11.6830769751 
 86.8511373751  11.6830770004 
 100.0  11.683077017 
145.63484775 50 
 0.1  0.100000000001 
 0.115139539933  0.115139539933 
 0.132571136559  0.13257113656 
 0.152641796718  0.152641796718 
 0.175751062485  0.175751062487 
 0.202358964773  0.202358964773 
 0.232995181052  0.232995181051 
 0.268269579528  0.268269579526 
 0.308884359648  0.308884359645 
 0.355648030622  0.355648030623 
 0.409491506238  0.409491506243 
 0.471486636346  0.471486636342 
 0.542867543932  0.542867543913 
 0.625055192527  0.625055192522 
 0.719685673001  0.719685672841 
 0.828642772855  0.82864277281 
 0.95409547635  0.95409547512 
 1.09854114199  1.09854114034 
 1.26485521686  1.26485520751 
 1.4563484775  1.45634845066 
 1.67683293681  1.67683285684 
 1.93069772888  1.93069752304 
 2.22299648253  2.22299597205 
 2.5595479227  2.55954663137 
 2.94705170255  2.94704826949 
 3.3932217719  3.39321231828 
 3.90693993705  3.90691272399 
 4.49843266897  4.49834931741 
 5.17947467923  5.17920253987 
 5.96362331659  5.96266891656 
 6.86648845004  6.86287474727 
 7.90604321091  7.89125531284 
 9.10298177992  9.03834148308 
 10.4811313415  10.1986874564 
 12.0679264064  11.0533564145 
 13.8949549437  11.4018999482 
 15.9985871961  11.4844244266 
 18.4206996933  11.4990467709 
 21.2095088792  11.5012480319 
 24.4205309455  11.5015371562 
 28.1176869797  11.5015702293 
 32.3745754282  11.5015735871 
 37.2759372031  11.5015738604 
 42.9193426013  11.5015738602 
 49.4171336132  11.5015738778 
 56.8986602902  11.5015738229 
 65.512855686  11.5015737499 
 75.4312006335  11.5015737692 
 86.8511373751  11.5015738356 
 100.0  11.5015737611 
244.205309455 50 
 0.1  0.100000000003 
 0.115139539933  0.115139539935 
 0.132571136559  0.132571136561 
 0.152641796718  0.152641796718 
 0.175751062485  0.175751062484 
 0.202358964773  0.20235896477 
 0.232995181052  0.232995181049 
 0.268269579528  0.268269579526 
 0.308884359648  0.308884359648 
 0.355648030622  0.355648030627 
 0.409491506238  0.40949150624 
 0.471486636346  0.471486636333 
 0.542867543932  0.542867543941 
 0.625055192527  0.625055192481 
 0.719685673001  0.719685672806 
 0.828642772855  0.828642772251 
 0.95409547635  0.954095474254 
 1.09854114199  1.09854113569 
 1.26485521686  1.26485519869 
 1.4563484775  1.45634843231 
 1.67683293681  1.67683281751 
 1.93069772888  1.93069743474 
 2.22299648253  2.22299578456 
 2.5595479227  2.5595461417 
 2.94705170255  2.94704713236 
 3.3932217719  3.39320951481 
 3.90693993705  3.90690530601 
 4.49843266897  4.49832820401 
 5.17947467923  5.17913812827 
 5.96362331659  5.9624571626 
 6.86648845004  6.86212313436 
 7.90604321091  7.88837692096 
 9.10298177992  9.02682465628 
 10.4811313415  10.1567220013 
 12.0679264064  10.9526481451 
 13.8949549437  11.2612966307 
 15.9985871961  11.3326326505 
 18.4206996933  11.3452004495 
 21.2095088792  11.3470908251 
 24.4205309455  11.3473390324 
 28.1176869797  11.3473675727 
 32.3745754282  11.347370475 
 37.2759372031  11.3473706604 
 42.9193426013  11.3473705668 
 49.4171336132  11.3473706277 
 56.8986602902  11.3473707696 
 65.512855686  11.3473706525 
 75.4312006335  11.3473707009 
 86.8511373751  11.3473706123 
 100.0  11.3473707388 
409.491506238 50 
 0.1  0.0999999999949 
 0.115139539933  0.115139539927 
 0.132571136559  0.132571136554 
 0.152641796718  0.152641796714 
 0.175751062485  0.175751062483 
 0.202358964773  0.202358964771 
 0.232995181052  0.232995181051 
 0.268269579528  0.268269579529 
 0.308884359648  0.308884359653 
 0.355648030622  0.35564803063 
 0.409491506238  0.409491506231 
 0.471486636346  0.471486636342 
 0.542867543932  0.542867543984 
 0.625055192527  0.625055192485 
 0.719685673001  0.719685673004 
 0.828642772855  0.828642772349 
 0.95409547635  0.954095473411 
 1.09854114199  1.09854113373 
 1.26485521686  1.26485519182 
 1.4563484775  1.45634841693 
 1.67683293681  1.67683278003 
 1.93069772888  1.93069736569 
 2.22299648253  2.222995625 
 2.5595479227  2.55954567326 
 2.94705170255  2.94704599501 
 3.3932217719  3.39320666818 
 3.90693993705  3.90689773351 
 4.49843266897  4.49830688126 
 5.17947467923  5.17907337276 
 5.96362331659  5.96224485881 
 6.86648845004  6.86137000132 
 7.90604321091  7.8855025323 
 9.10298177992  9.01544410704 
 10.4811313415  10.1165509264 
 12.0679264064  10.8613777499 
 13.8949549437  11.1380940502 
 15.9985871961  11.200812521 
 18.4206996933  11.2118109332 
 21.2095088792  11.2134639404 
 24.4205309455  11.2136811574 
 28.1176869797  11.2137060732 
 32.3745754282  11.2137086099 
 37.2759372031  11.2137086761 
 42.9193426013  11.2137086953 
 49.4171336132  11.2137087242 
 56.8986602902  11.2137085601 
 65.512855686  11.2137086476 
 75.4312006335  11.2137088405 
 86.8511373751  11.2137089314 
 100.0  11.2137085754 
686.648845004 50 
 0.1  0.0999999999969 
 0.115139539933  0.11513953993 
 0.132571136559  0.132571136557 
 0.152641796718  0.152641796716 
 0.175751062485  0.175751062485 
 0.202358964773  0.202358964773 
 0.232995181052  0.232995181054 
 0.268269579528  0.268269579535 
 0.308884359648  0.308884359649 
 0.355648030622  0.355648030609 
 0.409491506238  0.409491506233 
 0.471486636346  0.471486636358 
 0.542867543932  0.542867543828 
 0.625055192527  0.625055192431 
 0.719685673001  0.719685673369 
 0.828642772855  0.828642772582 
 0.95409547635  0.954095476281 
 1.09854114199  1.09854112998 
 1.26485521686  1.26485518474 
 1.4563484775  1.45634839083 
 1.67683293681  1.67683273895 
 1.93069772888  1.93069725853 
 2.22299648253  2.22299534302 
 2.5595479227  2.5595452421 
 2.94705170255  2.94704485497 
 3.3932217719  3.39320383305 
 3.90693993705  3.90689014436 
 4.49843266897  4.49828557857 
 5.17947467923  5.17900846345 
 5.96362331659  5.96203227908 
 6.86648845004  6.86061692447 
 7.90604321091  7.88263680034 
 9.10298177992  9.00420748887 
 10.4811313415  10.0780570953 
 12.0679264064  10.7780116178 
 13.8949549437  11.0286214938 
 15.9985871961  11.0845156749 
 18.4206996933  11.0942805766 
 21.2095088792  11.0957474044 
 24.4205309455  11.0959399845 
 28.1176869797  11.0959619921 
 32.3745754282  11.0959640392 
 37.2759372031  11.0959643979 
 42.9193426013  11.0959646976 
 49.4171336132  11.0959645643 
 56.8986602902  11.0959649868 
 65.512855686  11.0959643999 
 75.4312006335  11.0959643457 
 86.8511373751  14.0449362603 
 100.0  51.4646412179 
1151.39539933 50 
 0.1  0.0999999999998 
 0.115139539933  0.115139539933 
 0.132571136559  0.13257113656 
 0.152641796718  0.152641796719 
 0.175751062485  0.175751062488 
 0.202358964773  0.202358964778 
 0.232995181052  0.232995181068 
 0.268269579528  0.268269579508 
 0.308884359648  0.308884359638 
 0.355648030622  0.355648030618 
 0.409491506238  0.409491506242 
 0.471486636346  0.471486636434 
 0.542867543932  0.542867543847 
 0.625055192527  0.625055192572 
 0.719685673001  0.719685672657 
 0.828642772855  0.828642772869 
 0.95409547635  0.954095471513 
 1.09854114199  1.0985411274 
 1.26485521686  1.2648551721 
 1.4563484775  1.45634837534 
 1.67683293681  1.67683270218 
 1.93069772888  1.93069714911 
 2.22299648253  2.22299512879 
 2.5595479227  2.55954473033 
 2.94705170255  2.94704371162 
 3.3932217719  3.39320097105 
 3.90693993705  3.906882742 
 4.49843266897  4.49826419583 
 5.17947467923  5.1789435917 
 5.96362331659  5.96181974669 
 6.86648845004  6.85986460282 
 7.90604321091  7.87978054378 
 9.10298177992  8.99311479329 
 10.4811313415  10.0411178256 
 12.0679264064  10.701336803 
 13.8949549437  10.9302232377 
 15.9985871961  10.9805894586 
 18.4206996933  10.9893612716 
 21.2095088792  10.9906780583 
 24.4205309455  10.9908510575 
 28.1176869797  10.9908710172 
 32.3745754282  10.9908729333 
 37.2759372031  10.9908730671 
 42.9193426013  10.9908728226 
 49.4171336132  10.9908728406 
 56.8986602902  10.9908728619 
 65.512855686  10.9908731371 
 75.4312006335  36.2744925045 
 86.8511373751  56.2331103503 
 100.0  74.9054719847 
1930.69772888 50 
 0.1  0.100000000004 
 0.115139539933  0.115139539937 
 0.132571136559  0.132571136566 
 0.152641796718  0.152641796729 
 0.175751062485  0.175751062514 
 0.202358964773  0.202358964745 
 0.232995181052  0.232995181041 
 0.268269579528  0.268269579523 
 0.308884359648  0.308884359646 
 0.355648030622  0.355648030624 
 0.409491506238  0.409491506267 
 0.471486636346  0.471486636325 
 0.542867543932  0.542867543926 
 0.625055192527  0.625055192876 
 0.719685673001  0.719685672882 
 0.828642772855  0.828642773718 
 0.95409547635  0.954095470623 
 1.09854114199  1.09854112309 
 1.26485521686  1.26485517035 
 1.4563484775  1.45634836098 
 1.67683293681  1.67683263491 
 1.93069772888  1.93069704661 
 2.22299648253  2.22299493495 
 2.5595479227  2.55954422187 
 2.94705170255  2.94704262036 
 3.3932217719  3.39319810287 
 3.90693993705  3.9068750236 
 4.49843266897  4.49824296919 
 5.17947467923  5.17887867007 
 5.96362331659  5.96160713799 
 6.86648845004  6.85911304288 
 7.90604321091  7.87693465486 
 9.10298177992  8.98216382824 
 10.4811313415  10.0056181248 
 12.0679264064  10.6303903238 
 13.8949549437  10.8409293589 
 15.9985871961  10.8867322953 
 18.4206996933  10.8946887929 
 21.2095088792  10.8958826452 
 24.4205309455  10.896039576 
 28.1176869797  10.8960570978 
 32.3745754282  10.8960594271 
 37.2759372031  10.8960593821 
 42.9193426013  10.8960591219 
 49.4171336132  10.8960593052 
 56.8986602902  25.1554108541 
 65.512855686  41.0435979531 
 75.4312006335  55.4911381805 
 86.8511373751  70.2040524859 
 100.0  85.9114949395 
3237.45754282 50 
 0.1  0.100000000026 
 0.115139539933  0.115139539973 
 0.132571136559  0.132571136529 
 0.152641796718  0.152641796705 
 0.175751062485  0.175751062479 
 0.202358964773  0.202358964768 
 0.232995181052  0.232995181049 
 0.268269579528  0.268269579527 
 0.308884359648  0.30888435965 
 0.355648030622  0.35564803064 
 0.409491506238  0.409491506199 
 0.471486636346  0.471486636334 
 0.542867543932  0.542867543962 
 0.625055192527  0.625055192376 
 0.719685673001  0.719685672927 
 0.828642772855  0.828642771131 
 0.95409547635  0.954095470943 
 1.09854114199  1.09854112022 
 1.26485521686  1.26485515789 
 1.4563484775  1.45634833376 
 1.67683293681  1.67683261037 
 1.93069772888  1.93069697017 
 2.22299648253  2.2229947162 
 2.5595479227  2.55954377835 
 2.94705170255  2.94704142001 
 3.3932217719  3.39319524354 
 3.90693993705  3.90686743977 
 4.49843266897  4.49822147411 
 5.17947467923  5.17881377644 
 5.96362331659  5.96139467803 
 6.86648845004  6.85836184896 
 7.90604321091  7.87409842153 
 9.10298177992  8.97135163612 
 10.4811313415  9.97145412426 
 12.0679264064  10.5643995012 
 13.8949549437  10.7592443836 
 15.9985871961  10.8012198338 
 18.4206996933  10.8084952462 
 21.2095088792  10.8095867279 
 24.4205309455  10.8097301178 
 28.1176869797  10.8097458823 
 32.3745754282  10.8097476583 
 37.2759372031  10.8097476583 
 42.9193426013  17.0019525542 
 49.4171336132  29.8184263354 
 56.8986602902  41.0279165972 
 65.512855686  52.3090689131 
 75.4312006335  64.2830071646 
 86.8511373751  77.3517209972 
 100.0  91.8554468636 
5428.67543932 50 
 0.1  0.0999999999935 
 0.115139539933  0.115139539928 
 0.132571136559  0.132571136555 
 0.152641796718  0.152641796715 
 0.175751062485  0.175751062484 
 0.202358964773  0.202358964772 
 0.232995181052  0.232995181052 
 0.268269579528  0.268269579531 
 0.308884359648  0.308884359666 
 0.355648030622  0.355648030591 
 0.409491506238  0.409491506227 
 0.471486636346  0.471486636349 
 0.542867543932  0.542867544276 
 0.625055192527  0.625055192282 
 0.719685673001  0.719685673153 
 0.828642772855  0.828642769563 
 0.95409547635  0.954095466246 
 1.09854114199  1.0985411229 
 1.26485521686  1.26485514488 
 1.4563484775  1.45634832213 
 1.67683293681  1.67683254172 
 1.93069772888  1.93069689305 
 2.22299648253  2.22299456386 
 2.5595479227  2.55954327265 
 2.94705170255  2.94704029031 
 3.3932217719  3.39319241238 
 3.90693993705  3.90685993141 
 4.49843266897  4.49820007309 
 5.17947467923  5.17874890624 
 5.96362331659  5.96118217985 
 6.86648845004  6.85761150064 
 7.90604321091  7.87127254276 
 9.10298177992  8.96067500261 
 10.4811313415  9.93853069955 
 12.0679264064  10.5027346497 
 13.8949549437  10.6840075373 
 15.9985871961  10.7227284926 
 18.4206996933  10.7294273454 
 21.2095088792  10.7304316871 
 24.4205309455  10.7305635872 
 28.1176869797  10.7305788373 
 32.3745754282  10.7305804552 
 37.2759372031  21.5430052024 
 42.9193426013  30.269604172 
 49.4171336132  38.9312893793 
 56.8986602902  48.0658664659 
 65.512855686  57.9992678054 
 75.4312006335  68.9982241457 
 86.8511373751  81.3183557684 
 100.0  95.2257187278 
9102.98177992 50 
 0.1  0.0999999999985 
 0.115139539933  0.115139539932 
 0.132571136559  0.132571136559 
 0.152641796718  0.152641796718 
 0.175751062485  0.175751062487 
 0.202358964773  0.202358964775 
 0.232995181052  0.232995181058 
 0.268269579528  0.268269579572 
 0.308884359648  0.308884359624 
 0.355648030622  0.355648030615 
 0.409491506238  0.409491506237 
 0.471486636346  0.471486636381 
 0.542867543932  0.542867543917 
 0.625055192527  0.625055192536 
 0.719685673001  0.719685671773 
 0.828642772855  0.828642772768 
 0.95409547635  0.954095468466 
 1.09854114199  1.09854113247 
 1.26485521686  1.26485514681 
 1.4563484775  1.45634830212 
 1.67683293681  1.67683253181 
 1.93069772888  1.93069678095 
 2.22299648253  2.2229942651 
 2.5595479227  2.55954279413 
 2.94705170255  2.94703911354 
 3.3932217719  3.39318954454 
 3.90693993705  3.906852537 
 4.49843266897  4.49817884385 
 5.17947467923  5.17868405582 
 5.96362331659  5.96096988933 
 6.86648845004  6.85686144481 
 7.90604321091  7.8684568572 
 9.10298177992  8.95013041826 
 10.4811313415  9.90676416785 
 12.0679264064  10.444877769 
 13.8949549437  10.6143014664 
 15.9985871961  10.6502236583 
 18.4206996933  10.656428083 
 21.2095088792  10.657358093 
 24.4205309455  10.6574799902 
 28.1176869797  15.3403610663 
 32.3745754282  22.2787416569 
 37.2759372031  28.9401645223 
 42.9193426013  35.9142303192 
 49.4171336132  43.4680716263 
 56.8986602902  51.8117205335 
 65.512855686  61.1425199931 
 75.4312006335  71.6637645012 
 86.8511373751  83.5952175648 
 100.0  97.1806696289 
15264.1796718 50 
 0.1  0.100000000001 
 0.115139539933  0.115139539935 
 0.132571136559  0.132571136562 
 0.152641796718  0.152641796722 
 0.175751062485  0.175751062494 
 0.202358964773  0.202358964802 
 0.232995181052  0.232995180979 
 0.268269579528  0.268269579518 
 0.308884359648  0.308884359643 
 0.355648030622  0.355648030622 
 0.409491506238  0.40949150625 
 0.471486636346  0.471486636222 
 0.542867543932  0.542867543844 
 0.625055192527  0.625055192656 
 0.719685673001  0.719685672775 
 0.828642772855  0.828642773087 
 0.95409547635  0.954095466066 
 1.09854114199  1.09854111571 
 1.26485521686  1.26485513521 
 1.4563484775  1.45634828543 
 1.67683293681  1.67683246843 
 1.93069772888  1.93069667255 
 2.22299648253  2.22299414039 
 2.5595479227  2.5595423246 
 2.94705170255  2.94703797902 
 3.3932217719  3.39318670051 
 3.90693993705  3.90684477895 
 4.49843266897  4.49815734436 
 5.17947467923  5.17861920196 
 5.96362331659  5.96075757416 
 6.86648845004  6.85611311969 
 7.90604321091  7.86565090218 
 9.10298177992  8.9397151385 
 10.4811313415  9.87607864778 
 12.0679264064  10.3903980554 
 13.8949549437  10.549390183 
 15.9985871961  10.5828802674 
 18.4206996933  10.5886560842 
 21.2095088792  10.5895218553 
 24.4205309455  16.2989418257 
 28.1176869797  21.4843577511 
 32.3745754282  26.8147444824 
 37.2759372031  32.5620059803 
 42.9193426013  38.8934036568 
 49.4171336132  45.961708558 
 56.8986602902  53.9224726608 
 65.512855686  62.942831344 
 75.4312006335  73.2075801819 
 86.8511373751  84.9242944066 
 100.0  98.3282609319 
25595.479227 50 
 0.1  0.100000000011 
 0.115139539933  0.11513953995 
 0.132571136559  0.132571136605 
 0.152641796718  0.152641796829 
 0.175751062485  0.175751062464 
 0.202358964773  0.202358964764 
 0.232995181052  0.232995181047 
 0.268269579528  0.268269579526 
 0.308884359648  0.308884359648 
 0.355648030622  0.35564803063 
 0.409491506238  0.40949150754 
 0.471486636346  0.471486635863 
 0.542867543932  0.542867543942 
 0.625055192527  0.625055191649 
 0.719685673001  0.719685672953 
 0.828642772855  0.828642771926 
 0.95409547635  0.95409546408 
 1.09854114199  1.09854110848 
 1.26485521686  1.26485513025 
 1.4563484775  1.45634826329 
 1.67683293681  1.67683240833 
 1.93069772888  1.93069659709 
 2.22299648253  2.22299391523 
 2.5595479227  2.55954184848 
 2.94705170255  2.94703684333 
 3.3932217719  3.39318385723 
 3.90693993705  3.90683720314 
 4.49843266897  4.49813604744 
 5.17947467923  5.17855428381 
 5.96362331659  5.96054529574 
 6.86648845004  6.85536525212 
 7.90604321091  7.86285472574 
 9.10298177992  8.92942560281 
 10.4811313415  9.84640322676 
 12.0679264064  10.3389332128 
 13.8949549437  10.4886728379 
 15.9985871961  10.520030501 
 18.4206996933  10.5254319579 
 21.2095088792  15.8565095271 
 24.4205309455  20.0023044984 
 28.1176869797  24.3801740785 
 32.3745754282  29.1863979651 
 37.2759372031  34.5420278478 
 42.9193426013  40.5663717685 
 49.4171336132  47.3866483476 
 56.8986602902  55.1430011819 
 65.512855686  63.9925259476 
 75.4312006335  74.1130768108 
 86.8511373751  85.7071984433 
 100.0  99.0063907207 
42919.3426013 50 
 0.1  0.099999999983 
 0.115139539933  0.115139539922 
 0.132571136559  0.132571136552 
 0.152641796718  0.152641796713 
 0.175751062485  0.175751062482 
 0.202358964773  0.202358964771 
 0.232995181052  0.232995181051 
 0.268269579528  0.268269579529 
 0.308884359648  0.308884359655 
 0.355648030622  0.355648030831 
 0.409491506238  0.40949150624 
 0.471486636346  0.471486636342 
 0.542867543932  0.542867544015 
 0.625055192527  0.625055193826 
 0.719685673001  0.719685673038 
 0.828642772855  0.828642773433 
 0.95409547635  0.954095460426 
 1.09854114199  1.09854110483 
 1.26485521686  1.26485511879 
 1.4563484775  1.45634824685 
 1.67683293681  1.67683239293 
 1.93069772888  1.93069647704 
 2.22299648253  2.22299363676 
 2.5595479227  2.55954132408 
 2.94705170255  2.94703568294 
 3.3932217719  3.39318090872 
 3.90693993705  3.90682962741 
 4.49843266897  4.49811466312 
 5.17947467923  5.17848932319 
 5.96362331659  5.96033312332 
 6.86648845004  6.85461813686 
 7.90604321091  7.86006864063 
 9.10298177992  8.91925929622 
 10.4811313415  9.81767598733 
 12.0679264064  10.2901747903 
 13.8949549437  10.4316539027 
 15.9985871961  10.4611279473 
 18.4206996933  14.7660976397 
 21.2095088792  18.2369915985 
 24.4205309455  21.8941895865 
 28.1176869797  25.9535683709 
 32.3745754282  30.5132976907 
 37.2759372031  35.6706925743 
 42.9193426013  41.5321085652 
 49.4171336132  48.2164740619 
 56.8986602902  55.858255075 
 65.512855686  64.6104633235 
 75.4312006335  74.6478978164 
 86.8511373751  86.1707432121 
 100.0  99.4086284232 
71968.5673001 50 
 0.1  0.099999999997 
 0.115139539933  0.11513953993 
 0.132571136559  0.132571136557 
 0.152641796718  0.152641796717 
 0.175751062485  0.175751062485 
 0.202358964773  0.202358964773 
 0.232995181052  0.232995181054 
 0.268269579528  0.268269579538 
 0.308884359648  0.3088843595 
 0.355648030622  0.355648030608 
 0.409491506238  0.409491506233 
 0.471486636346  0.471486636361 
 0.542867543932  0.54286754376 
 0.625055192527  0.625055192433 
 0.719685673001  0.719685674063 
 0.828642772855  0.828642772624 
 0.95409547635  0.95409545701 
 1.09854114199  1.09854110175 
 1.26485521686  1.26485511388 
 1.4563484775  1.4563482199 
 1.67683293681  1.67683233274 
 1.93069772888  1.93069638145 
 2.22299648253  2.2229934725 
 2.5595479227  2.55954083794 
 2.94705170255  2.94703452998 
 3.3932217719  3.39317809649 
 3.90693993705  3.9068220514 
 4.49843266897  4.49809339946 
 5.17947467923  5.17842453967 
 5.96362331659  5.96012110054 
 6.86648845004  6.85387090147 
 7.90604321091  7.85729211976 
 9.10298177992  8.90921299213 
 10.4811313415  9.78983948766 
 12.0679264064  10.2438599124 
 13.8949549437  10.3779207349 
 15.9985871961  13.2313590181 
 18.4206996933  16.3953172541 
 21.2095088792  19.4941471023 
 24.4205309455  22.9475219695 
 28.1176869797  26.8480614705 
 32.3745754282  31.2778827036 
 37.2759372031  36.3271431357 
 42.9193426013  42.0975304797 
 49.4171336132  48.7046514954 
 56.8986602902  56.2805032554 
 65.512855686  64.9762003584 
 75.4312006335  74.9650446454 
 86.8511373751  86.4460134372 
 100.0  99.6477451081 
120679.264064 50 
 0.1  0.1 
 0.115139539933  0.115139539933 
 0.132571136559  0.13257113656 
 0.152641796718  0.152641796719 
 0.175751062485  0.175751062489 
 0.202358964773  0.20235896478 
 0.232995181052  0.232995181085 
 0.268269579528  0.268269579492 
 0.308884359648  0.308884359639 
 0.355648030622  0.355648030619 
 0.409491506238  0.409491506243 
 0.471486636346  0.471486636534 
 0.542867543932  0.54286754361 
 0.625055192527  0.625055192535 
 0.719685673001  0.719685672591 
 0.828642772855  0.828642772895 
 0.95409547635  0.954095460347 
 1.09854114199  1.09854109908 
 1.26485521686  1.26485510288 
 1.4563484775  1.45634820813 
 1.67683293681  1.67683231239 
 1.93069772888  1.93069628538 
 2.22299648253  2.22299326715 
 2.5595479227  2.55954038293 
 2.94705170255  2.94703340024 
 3.3932217719  3.39317521442 
 3.90693993705  3.90681448298 
 4.49843266897  4.4980719245 
 5.17947467923  5.17835962802 
 5.96362331659  5.95990909496 
 6.86648845004  6.85312600186 
 7.90604321091  7.85452535205 
 9.10298177992  8.89928442058 
 10.4811313415  9.76284147915 
 12.0679264064  10.1997611585 
 13.8949549437  10.3271242913 
 15.9985871961  14.5706539227 
 18.4206996933  17.2489633167 
 21.2095088792  20.2045656614 
 24.4205309455  23.5531916074 
 28.1176869797  27.3676088533 
 32.3745754282  31.7251017886 
 37.2759372031  36.7130547309 
 42.9193426013  42.4311534284 
 49.4171336132  48.9934773426 
 56.8986602902  56.5308235186 
 65.512855686  65.1933425291 
 75.4312006335  75.153547669 
 86.8511373751  86.6097623097 
 100.0  99.7900761273 
202358.964773 50 
 0.1  0.100000000004 
 0.115139539933  0.115139539938 
 0.132571136559  0.132571136567 
 0.152641796718  0.152641796733 
 0.175751062485  0.175751062663 
 0.202358964773  0.202358964738 
 0.232995181052  0.232995181042 
 0.268269579528  0.268269579523 
 0.308884359648  0.308884359646 
 0.355648030622  0.355648030625 
 0.409491506238  0.409491506276 
 0.471486636346  0.471486636339 
 0.542867543932  0.542867543928 
 0.625055192527  0.625055192794 
 0.719685673001  0.719685672896 
 0.828642772855  0.828642773968 
 0.95409547635  0.954095456142 
 1.09854114199  1.09854109301 
 1.26485521686  1.26485509913 
 1.4563484775  1.45634818989 
 1.67683293681  1.67683226702 
 1.93069772888  1.9306961748 
 2.22299648253  2.22299301257 
 2.5595479227  2.55953979159 
 2.94705170255  2.94703224593 
 3.3932217719  3.39317240813 
 3.90693993705  3.90680691233 
 4.49843266897  4.4980505148 
 5.17947467923  5.17829482934 
 5.96362331659  5.95969701135 
 6.86648845004  6.85238102206 
 7.90604321091  7.85176819266 
 9.10298177992  8.88947046346 
 10.4811313415  9.73663448537 
 12.0679264064  10.157681882 
 13.8949549437  12.7155359878 
 15.9985871961  15.18495484 
 18.4206996933  17.7329054446 
 21.2095088792  20.6162192808 
 24.4205309455  23.9070735887 
 28.1176869797  27.6728117158 
 32.3745754282  31.9888371838 
 37.2759372031  36.9412845015 
 42.9193426013  42.6288753303 
 49.4171336132  49.1649183047 
 56.8986602902  56.6795819361 
 65.512855686  65.3224968018 
 75.4312006335  75.2657410341 
 86.8511373751  86.7072703649 
 100.0  99.8748617119 
339322.17719 50 
 0.1  0.100000000056 
 0.115139539933  0.115139539824 
 0.132571136559  0.132571136537 
 0.152641796718  0.152641796707 
 0.175751062485  0.175751062479 
 0.202358964773  0.202358964769 
 0.232995181052  0.232995181049 
 0.268269579528  0.268269579527 
 0.308884359648  0.308884359651 
 0.355648030622  0.355648030644 
 0.409491506238  0.409491506209 
 0.471486636346  0.471486636335 
 0.542867543932  0.542867543967 
 0.625055192527  0.625055192431 
 0.719685673001  0.719685672942 
 0.828642772855  0.828642771438 
 0.95409547635  0.954095454604 
 1.09854114199  1.09854108647 
 1.26485521686  1.26485508674 
 1.4563484775  1.45634816387 
 1.67683293681  1.67683222066 
 1.93069772888  1.93069609349 
 2.22299648253  2.2229927912 
 2.5595479227  2.55953938956 
 2.94705170255  2.94703108141 
 3.3932217719  3.39316955769 
 3.90693993705  3.90679936463 
 4.49843266897  4.49802936806 
 5.17947467923  5.17823001953 
 5.96362331659  5.95948520036 
 6.86648845004  6.85163680845 
 7.90604321091  7.84902067979 
 9.10298177992  8.87976893621 
 10.4811313415  9.71117421055 
 12.0679264064  10.1174495877 
 13.8949549437  13.292025422 
 15.9985871961  15.5237055829 
 18.4206996933  18.0141450705 
 21.2095088792  20.8577605495 
 24.4205309455  24.1156409893 
 28.1176869797  27.8532339058 
 32.3745754282  32.1450914556 
 37.2759372031  37.0767253899 
 42.9193426013  42.7463555329 
 49.4171336132  49.2668765699 
 56.8986602902  56.7681113698 
 65.512855686  65.3993990189 
 75.4312006335  75.3325701078 
 86.8511373751  86.7653689058 
 100.0  99.9253908476 
568986.602902 50 
 0.1  0.0999999999943 
 0.115139539933  0.115139539928 
 0.132571136559  0.132571136556 
 0.152641796718  0.152641796715 
 0.175751062485  0.175751062484 
 0.202358964773  0.202358964772 
 0.232995181052  0.232995181052 
 0.268269579528  0.268269579532 
 0.308884359648  0.308884359671 
 0.355648030622  0.355648030599 
 0.409491506238  0.409491506229 
 0.471486636346  0.471486636351 
 0.542867543932  0.542867544669 
 0.625055192527  0.625055192327 
 0.719685673001  0.719685673199 
 0.828642772855  0.828642769759 
 0.95409547635  0.954095458481 
 1.09854114199  1.09854108488 
 1.26485521686  1.264855081 
 1.4563484775  1.45634814898 
 1.67683293681  1.67683217384 
 1.93069772888  1.93069602823 
 2.22299648253  2.22299256993 
 2.5595479227  2.55953889544 
 2.94705170255  2.94702995922 
 3.3932217719  3.39316665976 
 3.90693993705  3.90679179713 
 4.49843266897  4.49800808528 
 5.17947467923  5.17816501838 
 5.96362331659  5.95927317954 
 6.86648845004  6.85089355305 
 7.90604321091  7.84628285914 
 9.10298177992  8.87017719061 
 10.4811313415  9.68642112751 
 12.0679264064  11.3391697675 
 13.8949549437  13.5559177094 
 15.9985871961  15.7186159032 
 18.4206996933  18.1794815046 
 21.2095088792  21.0004599262 
 24.4205309455  24.2391678558 
 28.1176869797  27.9602776551 
 32.3745754282  32.2379159767 
 37.2759372031  37.1572629409 
 42.9193426013  42.8162634268 
 49.4171336132  49.3275807987 
 56.8986602902  56.8208417191 
 65.512855686  65.4452179038 
 75.4312006335  75.3723964978 
 86.8511373751  86.799998378 
 100.0  99.9555125269 
954095.47635 50 
 0.1  0.0999999999988 
 0.115139539933  0.115139539932 
 0.132571136559  0.132571136559 
 0.152641796718  0.152641796718 
 0.175751062485  0.175751062487 
 0.202358964773  0.202358964776 
 0.232995181052  0.23299518106 
 0.268269579528  0.268269579625 
 0.308884359648  0.308884359628 
 0.355648030622  0.355648030616 
 0.409491506238  0.409491506238 
 0.471486636346  0.471486636389 
 0.542867543932  0.542867543947 
 0.625055192527  0.625055192544 
 0.719685673001  0.719685672052 
 0.828642772855  0.828642772827 
 0.95409547635  0.954095457989 
 1.09854114199  1.09854107834 
 1.26485521686  1.26485507485 
 1.4563484775  1.45634812895 
 1.67683293681  1.6768321385 
 1.93069772888  1.93069591401 
 2.22299648253  2.22299241524 
 2.5595479227  2.55953841608 
 2.94705170255  2.94702875782 
 3.3932217719  3.39316380141 
 3.90693993705  3.90678425239 
 4.49843266897  4.49798657706 
 5.17947467923  5.17810025548 
 5.96362331659  5.95906154036 
 6.86648845004  6.85014973604 
 7.90604321091  7.84355405261 
 9.10298177992  8.86069289795 
 10.4811313415  9.66233688006 
 12.0679264064  11.7854065416 
 13.8949549437  13.6985460593 
 15.9985871961  15.8326946448 
 18.4206996933  18.2772756707 
 21.2095088792  21.0850931942 
 24.4205309455  24.3125357288 
 28.1176869797  28.0239202214 
 32.3745754282  32.2931463185 
 37.2759372031  37.2052097662 
 42.9193426013  42.8578997908 
 49.4171336132  49.3637471487 
 56.8986602902  56.8522649702 
 65.512855686  65.472527408 
 75.4312006335  75.396137532 
 86.8511373751  86.8206435897 
 100.0  99.9734716981 
1599858.71961 50 
 0.1  0.100000000002 
 0.115139539933  0.115139539935 
 0.132571136559  0.132571136562 
 0.152641796718  0.152641796723 
 0.175751062485  0.175751062496 
 0.202358964773  0.202358964827 
 0.232995181052  0.232995181016 
 0.268269579528  0.26826957952 
 0.308884359648  0.308884359644 
 0.355648030622  0.355648030623 
 0.409491506238  0.409491506253 
 0.471486636346  0.471486636259 
 0.542867543932  0.542867543915 
 0.625055192527  0.625055192689 
 0.719685673001  0.719685672811 
 0.828642772855  0.828642773168 
 0.95409547635  0.95409545205 
 1.09854114199  1.09854107754 
 1.26485521686  1.2648550637 
 1.4563484775  1.45634811438 
 1.67683293681  1.67683208034 
 1.93069772888  1.9306958126 
 2.22299648253  2.22299213497 
 2.5595479227  2.55953793448 
 2.94705170255  2.94702767178 
 3.3932217719  3.39316092251 
 3.90693993705  3.90677676212 
 4.49843266897  4.49796507812 
 5.17947467923  5.17803552083 
 5.96362331659  5.9588498687 
 6.86648845004  6.84940867015 
 7.90604321091  7.84083481872 
 9.10298177992  8.85131382625 
 10.4811313415  9.63888845849 
 12.0679264064  11.9193230252 
 13.8949549437  13.7796469268 
 15.9985871961  15.9000217235 
 18.4206996933  18.3353177031 
 21.2095088792  21.1354014915 
 24.4205309455  24.3561843203 
 28.1176869797  28.06180566 
 32.3745754282  32.3260388024 
 37.2759372031  37.2337741448 
 42.9193426013  42.8827109791 
 49.4171336132  49.3853028499 
 56.8986602902  56.8709963972 
 65.512855686  65.4888083877 
 75.4312006335  75.4102922653 
 86.8511373751  86.832953305 
 100.0  99.984180356 
2682695.79528 50 
 0.1  0.100000000015 
 0.115139539933  0.115139539958 
 0.132571136559  0.132571136585 
 0.152641796718  0.152641796587 
 0.175751062485  0.17575106247 
 0.202358964773  0.202358964765 
 0.232995181052  0.232995181049 
 0.268269579528  0.268269579527 
 0.308884359648  0.308884359649 
 0.355648030622  0.355648030633 
 0.409491506238  0.409491505973 
 0.471486636346  0.471486635889 
 0.542867543932  0.542867543948 
 0.625055192527  0.625055191994 
 0.719685673001  0.719685672885 
 0.828642772855  0.828642767429 
 0.95409547635  0.954095462368 
 1.09854114199  1.09854107141 
 1.26485521686  1.26485505907 
 1.4563484775  1.4563480916 
 1.67683293681  1.67683202372 
 1.93069772888  1.93069571457 
 2.22299648253  2.22299192814 
 2.5595479227  2.55953744161 
 2.94705170255  2.94702650833 
 3.3932217719  3.3931581592 
 3.90693993705  3.90676907126 
 4.49843266897  4.49794368753 
 5.17947467923  5.17797060588 
 5.96362331659  5.95863821588 
 6.86648845004  6.84866751548 
 7.90604321091  7.83812483114 
 9.10298177992  8.8420373757 
 10.4811313415  10.2877155635 
 12.0679264064  11.9844256841 
 13.8949549437  13.8267961909 
 15.9985871961  15.9399339438 
 18.4206996933  18.3698342668 
 21.2095088792  21.1653457016 
 24.4205309455  24.3821774866 
 28.1176869797  28.084374825 
 32.3745754282  32.3456387576 
 37.2759372031  37.2507984698 
 42.9193426013  42.8975006323 
 49.4171336132  49.3981534017 
 56.8986602902  56.8821641963 
 65.512855686  65.498515838 
 75.4312006335  75.4187323617 
 86.8511373751  86.8402935339 
 100.0  99.9905660575 
4498432.66897 50 
 0.1  0.0999999999878 
 0.115139539933  0.115139539925 
 0.132571136559  0.132571136554 
 0.152641796718  0.152641796715 
 0.175751062485  0.175751062483 
 0.202358964773  0.202358964771 
 0.232995181052  0.232995181053 
 0.268269579528  0.26826957953 
 0.308884359648  0.308884359658 
 0.355648030622  0.355648030024 
 0.409491506238  0.409491506263 
 0.471486636346  0.471486636353 
 0.542867543932  0.542867544046 
 0.625055192527  0.625055189918 
 0.719685673001  0.719685673193 
 0.828642772855  0.828642774861 
 0.95409547635  0.954095447814 
 1.09854114199  1.09854106801 
 1.26485521686  1.26485504761 
 1.4563484775  1.45634806722 
 1.67683293681  1.67683198672 
 1.93069772888  1.9306956097 
 2.22299648253  2.22299166805 
 2.5595479227  2.55953700113 
 2.94705170255  2.94702531759 
 3.3932217719  3.39315518852 
 3.90693993705  3.90676154394 
 4.49843266897  4.49792232004 
 5.17947467923  5.17790576879 
 5.96362331659  5.95842650917 
 6.86648845004  6.84792698968 
 7.90604321091  7.83542411785 
 9.10298177992  8.83286168843 
 10.4811313415  10.4084792175 
 12.0679264064  12.019686249 
 13.8949549437  13.8545153278 
 15.9985871961  15.9636533527 
 18.4206996933  18.3903842939 
 21.2095088792  21.1831828621 
 24.4205309455  24.3976656459 
 28.1176869797  28.0978256106 
 32.3745754282  32.3573217945 
 37.2759372031  37.2609474446 
 42.9193426013  42.9063182068 
 49.4171336132  49.4058154036 
 56.8986602902  56.8888232136 
 65.512855686  65.5043043159 
 75.4312006335  75.4237652718 
 86.8511373751  86.8446706779 
 100.0  99.9943740577 
7543120.06335 50 
 0.1  0.100000000001 
 0.115139539933  0.115139539936 
 0.132571136559  0.132571136562 
 0.152641796718  0.152641796721 
 0.175751062485  0.175751062486 
 0.202358964773  0.202358964775 
 0.232995181052  0.232995181055 
 0.268269579528  0.268269579541 
 0.308884359648  0.308884359591 
 0.355648030622  0.35564803061 
 0.409491506238  0.40949150624 
 0.471486636346  0.471486636393 
 0.542867543932  0.542867543847 
 0.625055192527  0.625055192448 
 0.719685673001  0.719685674455 
 0.828642772855  0.828642772884 
 0.95409547635  0.954095449007 
 1.09854114199  1.09854106431 
 1.26485521686  1.26485504182 
 1.4563484775  1.45634804866 
 1.67683293681  1.67683193883 
 1.93069772888  1.93069552282 
 2.22299648253  2.22299148751 
 2.5595479227  2.5595365041 
 2.94705170255  2.94702420227 
 3.3932217719  3.39315235904 
 3.90693993705  3.90675400788 
 4.49843266897  4.49790123415 
 5.17947467923  5.177841009 
 5.96362331659  5.95821521749 
 6.86648845004  6.84718613034 
 7.90604321091  7.83273260704 
 9.10298177992  8.82378456803 
 10.4811313415  10.4437926776 
 12.0679264064  12.0396663697 
 13.8949549437  13.8709105303 
 15.9985871961  15.9777697592 
 18.4206996933  18.4026274078 
 21.2095088792  21.1938130254 
 24.4205309455  24.406897521 
 28.1176869797  28.1058440936 
 32.3745754282  32.3642871155 
 37.2759372031  37.2669985992 
 42.9193426013  42.911575817 
 49.4171336132  49.4103841699 
 56.8986602902  56.8927940317 
 65.512855686  65.5077561043 
 75.4312006335  75.4267665513 
 86.8511373751  86.8472809378 
 100.0  99.9966449375 
12648552.1686 50 
 0.1  0.10000000001 
 0.115139539933  0.115139539944 
 0.132571136559  0.13257113657 
 0.152641796718  0.152641796729 
 0.175751062485  0.175751062492 
 0.202358964773  0.202358964787 
 0.232995181052  0.232995181117 
 0.268269579528  0.268269579506 
 0.308884359648  0.308884359655 
 0.355648030622  0.355648030621 
 0.409491506238  0.409491506245 
 0.471486636346  0.4714866368 
 0.542867543932  0.542867543838 
 0.625055192527  0.625055192638 
 0.719685673001  0.719685672218 
 0.828642772855  0.828642772192 
 0.95409547635  0.954095444215 
 1.09854114199  1.0985410613 
 1.26485521686  1.26485503293 
 1.4563484775  1.45634801926 
 1.67683293681  1.67683189985 
 1.93069772888  1.93069546312 
 2.22299648253  2.22299128013 
 2.5595479227  2.55953605826 
 2.94705170255  2.94702307187 
 3.3932217719  3.39314945754 
 3.90693993705  3.90674638611 
 4.49843266897  4.49787981396 
 5.17947467923  5.17777626904 
 5.96362331659  5.95800380772 
 6.86648845004  6.84644840821 
 7.90604321091  7.83005021909 
 9.10298177992  9.04438262064 
 10.4811313415  10.4604058487 
 12.0679264064  12.0512456033 
 13.8949549437  13.8806411247 
 15.9985871961  15.9861780513 
 18.4206996933  18.4099244337 
 21.2095088792  21.2001498814 
 24.4205309455  24.4124014013 
 28.1176869797  28.110624928 
 32.3745754282  32.3684402587 
 37.2759372031  37.2706068137 
 42.9193426013  42.9147109523 
 49.4171336132  49.4131086099 
 56.8986602902  56.895161947 
 65.512855686  65.509814535 
 75.4312006335  75.428556345 
 86.8511373751  86.8488375616 
 100.0  99.9979991805 
21209508.8792 50 
 0.1  0.100000000021 
 0.115139539933  0.115139539945 
 0.132571136559  0.132571136582 
 0.152641796718  0.152641796758 
 0.175751062485  0.175751062543 
 0.202358964773  0.202358964762 
 0.232995181052  0.23299518105 
 0.268269579528  0.268269579535 
 0.308884359648  0.308884359675 
 0.355648030622  0.355648030637 
 0.409491506238  0.4094915063 
 0.471486636346  0.471486636383 
 0.542867543932  0.542867544102 
 0.625055192527  0.625055193142 
 0.719685673001  0.71968567293 
 0.828642772855  0.828642773179 
 0.95409547635  0.954095442123 
 1.09854114199  1.09854105919 
 1.26485521686  1.26485502402 
 1.4563484775  1.45634801616 
 1.67683293681  1.67683186873 
 1.93069772888  1.93069531408 
 2.22299648253  2.22299112633 
 2.5595479227  2.55953537561 
 2.94705170255  2.94702190993 
 3.3932217719  3.39314668983 
 3.90693993705  3.90673878809 
 4.49843266897  4.49785824241 
 5.17947467923  5.17771149893 
 5.96362331659  5.95779235139 
 6.86648845004  6.84571008331 
 7.90604321091  7.82737711356 
 9.10298177992  9.08430627595 
 10.4811313415  10.4692391959 
 12.0679264064  12.0580382475 
 13.8949549437  13.8864276725 
 15.9985871961  15.9911888324 
 18.4206996933  18.4142745767 
 21.2095088792  21.2039280296 
 24.4205309455  24.4156831174 
 28.1176869797  28.1134756512 
 32.3745754282  32.3709167838 
 37.2759372031  37.2727584511 
 42.9193426013  42.9165805202 
 49.4171336132  49.4147332921 
 56.8986602902  56.8965740358 
 65.512855686  65.511042075 
 75.4312006335  75.4296236905 
 86.8511373751  86.8497658602 
 100.0  99.9988067914 
35564803.0622 50 
 0.1  0.10000000043 
 0.115139539933  0.115139539895 
 0.132571136559  0.132571136545 
 0.152641796718  0.15264179671 
 0.175751062485  0.175751062494 
 0.202358964773  0.202358964785 
 0.232995181052  0.232995181064 
 0.268269579528  0.268269579546 
 0.308884359648  0.308884359656 
 0.355648030622  0.355648030677 
 0.409491506238  0.409491506255 
 0.471486636346  0.471486636355 
 0.542867543932  0.542867544317 
 0.625055192527  0.625055192283 
 0.719685673001  0.719685672683 
 0.828642772855  0.828642769806 
 0.95409547635  0.954095441225 
 1.09854114199  1.09854105563 
 1.26485521686  1.26485501684 
 1.4563484775  1.456347994 
 1.67683293681  1.67683181864 
 1.93069772888  1.93069523252 
 2.22299648253  2.22299090292 
 2.5595479227  2.55953504093 
 2.94705170255  2.94702069667 
 3.3932217719  3.39314375189 
 3.90693993705  3.9067312857 
 4.49843266897  4.49783692008 
 5.17947467923  5.17764670186 
 5.96362331659  5.95758106535 
 6.86648845004  6.84497251709 
 7.90604321091  7.82471294744 
 9.10298177992  9.09363880753 
 10.4811313415  10.47419193 
 12.0679264064  12.0620503513 
 13.8949549437  13.8898727694 
 15.9985871961  15.9941757947 
 18.4206996933  18.4168682951 
 21.2095088792  21.2061808499 
 24.4205309455  24.4176399993 
 28.1176869797  28.1151755778 
 32.3745754282  32.3723936001 
 37.2759372031  37.2740415477 
 42.9193426013  42.9176954215 
 49.4171336132  49.4157021661 
 56.8986602902  56.8974161358 
 65.512855686  65.5117741227 
 75.4312006335  75.4302602081 
 86.8511373751  86.8503194579 
 100.0  99.999288417 
59636233.1659 50 
 0.1  0.0999999999998 
 0.115139539933  0.115139539941 
 0.132571136559  0.132571136567 
 0.152641796718  0.152641796725 
 0.175751062485  0.1757510625 
 0.202358964773  0.20235896479 
 0.232995181052  0.232995181071 
 0.268269579528  0.268269579554 
 0.308884359648  0.308884359691 
 0.355648030622  0.35564803064 
 0.409491506238  0.409491506282 
 0.471486636346  0.471486636423 
 0.542867543932  0.542867543903 
 0.625055192527  0.62505519203 
 0.719685673001  0.719685672683 
 0.828642772855  0.828642770479 
 0.95409547635  0.954095439561 
 1.09854114199  1.09854105314 
 1.26485521686  1.26485501094 
 1.4563484775  1.45634797688 
 1.67683293681  1.67683177477 
 1.93069772888  1.93069516453 
 2.22299648253  2.22299062595 
 2.5595479227  2.5595345573 
 2.94705170255  2.94701958116 
 3.3932217719  3.39314093478 
 3.90693993705  3.90672371076 
 4.49843266897  4.4978157782 
 5.17947467923  5.17758183238 
 5.96362331659  5.95736983757 
 6.86648845004  6.84423592393 
 7.90604321091  7.89029474783 
 9.10298177992  9.09785403143 
 10.4811313415  10.4770446279 
 12.0679264064  12.0644295002 
 13.8949549437  13.8919252504 
 15.9985871961  15.9959566526 
 18.4206996933  18.4184148982 
 21.2095088792  21.2075242316 
 24.4205309455  24.4188069353 
 28.1176869797  28.1161893012 
 32.3745754282  32.3732742858 
 37.2759372031  37.2748067172 
 42.9193426013  42.9183602929 
 49.4171336132  49.4162799571 
 56.8986602902  56.8979183266 
 65.512855686  65.5122106845 
 75.4312006335  75.4306398006 
 86.8511373751  86.850649601 
 100.0  99.9995756393 
100000000.0 50 
 0.1  0.100000000014 
 0.115139539933  0.115139539948 
 0.132571136559  0.132571136574 
 0.152641796718  0.152641796733 
 0.175751062485  0.175751062503 
 0.202358964773  0.202358964841 
 0.232995181052  0.23299518108 
 0.268269579528  0.268269578079 
 0.308884359648  0.308884359656 
 0.355648030622  0.355648030654 
 0.409491506238  0.409491506295 
 0.471486636346  0.47148663649 
 0.542867543932  0.542867544167 
 0.625055192527  0.625055192157 
 0.719685673001  0.719685671378 
 0.828642772855  0.828642769727 
 0.95409547635  0.95409543901 
 1.09854114199  1.09854105391 
 1.26485521686  1.26485496884 
 1.4563484775  1.45634794585 
 1.67683293681  1.67683171919 
 1.93069772888  1.93069503591 
 2.22299648253  2.22299041734 
 2.5595479227  2.55953408027 
 2.94705170255  2.9470184812 
 3.3932217719  3.39313802832 
 3.90693993705  3.90671622041 
 4.49843266897  4.49779414998 
 5.17947467923  5.17751723753 
 5.96362331659  5.9571586762 
 6.86648845004  6.84350018474 
 7.90604321091  7.90140327967 
 9.10298177992  9.10005627337 
 10.4811313415  10.4787120505 
 12.0679264064  12.065843583 
 13.8949549437  13.8931485478 
 15.9985871961  15.997018528 
 18.4206996933  18.4193371654 
 21.2095088792  21.2083253328 
 24.4205309455  24.4195028254 
 28.1176869797  28.1167938303 
 32.3745754282  32.3737994821 
 37.2759372031  37.275263028 
 42.9193426013  42.9187567923 
 49.4171336132  49.4166245266 
 56.8986602902  56.8982178122 
 65.512855686  65.5124710321 
 75.4312006335  75.4308661744 
 86.8511373751  86.8508464853 
 100.0  99.9997469275 
