0.001 50 
 0.1  0.1 
 0.115139539933  0.115139539933 
 0.132571136559  0.132571136559 
 0.152641796718  0.152641796718 
 0.175751062485  0.175751062485 
 0.202358964773  0.202358964773 
 0.232995181052  0.232995181052 
 0.268269579528  0.268269579528 
 0.308884359648  0.308884359648 
 0.355648030622  0.355648030622 
 0.409491506238  0.409491506238 
 0.471486636346  0.471486636346 
 0.542867543932  0.542867543932 
 0.625055192527  0.625055192527 
 0.719685673001  0.719685673001 
 0.828642772855  0.828642772855 
 0.95409547635  0.95409547635 
 1.09854114199  1.09854114199 
 1.26485521686  1.26485521686 
 1.4563484775  1.4563484775 
 1.67683293681  1.67683293681 
 1.93069772888  1.93069772888 
 2.22299648253  2.22299648253 
 2.5595479227  2.5595479227 
 2.94705170255  2.94705170255 
 3.3932217719  3.39322177189 
 3.90693993705  3.90693993705 
 4.49843266897  4.49843266896 
 5.17947467923  5.1794746792 
 5.96362331659  5.96362331646 
 6.86648845004  6.86648844951 
 7.90604321091  7.90604320854 
 9.10298177992  9.10298176853 
 10.4811313415  10.4811312814 
 12.0679264064  12.0679260565 
 13.8949549437  13.8949526891 
 15.9985871961  15.9985710378 
 18.4206996933  18.4205704414 
 21.2095088792  21.2083521593 
 24.4205309455  24.4089703225 
 28.1176869797  27.9922619912 
 32.3745754282  31.1870286181 
 37.2759372031  32.0423993126 
 42.9193426013  31.7789596591 
 49.4171336132  31.5376865194 
 56.8986602902  31.3683361697 
 65.512855686  31.2417539708 
 75.4312006335  31.1431068094 
 86.8511373751  31.064852301 
 100.0  31.0027226515 
0.00167683293681 50 
 0.1  0.1 
 0.115139539933  0.115139539933 
 0.132571136559  0.132571136559 
 0.152641796718  0.152641796718 
 0.175751062485  0.175751062485 
 0.202358964773  0.202358964773 
 0.232995181052  0.232995181052 
 0.268269579528  0.268269579528 
 0.308884359648  0.308884359648 
 0.355648030622  0.355648030622 
 0.409491506238  0.409491506238 
 0.471486636346  0.471486636346 
 0.542867543932  0.542867543932 
 0.625055192527  0.625055192527 
 0.719685673001  0.719685673001 
 0.828642772855  0.828642772855 
 0.95409547635  0.95409547635 
 1.09854114199  1.09854114199 
 1.26485521686  1.26485521686 
 1.4563484775  1.4563484775 
 1.67683293681  1.67683293681 
 1.93069772888  1.93069772888 
 2.22299648253  2.22299648253 
 2.5595479227  2.5595479227 
 2.94705170255  2.94705170255 
 3.3932217719  3.39322177189 
 3.90693993705  3.90693993705 
 4.49843266897  4.49843266895 
 5.17947467923  5.17947467917 
 5.96362331659  5.96362331637 
 6.86648845004  6.86648844914 
 7.90604321091  7.90604320693 
 9.10298177992  9.10298176079 
 10.4811313415  10.4811312406 
 12.0679264064  12.0679258184 
 13.8949549437  13.8949511521 
 15.9985871961  15.9985600007 
 18.4206996933  18.4204819269 
 21.2095088792  21.2075575593 
 24.4205309455  24.401030616 
 28.1176869797  27.909909898 
 32.3745754282  30.6469399762 
 37.2759372031  31.0948422071 
 42.9193426013  30.8419730877 
 49.4171336132  30.6315868375 
 56.8986602902  30.4790687559 
 65.512855686  30.3624861885 
 75.4312006335  30.2704870159 
 86.8511373751  30.1971793963 
 100.0  30.1390338281 
0.00281176869797 50 
 0.1  0.1 
 0.115139539933  0.115139539933 
 0.132571136559  0.132571136559 
 0.152641796718  0.152641796718 
 0.175751062485  0.175751062485 
 0.202358964773  0.202358964773 
 0.232995181052  0.232995181052 
 0.268269579528  0.268269579528 
 0.308884359648  0.308884359648 
 0.355648030622  0.355648030622 
 0.409491506238  0.409491506238 
 0.471486636346  0.471486636346 
 0.542867543932  0.542867543932 
 0.625055192527  0.625055192527 
 0.719685673001  0.719685673001 
 0.828642772855  0.828642772855 
 0.95409547635  0.95409547635 
 1.09854114199  1.09854114199 
 1.26485521686  1.26485521686 
 1.4563484775  1.4563484775 
 1.67683293681  1.67683293681 
 1.93069772888  1.93069772888 
 2.22299648253  2.22299648253 
 2.5595479227  2.5595479227 
 2.94705170255  2.94705170255 
 3.3932217719  3.39322177189 
 3.90693993705  3.90693993705 
 4.49843266897  4.49843266894 
 5.17947467923  5.17947467913 
 5.96362331659  5.96362331622 
 6.86648845004  6.86648844853 
 7.90604321091  7.90604320423 
 9.10298177992  9.10298174776 
 10.4811313415  10.4811311717 
 12.0679264064  12.0679254165 
 13.8949549437  13.8949485546 
 15.9985871961  15.9985413108 
 18.4206996933  18.4203316326 
 21.2095088792  21.2062040163 
 24.4205309455  24.3875141734 
 28.1176869797  27.7762647757 
 32.3745754282  29.9758122189 
 37.2759372031  30.1485108203 
 42.9193426013  29.9199888152 
 49.4171336132  29.7368309423 
 56.8986602902  29.5997764239 
 65.512855686  29.4929420327 
 75.4312006335  29.4078869951 
 86.8511373751  29.3399105217 
 100.0  29.2860144529 
0.00471486636346 50 
 0.1  0.1 
 0.115139539933  0.115139539933 
 0.132571136559  0.132571136559 
 0.152641796718  0.152641796718 
 0.175751062485  0.175751062485 
 0.202358964773  0.202358964773 
 0.232995181052  0.232995181052 
 0.268269579528  0.268269579528 
 0.308884359648  0.308884359648 
 0.355648030622  0.355648030622 
 0.409491506238  0.409491506238 
 0.471486636346  0.471486636346 
 0.542867543932  0.542867543932 
 0.625055192527  0.625055192527 
 0.719685673001  0.719685673001 
 0.828642772855  0.828642772855 
 0.95409547635  0.95409547635 
 1.09854114199  1.09854114199 
 1.26485521686  1.26485521686 
 1.4563484775  1.4563484775 
 1.67683293681  1.67683293681 
 1.93069772888  1.93069772888 
 2.22299648253  2.22299648253 
 2.5595479227  2.5595479227 
 2.94705170255  2.94705170255 
 3.3932217719  3.39322177189 
 3.90693993705  3.90693993704 
 4.49843266897  4.49843266892 
 5.17947467923  5.17947467906 
 5.96362331659  5.96362331597 
 6.86648845004  6.86648844749 
 7.90604321091  7.90604319967 
 9.10298177992  9.10298172577 
 10.4811313415  10.4811310552 
 12.0679264064  12.0679247357 
 13.8949549437  13.8949441425 
 15.9985871961  15.9985094581 
 18.4206996933  18.4200743575 
 21.2095088792  21.2038751417 
 24.4205309455  24.3642998728 
 28.1176869797  27.5640337004 
 32.3745754282  29.1952521525 
 37.2759372031  29.2062100991 
 42.9193426013  29.0075501246 
 49.4171336132  28.8491268366 
 56.8986602902  28.727011796 
 65.512855686  28.6302442129 
 75.4312006335  28.5526337604 
 86.8511373751  28.4904793109 
 100.0  28.4411597959 
0.00790604321091 50 
 0.1  0.1 
 0.115139539933  0.115139539933 
 0.132571136559  0.132571136559 
 0.152641796718  0.152641796718 
 0.175751062485  0.175751062485 
 0.202358964773  0.202358964773 
 0.232995181052  0.232995181052 
 0.268269579528  0.268269579528 
 0.308884359648  0.308884359648 
 0.355648030622  0.355648030622 
 0.409491506238  0.409491506238 
 0.471486636346  0.471486636346 
 0.542867543932  0.542867543932 
 0.625055192527  0.625055192527 
 0.719685673001  0.719685673001 
 0.828642772855  0.828642772855 
 0.95409547635  0.95409547635 
 1.09854114199  1.09854114199 
 1.26485521686  1.26485521686 
 1.4563484775  1.4563484775 
 1.67683293681  1.67683293681 
 1.93069772888  1.93069772888 
 2.22299648253  2.22299648253 
 2.5595479227  2.5595479227 
 2.94705170255  2.94705170255 
 3.3932217719  3.39322177189 
 3.90693993705  3.90693993703 
 4.49843266897  4.49843266889 
 5.17947467923  5.17947467895 
 5.96362331659  5.96362331554 
 6.86648845004  6.86648844575 
 7.90604321091  7.90604319195 
 9.10298177992  9.10298168847 
 10.4811313415  10.4811308571 
 12.0679264064  12.0679235744 
 13.8949549437  13.8949365856 
 15.9985871961  15.9984546042 
 18.4206996933  18.4196281806 
 21.2095088792  21.1998045365 
 24.4205309455  24.3239269513 
 28.1176869797  27.2384627183 
 32.3745754282  28.3330862309 
 37.2759372031  28.2649224426 
 42.9193426013  28.0976620961 
 49.4171336132  27.9626226784 
 56.8986602902  27.8556795966 
 65.512855686  27.7696637126 
 75.4312006335  27.7001954524 
 86.8511373751  27.6443505798 
 100.0  27.5999071397 
0.0132571136559 50 
 0.1  0.1 
 0.115139539933  0.115139539933 
 0.132571136559  0.132571136559 
 0.152641796718  0.152641796718 
 0.175751062485  0.175751062485 
 0.202358964773  0.202358964773 
 0.232995181052  0.232995181052 
 0.268269579528  0.268269579528 
 0.308884359648  0.308884359648 
 0.355648030622  0.355648030622 
 0.409491506238  0.409491506238 
 0.471486636346  0.471486636346 
 0.542867543932  0.542867543932 
 0.625055192527  0.625055192527 
 0.719685673001  0.719685673001 
 0.828642772855  0.828642772855 
 0.95409547635  0.95409547635 
 1.09854114199  1.09854114199 
 1.26485521686  1.26485521686 
 1.4563484775  1.4563484775 
 1.67683293681  1.67683293681 
 1.93069772888  1.93069772888 
 2.22299648253  2.22299648253 
 2.5595479227  2.5595479227 
 2.94705170255  2.94705170255 
 3.3932217719  3.39322177188 
 3.90693993705  3.90693993701 
 4.49843266897  4.49843266883 
 5.17947467923  5.17947467876 
 5.96362331659  5.96362331481 
 6.86648845004  6.86648844278 
 7.90604321091  7.90604317881 
 9.10298177992  9.10298162474 
 10.4811313415  10.4811305173 
 12.0679264064  12.0679215718 
 13.8949549437  13.8949234674 
 15.9985871961  15.9983585692 
 18.4206996933  18.4188385398 
 21.2095088792  21.192518523 
 24.4205309455  24.2526198177 
 28.1176869797  26.7641813787 
 32.3745754282  27.4124771415 
 37.2759372031  27.3176813239 
 42.9193426013  27.1814678872 
 49.4171336132  27.0692500397 
 56.8986602902  26.9781403363 
 65.512855686  26.9037882504 
 75.4312006335  26.8432093211 
 86.8511373751  26.7941960874 
 100.0  26.7549749088 
0.0222299648253 50 
 0.1  0.1 
 0.115139539933  0.115139539933 
 0.132571136559  0.132571136559 
 0.152641796718  0.152641796718 
 0.175751062485  0.175751062485 
 0.202358964773  0.202358964773 
 0.232995181052  0.232995181052 
 0.268269579528  0.268269579528 
 0.308884359648  0.308884359648 
 0.355648030622  0.355648030622 
 0.409491506238  0.409491506238 
 0.471486636346  0.471486636346 
 0.542867543932  0.542867543932 
 0.625055192527  0.625055192527 
 0.719685673001  0.719685673001 
 0.828642772855  0.828642772855 
 0.95409547635  0.95409547635 
 1.09854114199  1.09854114199 
 1.26485521686  1.26485521686 
 1.4563484775  1.4563484775 
 1.67683293681  1.67683293681 
 1.93069772888  1.93069772888 
 2.22299648253  2.22299648252 
 2.5595479227  2.5595479227 
 2.94705170255  2.94705170254 
 3.3932217719  3.39322177187 
 3.90693993705  3.90693993698 
 4.49843266897  4.49843266874 
 5.17947467923  5.17947467843 
 5.96362331659  5.96362331357 
 6.86648845004  6.86648843771 
 7.90604321091  7.9060431562 
 9.10298177992  9.10298151455 
 10.4811313415  10.481129926 
 12.0679264064  12.0679180582 
 13.8949549437  13.8949002154 
 15.9985871961  15.9981861382 
 18.4206996933  18.4173980848 
 21.2095088792  21.1790319901 
 24.4205309455  24.1249700948 
 28.1176869797  26.1195003388 
 32.3745754282  26.4474078985 
 37.2759372031  26.3550576781 
 42.9193426013  26.2484468198 
 49.4171336132  26.1585705392 
 56.8986602902  26.0839135019 
 65.512855686  26.0220382238 
 75.4312006335  25.9710556044 
 86.8511373751  25.9294375507 
 100.0  25.8958505955 
0.0372759372031 50 
 0.1  0.1 
 0.115139539933  0.115139539933 
 0.132571136559  0.132571136559 
 0.152641796718  0.152641796718 
 0.175751062485  0.175751062485 
 0.202358964773  0.202358964773 
 0.232995181052  0.232995181052 
 0.268269579528  0.268269579528 
 0.308884359648  0.308884359648 
 0.355648030622  0.355648030622 
 0.409491506238  0.409491506238 
 0.471486636346  0.471486636346 
 0.542867543932  0.542867543932 
 0.625055192527  0.625055192527 
 0.719685673001  0.719685673001 
 0.828642772855  0.828642772855 
 0.95409547635  0.95409547635 
 1.09854114199  1.09854114199 
 1.26485521686  1.26485521686 
 1.4563484775  1.4563484775 
 1.67683293681  1.67683293681 
 1.93069772888  1.93069772888 
 2.22299648253  2.22299648252 
 2.5595479227  2.55954792269 
 2.94705170255  2.94705170254 
 3.3932217719  3.39322177186 
 3.90693993705  3.90693993693 
 4.49843266897  4.49843266858 
 5.17947467923  5.17947467786 
 5.96362331659  5.96362331142 
 6.86648845004  6.86648842889 
 7.90604321091  7.9060431167 
 9.10298177992  9.10298132042 
 10.4811313415  10.4811288738 
 12.0679264064  12.0679117292 
 13.8949549437  13.8948576972 
 15.9985871961  15.9978649736 
 18.4206996933  18.4146568751 
 21.2095088792  21.1529792605 
 24.4205309455  23.8968256211 
 28.1176869797  25.3101715914 
 32.3745754282  25.4440775473 
 37.2759372031  25.3673729816 
 42.9193426013  25.2876675635 
 49.4171336132  25.2190106273 
 56.8986602902  25.1607605147 
 65.512855686  25.1117003849 
 75.4312006335  25.0707681352 
 86.8511373751  25.0369845924 
 100.0  25.0094649289 
0.0625055192527 50 
 0.1  0.1 
 0.115139539933  0.115139539933 
 0.132571136559  0.132571136559 
 0.152641796718  0.152641796718 
 0.175751062485  0.175751062485 
 0.202358964773  0.202358964773 
 0.232995181052  0.232995181052 
 0.268269579528  0.268269579528 
 0.308884359648  0.308884359648 
 0.355648030622  0.355648030622 
 0.409491506238  0.409491506238 
 0.471486636346  0.471486636346 
 0.542867543932  0.542867543932 
 0.625055192527  0.625055192527 
 0.719685673001  0.719685673001 
 0.828642772855  0.828642772855 
 0.95409547635  0.95409547635 
 1.09854114199  1.09854114199 
 1.26485521686  1.26485521686 
 1.4563484775  1.4563484775 
 1.67683293681  1.67683293681 
 1.93069772888  1.93069772888 
 2.22299648253  2.22299648252 
 2.5595479227  2.55954792269 
 2.94705170255  2.94705170253 
 3.3932217719  3.39322177183 
 3.90693993705  3.90693993685 
 4.49843266897  4.4984326683 
 5.17947467923  5.17947467687 
 5.96362331659  5.96362330765 
 6.86648845004  6.86648841327 
 7.90604321091  7.90604304598 
 9.10298177992  9.10298096861 
 10.4811313415  10.4811269389 
 12.0679264064  12.0678998871 
 13.8949549437  13.8947764815 
 15.9985871961  15.9972364767 
 18.4206996933  18.409151678 
 21.2095088792  21.1003197053 
 24.4205309455  23.5046483573 
 28.1176869797  24.3682124633 
 32.3745754282  24.4050986115 
 37.2759372031  24.3474682063 
 42.9193426013  24.2907147931 
 49.4171336132  24.2409403258 
 56.8986602902  24.1979454731 
 65.512855686  24.1611920894 
 75.4312006335  24.1301257682 
 86.8511373751  24.1041980996 
 100.0  24.0828694035 
0.104811313415 50 
 0.1  0.1 
 0.115139539933  0.115139539933 
 0.132571136559  0.132571136559 
 0.152641796718  0.152641796718 
 0.175751062485  0.175751062485 
 0.202358964773  0.202358964773 
 0.232995181052  0.232995181052 
 0.268269579528  0.268269579528 
 0.308884359648  0.308884359648 
 0.355648030622  0.355648030622 
 0.409491506238  0.409491506238 
 0.471486636346  0.471486636346 
 0.542867543932  0.542867543932 
 0.625055192527  0.625055192527 
 0.719685673001  0.719685673001 
 0.828642772855  0.828642772855 
 0.95409547635  0.95409547635 
 1.09854114199  1.09854114199 
 1.26485521686  1.26485521686 
 1.4563484775  1.4563484775 
 1.67683293681  1.67683293681 
 1.93069772888  1.93069772888 
 2.22299648253  2.22299648252 
 2.5595479227  2.55954792269 
 2.94705170255  2.94705170252 
 3.3932217719  3.39322177178 
 3.90693993705  3.9069399367 
 4.49843266897  4.4984326678 
 5.17947467923  5.1794746751 
 5.96362331659  5.96362330084 
 6.86648845004  6.86648838471 
 7.90604321091  7.90604291478 
 9.10298177992  9.10298030473 
 10.4811313415  10.4811232149 
 12.0679264064  12.0678765732 
 13.8949549437  13.8946124125 
 15.9985871961  15.995930177 
 18.4206996933  18.3974082245 
 21.2095088792  20.9904712253 
 24.4205309455  22.8915312098 
 28.1176869797  23.3355231122 
 32.3745754282  23.3337211336 
 37.2759372031  23.2933846962 
 42.9193426013  23.2548071518 
 49.4171336132  23.2205193229 
 56.8986602902  23.1904855971 
 65.512855686  23.1644889729 
 75.4312006335  23.1422673265 
 86.8511373751  23.123532815 
 100.0  23.1079779168 
0.175751062485 50 
 0.1  0.1 
 0.115139539933  0.115139539933 
 0.132571136559  0.132571136559 
 0.152641796718  0.152641796718 
 0.175751062485  0.175751062485 
 0.202358964773  0.202358964773 
 0.232995181052  0.232995181052 
 0.268269579528  0.268269579528 
 0.308884359648  0.308884359648 
 0.355648030622  0.355648030622 
 0.409491506238  0.409491506238 
 0.471486636346  0.471486636346 
 0.542867543932  0.542867543932 
 0.625055192527  0.625055192527 
 0.719685673001  0.719685673001 
 0.828642772855  0.828642772855 
 0.95409547635  0.95409547635 
 1.09854114199  1.09854114199 
 1.26485521686  1.26485521685 
 1.4563484775  1.4563484775 
 1.67683293681  1.67683293681 
 1.93069772888  1.93069772888 
 2.22299648253  2.22299648252 
 2.5595479227  2.55954792268 
 2.94705170255  2.94705170249 
 3.3932217719  3.39322177169 
 3.90693993705  3.90693993643 
 4.49843266897  4.49843266689 
 5.17947467923  5.17947467184 
 5.96362331659  5.96362328807 
 6.86648845004  6.86648833018 
 7.90604321091  7.90604265933 
 9.10298177992  9.10297898358 
 10.4811313415  10.4811156226 
 12.0679264064  12.0678277608 
 13.8949549437  13.8942589427 
 15.9985871961  15.9930331479 
 18.4206996933  18.3709103432 
 21.2095088792  20.7638184107 
 24.4205309455  22.0566883789 
 28.1176869797  22.2486936366 
 32.3745754282  22.2362716735 
 37.2759372031  22.2094586285 
 42.9193426013  22.1842427339 
 49.4171336132  22.1616325621 
 56.8986602902  22.1416347903 
 65.512855686  22.1241605792 
 75.4312006335  22.1090895315 
 86.8511373751  22.0962718744 
 100.0  22.0855372816 
0.294705170255 50 
 0.1  0.1 
 0.115139539933  0.115139539933 
 0.132571136559  0.132571136559 
 0.152641796718  0.152641796718 
 0.175751062485  0.175751062485 
 0.202358964773  0.202358964773 
 0.232995181052  0.232995181052 
 0.268269579528  0.268269579528 
 0.308884359648  0.308884359648 
 0.355648030622  0.355648030622 
 0.409491506238  0.409491506238 
 0.471486636346  0.471486636346 
 0.542867543932  0.542867543932 
 0.625055192527  0.625055192527 
 0.719685673001  0.719685673001 
 0.828642772855  0.828642772855 
 0.95409547635  0.95409547635 
 1.09854114199  1.09854114199 
 1.26485521686  1.26485521685 
 1.4563484775  1.4563484775 
 1.67683293681  1.67683293681 
 1.93069772888  1.93069772888 
 2.22299648253  2.22299648252 
 2.5595479227  2.55954792267 
 2.94705170255  2.94705170246 
 3.3932217719  3.39322177153 
 3.90693993705  3.90693993592 
 4.49843266897  4.49843266517 
 5.17947467923  5.17947466551 
 5.96362331659  5.96362326282 
 6.86648845004  6.86648822004 
 7.90604321091  7.90604213127 
 9.10298177992  9.10297618354 
 10.4811313415  10.4810991018 
 12.0679264064  12.0677185916 
 13.8949549437  13.8934462307 
 15.9985871961  15.9862086469 
 18.4206996933  18.3089277696 
 21.2095088792  20.3352506556 
 24.4205309455  21.0636838346 
 28.1176869797  21.1345553694 
 32.3745754282  21.1222590173 
 37.2759372031  21.1050796346 
 42.9193426013  21.0890873837 
 49.4171336132  21.0746682502 
 56.8986602902  21.0618307207 
 65.512855686  21.0505326358 
 75.4312006335  21.0407154316 
 86.8511373751  21.0322938959 
 100.0  21.0251624527 
0.494171336132 50 
 0.1  0.1 
 0.115139539933  0.115139539933 
 0.132571136559  0.132571136559 
 0.152641796718  0.152641796718 
 0.175751062485  0.175751062485 
 0.202358964773  0.202358964773 
 0.232995181052  0.232995181052 
 0.268269579528  0.268269579528 
 0.308884359648  0.308884359648 
 0.355648030622  0.355648030622 
 0.409491506238  0.409491506238 
 0.471486636346  0.471486636346 
 0.542867543932  0.542867543932 
 0.625055192527  0.625055192527 
 0.719685673001  0.719685673001 
 0.828642772855  0.828642772855 
 0.95409547635  0.95409547635 
 1.09854114199  1.09854114199 
 1.26485521686  1.26485521685 
 1.4563484775  1.4563484775 
 1.67683293681  1.67683293681 
 1.93069772888  1.93069772887 
 2.22299648253  2.22299648251 
 2.5595479227  2.55954792264 
 2.94705170255  2.94705170252 
 3.3932217719  3.39322177122 
 3.90693993705  3.90693993492 
 4.49843266897  4.4984326617 
 5.17947467923  5.1794746525 
 5.96362331659  5.96362320971 
 6.86648845004  6.86648798282 
 7.90604321091  7.9060409653 
 9.10298177992  9.10296984501 
 10.4811313415  10.4810607452 
 12.0679264064  12.0674587681 
 13.8949549437  13.8914669163 
 15.9985871961  15.9693694771 
 18.4206996933  18.1650043551 
 21.2095088792  19.6514152639 
 24.4205309455  19.9901435765 
 28.1176869797  20.0121801078 
 32.3745754282  20.0028902994 
 37.2759372031  19.9921643089 
 42.9193426013  19.9822359487 
 49.4171336132  19.9732500362 
 56.8986602902  19.9652031003 
 65.512855686  19.9580733317 
 75.4312006335  19.9518200275 
 86.8511373751  19.9463864004 
 100.0  19.9416943315 
0.828642772855 50 
 0.1  0.1 
 0.115139539933  0.115139539933 
 0.132571136559  0.132571136559 
 0.152641796718  0.152641796718 
 0.175751062485  0.175751062485 
 0.202358964773  0.202358964773 
 0.232995181052  0.232995181052 
 0.268269579528  0.268269579528 
 0.308884359648  0.308884359648 
 0.355648030622  0.355648030622 
 0.409491506238  0.409491506238 
 0.471486636346  0.471486636346 
 0.542867543932  0.542867543932 
 0.625055192527  0.625055192527 
 0.719685673001  0.719685673001 
 0.828642772855  0.828642772854 
 0.95409547635  0.95409547635 
 1.09854114199  1.09854114199 
 1.26485521686  1.26485521685 
 1.4563484775  1.4563484775 
 1.67683293681  1.6768329368 
 1.93069772888  1.93069772888 
 2.22299648253  2.2229964825 
 2.5595479227  2.55954792258 
 2.94705170255  2.94705170211 
 3.3932217719  3.39322177058 
 3.90693993705  3.90693993281 
 4.49843266897  4.49843265426 
 5.17947467923  5.17947462394 
 5.96362331659  5.96362309038 
 6.86648845004  6.86648743721 
 7.90604321091  7.9060382227 
 9.10298177992  9.10295459593 
 10.4811313415  10.4809664864 
 12.0679264064  12.0668075703 
 13.8949549437  13.8864288132 
 15.9985871961  15.9268734763 
 18.4206996933  17.8573408183 
 21.2095088792  18.7554560995 
 24.4205309455  18.8906576472 
 28.1176869797  18.8956146529 
 32.3745754282  18.8893344031 
 37.2759372031  18.8827510356 
 42.9193426013  18.876667978 
 49.4171336132  18.8711333375 
 56.8986602902  18.8661390699 
 65.512855686  18.8616621083 
 75.4312006335  18.8576667654 
 86.8511373751  18.8540989889 
 100.0  18.8508810864 
1.38949549437 50 
 0.1  0.1 
 0.115139539933  0.115139539933 
 0.132571136559  0.132571136559 
 0.152641796718  0.152641796718 
 0.175751062485  0.175751062485 
 0.202358964773  0.202358964773 
 0.232995181052  0.232995181052 
 0.268269579528  0.268269579528 
 0.308884359648  0.308884359648 
 0.355648030622  0.355648030622 
 0.409491506238  0.409491506238 
 0.471486636346  0.471486636346 
 0.542867543932  0.542867543932 
 0.625055192527  0.625055192527 
 0.719685673001  0.719685673001 
 0.828642772855  0.828642772854 
 0.95409547635  0.954095476349 
 1.09854114199  1.09854114199 
 1.26485521686  1.26485521685 
 1.4563484775  1.4563484775 
 1.67683293681  1.67683293681 
 1.93069772888  1.93069772888 
 2.22299648253  2.22299648245 
 2.5595479227  2.5595479225 
 2.94705170255  2.94705170166 
 3.3932217719  3.39322176917 
 3.90693993705  3.9069399281 
 4.49843266897  4.49843263719 
 5.17947467923  5.17947455707 
 5.96362331659  5.96362280436 
 6.86648845004  6.86648610704 
 7.90604321091  7.90603140888 
 9.10298177992  9.10291604362 
 10.4811313415  10.480724356 
 12.0679264064  12.0651120738 
 13.8949549437  13.8732507533 
 15.9985871961  15.8214456502 
 18.4206996933  17.3065961937 
 21.2095088792  17.7469570672 
 24.4205309455  17.7957463497 
 28.1176869797  17.7956271573 
 32.3745754282  17.7916074045 
 37.2759372031  17.7875973316 
 42.9193426013  17.7838767142 
 49.4171336132  17.7804546216 
 56.8986602902  17.7773141299 
 65.512855686  17.7744254797 
 75.4312006335  17.7717437265 
 86.8511373751  17.7692007477 
 100.0  17.7666963232 
2.32995181052 50 
 0.1  0.1 
 0.115139539933  0.115139539933 
 0.132571136559  0.132571136559 
 0.152641796718  0.152641796718 
 0.175751062485  0.175751062485 
 0.202358964773  0.202358964772 
 0.232995181052  0.232995181052 
 0.268269579528  0.268269579528 
 0.308884359648  0.308884359648 
 0.355648030622  0.355648030622 
 0.409491506238  0.409491506238 
 0.471486636346  0.471486636346 
 0.542867543932  0.542867543932 
 0.625055192527  0.625055192527 
 0.719685673001  0.719685673001 
 0.828642772855  0.828642772854 
 0.95409547635  0.95409547635 
 1.09854114199  1.09854114199 
 1.26485521686  1.26485521685 
 1.4563484775  1.4563484775 
 1.67683293681  1.67683293683 
 1.93069772888  1.93069772879 
 2.22299648253  2.22299648236 
 2.5595479227  2.55954792204 
 2.94705170255  2.94705170063 
 3.3932217719  3.39322176588 
 3.90693993705  3.90693991685 
 4.49843266897  4.49843259573 
 5.17947467923  5.17947439161 
 5.96362331659  5.96362208779 
 6.86648845004  6.86648271064 
 7.90604321091  7.90601376422 
 9.10298177992  9.10281497222 
 10.4811313415  10.4800827868 
 12.0679264064  12.0605901214 
 13.8949549437  13.838599224 
 15.9985871961  15.5812513066 
 18.4206996933  16.5233356401 
 21.2095088792  16.7056274787 
 24.4205309455  16.722053629 
 28.1176869797  16.7208679983 
 32.3745754282  16.7183521237 
 37.2759372031  16.7158887337 
 42.9193426013  16.713566498 
 49.4171336132  16.7113729359 
 56.8986602902  16.7092799801 
 65.512855686  16.7072419692 
 75.4312006335  16.7051916617 
 86.8511373751  16.7030285891 
 100.0  16.7006015066 
3.90693993705 50 
 0.1  0.1 
 0.115139539933  0.115139539933 
 0.132571136559  0.132571136559 
 0.152641796718  0.152641796717 
 0.175751062485  0.175751062485 
 0.202358964773  0.202358964772 
 0.232995181052  0.232995181051 
 0.268269579528  0.268269579528 
 0.308884359648  0.308884359648 
 0.355648030622  0.355648030622 
 0.409491506238  0.409491506238 
 0.471486636346  0.471486636345 
 0.542867543932  0.542867543932 
 0.625055192527  0.625055192527 
 0.719685673001  0.719685673 
 0.828642772855  0.828642772854 
 0.95409547635  0.95409547635 
 1.09854114199  1.09854114199 
 1.26485521686  1.26485521684 
 1.4563484775  1.45634847753 
 1.67683293681  1.67683293684 
 1.93069772888  1.93069772877 
 2.22299648253  2.222996482 
 2.5595479227  2.55954792121 
 2.94705170255  2.94705169812 
 3.3932217719  3.39322175775 
 3.90693993705  3.90693988856 
 4.49843266897  4.49843249 
 5.17947467923  5.17947396448 
 5.96362331659  5.96362021373 
 6.86648845004  6.86647374346 
 7.90604321091  7.90596674895 
 9.10298177992  9.10254360889 
 10.4811313415  10.4783510889 
 12.0679264064  12.0484228047 
 13.8949549437  13.7502481059 
 15.9985871961  15.1242430001 
 18.4206996933  15.6066059157 
 21.2095088792  15.675082746 
 24.4205309455  15.6802593627 
 28.1176869797  15.679136375 
 32.3745754282  15.6775424528 
 37.2759372031  15.675962963 
 42.9193426013  15.6744124782 
 49.4171336132  15.6728611125 
 56.8986602902  15.671259875 
 65.512855686  15.6695378579 
 75.4312006335  15.6675893691 
 86.8511373751  15.6652560296 
 100.0  15.6622999482 
6.5512855686 50 
 0.1  0.0999999999999 
 0.115139539933  0.115139539933 
 0.132571136559  0.132571136559 
 0.152641796718  0.152641796717 
 0.175751062485  0.175751062485 
 0.202358964773  0.202358964772 
 0.232995181052  0.232995181051 
 0.268269579528  0.268269579528 
 0.308884359648  0.308884359647 
 0.355648030622  0.355648030622 
 0.409491506238  0.409491506237 
 0.471486636346  0.471486636345 
 0.542867543932  0.542867543931 
 0.625055192527  0.625055192526 
 0.719685673001  0.719685672998 
 0.828642772855  0.828642772854 
 0.95409547635  0.954095476347 
 1.09854114199  1.09854114198 
 1.26485521686  1.26485521683 
 1.4563484775  1.45634847756 
 1.67683293681  1.67683293678 
 1.93069772888  1.93069772859 
 2.22299648253  2.22299648127 
 2.5595479227  2.55954791913 
 2.94705170255  2.94705169172 
 3.3932217719  3.39322173675 
 3.90693993705  3.90693981486 
 4.49843266897  4.49843221157 
 5.17947467923  5.17947282891 
 5.96362331659  5.96361519306 
 6.86648845004  6.86644957577 
 7.90604321091  7.9058394277 
 9.10298177992  9.10180632579 
 10.4811313415  10.4736520887 
 12.0679264064  12.0161199342 
 13.8949549437  13.5458395482 
 15.9985871961  14.4452208466 
 18.4206996933  14.6537200481 
 21.2095088792  14.6787163404 
 24.4205309455  14.6801925986 
 28.1176869797  14.6793243016 
 32.3745754282  14.6782449412 
 37.2759372031  14.6771180403 
 42.9193426013  14.6759210972 
 49.4171336132  14.6746028553 
 56.8986602902  14.6730849692 
 65.512855686  14.6712552123 
 75.4312006335  14.6689471115 
 86.8511373751  14.6659123896 
 100.0  14.6617769937 
10.9854114199 50 
 0.1  0.0999999999999 
 0.115139539933  0.115139539932 
 0.132571136559  0.132571136558 
 0.152641796718  0.152641796717 
 0.175751062485  0.175751062485 
 0.202358964773  0.202358964772 
 0.232995181052  0.232995181051 
 0.268269579528  0.268269579527 
 0.308884359648  0.308884359646 
 0.355648030622  0.35564803062 
 0.409491506238  0.409491506234 
 0.471486636346  0.471486636342 
 0.542867543932  0.542867543928 
 0.625055192527  0.62505519252 
 0.719685673001  0.719685672987 
 0.828642772855  0.828642772842 
 0.95409547635  0.954095476328 
 1.09854114199  1.09854114194 
 1.26485521686  1.26485521681 
 1.4563484775  1.45634847743 
 1.67683293681  1.67683293655 
 1.93069772888  1.93069772747 
 2.22299648253  2.22299647911 
 2.5595479227  2.55954791369 
 2.94705170255  2.94705167482 
 3.3932217719  3.39322168096 
 3.90693993705  3.90693961756 
 4.49843266897  4.49843146168 
 5.17947467923  5.17946975811 
 5.96362331659  5.96360157224 
 6.86648845004  6.86638386926 
 7.90604321091  7.90549325838 
 9.10298177992  9.09980829507 
 10.4811313415  10.4610866577 
 12.0679264064  11.935073338 
 13.8949549437  13.1569787525 
 15.9985871961  13.641201416 
 18.4206996933  13.7254373708 
 21.2095088792  13.7349236706 
 24.4205309455  13.7352396085 
 28.1176869797  13.7345597072 
 32.3745754282  13.7337200311 
 37.2759372031  13.7327617352 
 42.9193426013  13.7316344738 
 49.4171336132  13.7302580142 
 56.8986602902  13.7285150115 
 65.512855686  13.7262352433 
 75.4312006335  13.7231683523 
 86.8511373751  13.7189423498 
 100.0  13.7129975558 
18.4206996933 50 
 0.1  0.0999999999994 
 0.115139539933  0.115139539932 
 0.132571136559  0.132571136559 
 0.152641796718  0.152641796717 
 0.175751062485  0.175751062485 
 0.202358964773  0.202358964772 
 0.232995181052  0.23299518105 
 0.268269579528  0.268269579524 
 0.308884359648  0.30888435964 
 0.355648030622  0.355648030611 
 0.409491506238  0.409491506224 
 0.471486636346  0.471486636331 
 0.542867543932  0.542867543913 
 0.625055192527  0.625055192487 
 0.719685673001  0.719685672956 
 0.828642772855  0.828642772799 
 0.95409547635  0.954095476263 
 1.09854114199  1.09854114149 
 1.26485521686  1.26485521601 
 1.4563484775  1.45634847581 
 1.67683293681  1.6768329339 
 1.93069772888  1.93069772459 
 2.22299648253  2.22299647074 
 2.5595479227  2.55954789532 
 2.94705170255  2.94705162905 
 3.3932217719  3.3932215302 
 3.90693993705  3.90693908259 
 4.49843266897  4.4984294247 
 5.17947467923  5.17946142046 
 5.96362331659  5.96356466536 
 6.86648845004  6.86620663865 
 7.90604321091  7.904567099 
 9.10298177992  9.09454460943 
 10.4811313415  10.42927564 
 12.0679264064  11.7581259864 
 13.8949549437  12.5939729208 
 15.9985871961  12.8267143101 
 18.4206996933  12.8626517085 
 21.2095088792  12.8667203587 
 24.4205309455  12.8666812206 
 28.1176869797  12.8660968569 
 32.3745754282  12.8653382012 
 37.2759372031  12.8643924736 
 42.9193426013  12.8631853481 
 49.4171336132  12.8616067552 
 56.8986602902  12.8594975299 
 65.512855686  12.8566279932 
 75.4312006335  12.8526615587 
 86.8511373751  12.8471039078 
 100.0  12.8392203383 
30.8884359648 50 
 0.1  0.0999999999999 
 0.115139539933  0.115139539933 
 0.132571136559  0.132571136559 
 0.152641796718  0.152641796717 
 0.175751062485  0.175751062485 
 0.202358964773  0.202358964768 
 0.232995181052  0.232995181045 
 0.268269579528  0.268269579523 
 0.308884359648  0.308884359644 
 0.355648030622  0.355648030618 
 0.409491506238  0.409491506233 
 0.471486636346  0.471486636308 
 0.542867543932  0.542867543853 
 0.625055192527  0.625055192405 
 0.719685673001  0.719685672835 
 0.828642772855  0.828642772543 
 0.95409547635  0.95409547548 
 1.09854114199  1.09854113952 
 1.26485521686  1.26485521296 
 1.4563484775  1.45634847157 
 1.67683293681  1.6768329257 
 1.93069772888  1.93069770631 
 2.22299648253  2.22299643033 
 2.5595479227  2.55954780517 
 2.94705170255  2.94705144888 
 3.3932217719  3.39322108619 
 3.90693993705  3.90693763602 
 4.49843266897  4.49842394856 
 5.17947467923  5.1794391509 
 5.96362331659  5.96346727249 
 6.86648845004  6.86574691511 
 7.90604321091  7.90222369403 
 9.10298177992  9.08175428229 
 10.4811313415  10.358763347 
 12.0679264064  11.4573722859 
 13.8949549437  11.9684235116 
 15.9985871961  12.0842206102 
 18.4206996933  12.1021720732 
 21.2095088792  12.1042945666 
 24.4205309455  12.1041712282 
 28.1176869797  12.1036719941 
 32.3745754282  12.1029913917 
 37.2759372031  12.1020959798 
 42.9193426013  12.1009041679 
 49.4171336132  12.099297095 
 56.8986602902  12.0971067932 
 65.512855686  12.0940929781 
 75.4312006335  12.089913758 
 86.8511373751  12.0840837758 
 100.0  12.0759226595 
51.7947467923 50 
 0.1  0.1 
 0.115139539933  0.115139539933 
 0.132571136559  0.132571136559 
 0.152641796718  0.152641796712 
 0.175751062485  0.175751062483 
 0.202358964773  0.202358964771 
 0.232995181052  0.232995181051 
 0.268269579528  0.268269579528 
 0.308884359648  0.308884359647 
 0.355648030622  0.35564803062 
 0.409491506238  0.409491506167 
 0.471486636346  0.47148663627 
 0.542867543932  0.54286754392 
 0.625055192527  0.625055192511 
 0.719685673001  0.719685672937 
 0.828642772855  0.828642772047 
 0.95409547635  0.954095474411 
 1.09854114199  1.09854113878 
 1.26485521686  1.2648552099 
 1.4563484775  1.45634846401 
 1.67683293681  1.67683290871 
 1.93069772888  1.9306976749 
 2.22299648253  2.22299634117 
 2.5595479227  2.55954756519 
 2.94705170255  2.94705082101 
 3.3932217719  3.39321944089 
 3.90693993705  3.90693316346 
 4.49843266897  4.49840966412 
 5.17947467923  5.17938296311 
 5.96362331659  5.9632293279 
 6.86648845004  6.86466853683 
 7.90604321091  7.89701408409 
 9.10298177992  9.05550496561 
 10.4811313415  10.2356303688 
 12.0679264064  11.0827642987 
 13.8949549437  11.3959856512 
 15.9985871961  11.4621640948 
 18.4206996933  11.472939318 
 21.2095088792  11.4743447139 
 24.4205309455  11.4743312316 
 28.1176869797  11.4740724243 
 32.3745754282  11.4737024226 
 37.2759372031  11.4732065524 
 42.9193426013  11.4725426212 
 49.4171336132  11.4716509568 
 56.8986602902  11.4704551238 
 65.512855686  11.4688598589 
 75.4312006335  11.466759165 
 86.8511373751  11.4640682402 
 100.0  11.4608137769 
86.8511373751 50 
 0.1  0.0999999999999 
 0.115139539933  0.115139539927 
 0.132571136559  0.132571136558 
 0.152641796718  0.152641796718 
 0.175751062485  0.175751062486 
 0.202358964773  0.202358964774 
 0.232995181052  0.232995181052 
 0.268269579528  0.268269579528 
 0.308884359648  0.30888435961 
 0.355648030622  0.355648030588 
 0.409491506238  0.409491506255 
 0.471486636346  0.471486636374 
 0.542867543932  0.542867543952 
 0.625055192527  0.625055192485 
 0.719685673001  0.719685672515 
 0.828642772855  0.828642772133 
 0.95409547635  0.954095476348 
 1.09854114199  1.09854114093 
 1.26485521686  1.26485520901 
 1.4563484775  1.45634845319 
 1.67683293681  1.6768328847 
 1.93069772888  1.93069761023 
 2.22299648253  2.22299618604 
 2.5595479227  2.55954716085 
 2.94705170255  2.94704964755 
 3.3932217719  3.39321591028 
 3.90693993705  3.90692213779 
 4.49843266897  4.49837378317 
 5.17947467923  5.17925760338 
 5.96362331659  5.96273417855 
 6.86648845004  6.86257559854 
 7.90604321091  7.88770349123 
 9.10298177992  9.01357806889 
 10.4811313415  10.0749442648 
 12.0679264064  10.7208216315 
 13.8949549437  10.9291378957 
 15.9985871961  10.9726041322 
 18.4206996933  10.9801082325 
 21.2095088792  10.9813882392 
 24.4205309455  10.9817781878 
 28.1176869797  10.9821290417 
 32.3745754282  10.9825899292 
 37.2759372031  10.9832294362 
 42.9193426013  10.9841315894 
 49.4171336132  10.9854257395 
 56.8986602902  10.9873180352 
 65.512855686  10.9901505764 
 75.4312006335  10.9945089491 
 86.8511373751  11.0014320685 
 100.0  11.0128208701 
145.63484775 50 
 0.1  0.1 
 0.115139539933  0.115139539934 
 0.132571136559  0.13257113656 
 0.152641796718  0.152641796719 
 0.175751062485  0.175751062487 
 0.202358964773  0.202358964774 
 0.232995181052  0.232995181052 
 0.268269579528  0.268269579485 
 0.308884359648  0.308884359663 
 0.355648030622  0.355648030667 
 0.409491506238  0.409491506292 
 0.471486636346  0.471486636386 
 0.542867543932  0.542867543776 
 0.625055192527  0.625055192368 
 0.719685673001  0.719685672874 
 0.828642772855  0.8286427739 
 0.95409547635  0.954095476322 
 1.09854114199  1.09854113905 
 1.26485521686  1.26485521701 
 1.4563484775  1.45634847498 
 1.67683293681  1.67683286878 
 1.93069772888  1.93069756672 
 2.22299648253  2.22299608422 
 2.5595479227  2.55954685444 
 2.94705170255  2.94704862935 
 3.3932217719  3.39321252922 
 3.90693993705  3.90691001141 
 4.49843266897  4.4983286159 
 5.17947467923  5.17907994255 
 5.96362331659  5.96199559799 
 6.86648845004  6.85942146689 
 7.90604321091  7.87472106282 
 9.10298177992  8.96123383535 
 10.4811313415  9.90824945932 
 12.0679264064  10.414959136 
 13.8949549437  10.5658686136 
 15.9985871961  10.5974499994 
 18.4206996933  10.603441775 
 21.2095088792  10.6051064994 
 24.4205309455  10.6063730768 
 28.1176869797  10.6079641037 
 32.3745754282  10.6101294049 
 37.2759372031  10.6131194165 
 42.9193426013  10.6172881596 
 49.4171336132  10.623163404 
 56.8986602902  10.6315520303 
 65.512855686  10.6437174691 
 75.4312006335  10.6616913289 
 86.8511373751  10.6888291322 
 100.0  10.7308109771 
244.205309455 50 
 0.1  0.100000000002 
 0.115139539933  0.115139539935 
 0.132571136559  0.132571136561 
 0.152641796718  0.15264179672 
 0.175751062485  0.175751062487 
 0.202358964773  0.202358964772 
 0.232995181052  0.232995181058 
 0.268269579528  0.268269579564 
 0.308884359648  0.308884359717 
 0.355648030622  0.355648030699 
 0.409491506238  0.409491506292 
 0.471486636346  0.471486635679 
 0.542867543932  0.542867543897 
 0.625055192527  0.625055192772 
 0.719685673001  0.71968567367 
 0.828642772855  0.828642773323 
 0.95409547635  0.954095475634 
 1.09854114199  1.09854114054 
 1.26485521686  1.26485521213 
 1.4563484775  1.45634844414 
 1.67683293681  1.67683286046 
 1.93069772888  1.93069754738 
 2.22299648253  2.22299600935 
 2.5595479227  2.55954663347 
 2.94705170255  2.9470480036 
 3.3932217719  3.39321022847 
 3.90693993705  3.90690173092 
 4.49843266897  4.498296442 
 5.17947467923  5.17894534523 
 5.96362331659  5.96139075224 
 6.86648845004  6.85651319161 
 7.90604321091  7.86062986479 
 9.10298177992  8.90562136332 
 10.4811313415  9.75458100478 
 12.0679264064  10.1666012989 
 13.8949549437  10.2832590785 
 15.9985871961  10.3081084804 
 18.4206996933  10.313741499 
 21.2095088792  10.3164458828 
 24.4205309455  10.3193610104 
 28.1176869797  10.3232379941 
 32.3745754282  10.3285504573 
 37.2759372031  10.3358972628 
 42.9193426013  10.3461452252 
 49.4171336132  10.3605858238 
 56.8986602902  10.3811830945 
 65.512855686  10.4109913035 
 75.4312006335  10.454872261 
 86.8511373751  10.5207538132 
 100.0  10.6218802769 
409.491506238 50 
 0.1  0.100000000003 
 0.115139539933  0.115139539935 
 0.132571136559  0.132571136561 
 0.152641796718  0.152641796718 
 0.175751062485  0.175751062488 
 0.202358964773  0.202358964796 
 0.232995181052  0.232995181112 
 0.268269579528  0.268269579626 
 0.308884359648  0.30888435975 
 0.355648030622  0.355648030684 
 0.409491506238  0.409491506172 
 0.471486636346  0.471486636501 
 0.542867543932  0.542867544223 
 0.625055192527  0.625055193009 
 0.719685673001  0.719685674018 
 0.828642772855  0.828642773442 
 0.95409547635  0.954095473331 
 1.09854114199  1.09854113699 
 1.26485521686  1.26485519415 
 1.4563484775  1.45634845506 
 1.67683293681  1.67683285188 
 1.93069772888  1.93069752918 
 2.22299648253  2.2229959614 
 2.5595479227  2.55954650809 
 2.94705170255  2.94704753003 
 3.3932217719  3.39320882909 
 3.90693993705  3.9068966257 
 4.49843266897  4.4982766624 
 5.17947467923  5.17886174004 
 5.96362331659  5.96101037348 
 6.86648845004  6.85465173235 
 7.90604321091  7.85108893359 
 9.10298177992  8.85989473245 
 10.4811313415  9.61989241051 
 12.0679264064  9.96397076056 
 13.8949549437  10.0587176348 
 15.9985871961  10.0798793578 
 18.4206996933  10.0862614925 
 21.2095088792  10.0910118158 
 24.4205309455  10.096880294 
 28.1176869797  10.104830522 
 32.3745754282  10.1157692543 
 37.2759372031  10.130942622 
 42.9193426013  10.1521814485 
 49.4171336132  10.182233887 
 56.8986602902  10.2253152718 
 65.512855686  10.2880493168 
 75.4312006335  10.3811312201 
 86.8511373751  10.5224189224 
 100.0  10.7431662327 
686.648845004 50 
 0.1  0.100000000003 
 0.115139539933  0.115139539934 
 0.132571136559  0.132571136561 
 0.152641796718  0.152641796737 
 0.175751062485  0.175751062533 
 0.202358964773  0.202358964879 
 0.232995181052  0.232995181184 
 0.268269579528  0.268269579655 
 0.308884359648  0.308884359725 
 0.355648030622  0.355648030655 
 0.409491506238  0.409491506512 
 0.471486636346  0.47148663671 
 0.542867543932  0.542867544179 
 0.625055192527  0.62505519414 
 0.719685673001  0.719685673519 
 0.828642772855  0.828642771081 
 0.95409547635  0.954095474458 
 1.09854114199  1.09854113563 
 1.26485521686  1.26485521342 
 1.4563484775  1.45634843525 
 1.67683293681  1.67683285472 
 1.93069772888  1.93069752793 
 2.22299648253  2.22299594343 
 2.5595479227  2.55954643706 
 2.94705170255  2.94704728501 
 3.3932217719  3.39320797062 
 3.90693993705  3.90689357269 
 4.49843266897  4.49826482773 
 5.17947467923  5.17881170337 
 5.96362331659  5.96078222654 
 6.86648845004  6.85353319802 
 7.90604321091  7.84538579732 
 9.10298177992  8.83340687054 
 10.4811313415  9.53688760982 
 12.0679264064  9.81306675544 
 13.8949549437  9.87720814162 
 15.9985871961  9.89560219302 
 18.4206996933  9.90416456811 
 21.2095088792  9.91262930418 
 24.4205309455  9.92370543927 
 28.1176869797  9.93885204908 
 32.3745754282  9.95979077029 
 37.2759372031  9.9889964122 
 42.9193426013  10.0301642842 
 49.4171336132  10.0889496834 
 56.8986602902  10.1742484301 
 65.512855686  10.3005451756 
 75.4312006335  10.4925661508 
 86.8511373751  10.7957277317 
 100.0  11.3047952824 
1151.39539933 50 
 0.1  0.100000000004 
 0.115139539933  0.115139539952 
 0.132571136559  0.132571136603 
 0.152641796718  0.152641796801 
 0.175751062485  0.175751062633 
 0.202358964773  0.202358964922 
 0.232995181052  0.232995181202 
 0.268269579528  0.268269579573 
 0.308884359648  0.308884359819 
 0.355648030622  0.355648031081 
 0.409491506238  0.409491506721 
 0.471486636346  0.471486633415 
 0.542867543932  0.542867546101 
 0.625055192527  0.625055192941 
 0.719685673001  0.719685669657 
 0.828642772855  0.828642769429 
 0.95409547635  0.954095476814 
 1.09854114199  1.0985411373 
 1.26485521686  1.26485521675 
 1.4563484775  1.45634845971 
 1.67683293681  1.67683283494 
 1.93069772888  1.93069749576 
 2.22299648253  2.22299592556 
 2.5595479227  2.55954638936 
 2.94705170255  2.94704715939 
 3.3932217719  3.39320746711 
 3.90693993705  3.90689179881 
 4.49843266897  4.49825765917 
 5.17947467923  5.17878191773 
 5.96362331659  5.96064581326 
 6.86648845004  6.8528661473 
 7.90604321091  7.84200343525 
 9.10298177992  8.81807211145 
 10.4811313415  9.49238283265 
 12.0679264064  9.74163367664 
 13.8949549437  9.79595504345 
 15.9985871961  9.80881186233 
 18.4206996933  9.81643882581 
 21.2095088792  9.82602520045 
 24.4205309455  9.8393849825 
 28.1176869797  9.85847063145 
 32.3745754282  9.88631597349 
 37.2759372031  9.92807555041 
 42.9193426013  9.99371897613 
 49.4171336132  10.1059062375 
 56.8986602902  10.2750084683 
 65.512855686  10.5353898768 
 75.4312006335  10.9580659441 
 86.8511373751  34.2161606243 
 100.0  63.0574455853 
1930.69772888 50 
 0.1  0.100000000048 
 0.115139539933  0.115139539962 
 0.132571136559  0.132571136635 
 0.152641796718  0.152641796731 
 0.175751062485  0.175751062537 
 0.202358964773  0.202358964919 
 0.232995181052  0.232995181047 
 0.268269579528  0.268269579547 
 0.308884359648  0.308884360382 
 0.355648030622  0.355648031263 
 0.409491506238  0.409491506299 
 0.471486636346  0.471486638823 
 0.542867543932  0.542867543908 
 0.625055192527  0.625055193927 
 0.719685673001  0.719685676042 
 0.828642772855  0.828642774528 
 0.95409547635  0.954095474382 
 1.09854114199  1.09854113917 
 1.26485521686  1.26485520029 
 1.4563484775  1.45634844707 
 1.67683293681  1.67683284769 
 1.93069772888  1.93069749214 
 2.22299648253  2.22299592252 
 2.5595479227  2.55954635912 
 2.94705170255  2.94704703999 
 3.3932217719  3.39320708493 
 3.90693993705  3.90689071672 
 4.49843266897  4.49825334406 
 5.17947467923  5.17876398093 
 5.96362331659  5.96056459658 
 6.86648845004  6.85246910157 
 7.90604321091  7.83999463758 
 9.10298177992  8.8091059529 
 10.4811313415  9.46753394569 
 12.0679264064  9.70523030265 
 13.8949549437  9.76041252597 
 15.9985871961  9.7806930156 
 18.4206996933  9.79682345672 
 21.2095088792  9.81248803834 
 24.4205309455  9.83323408294 
 28.1176869797  9.86362732023 
 32.3745754282  9.90932047252 
 37.2759372031  9.98035828275 
 42.9193426013  10.0960701906 
 49.4171336132  10.3061816475 
 56.8986602902  10.6636615745 
 65.512855686  14.7253063396 
 75.4312006335  42.5148555996 
 86.8511373751  61.9374265865 
 100.0  80.4368040155 
3237.45754282 50 
 0.1  0.100000000017 
 0.115139539933  0.115139539943 
 0.132571136559  0.13257113662 
 0.152641796718  0.152641796758 
 0.175751062485  0.175751062531 
 0.202358964773  0.202358964739 
 0.232995181052  0.232995181068 
 0.268269579528  0.268269579741 
 0.308884359648  0.308884360401 
 0.355648030622  0.355648030667 
 0.409491506238  0.409491506343 
 0.471486636346  0.471486636447 
 0.542867543932  0.542867541991 
 0.625055192527  0.625055193095 
 0.719685673001  0.719685673702 
 0.828642772855  0.828642772763 
 0.95409547635  0.954095470666 
 1.09854114199  1.0985411261 
 1.26485521686  1.26485520367 
 1.4563484775  1.45634844686 
 1.67683293681  1.67683283432 
 1.93069772888  1.93069748252 
 2.22299648253  2.22299589872 
 2.5595479227  2.55954634236 
 2.94705170255  2.94704698914 
 3.3932217719  3.39320696373 
 3.90693993705  3.90688998343 
 4.49843266897  4.49825075913 
 5.17947467923  5.17875347325 
 5.96362331659  5.96051599556 
 6.86648845004  6.85223179701 
 7.90604321091  7.83880029555 
 9.10298177992  8.80383924097 
 10.4811313415  9.45356419936 
 12.0679264064  9.68752348468 
 13.8949549437  9.75180902313 
 15.9985871961  9.79274666785 
 18.4206996933  9.83500448217 
 21.2095088792  9.87696196726 
 24.4205309455  9.916972316 
 28.1176869797  9.9640017399 
 32.3745754282  10.0390996735 
 37.2759372031  10.1668286468 
 42.9193426013  10.4055025931 
 49.4171336132  10.9019066584 
 56.8986602902  27.9229607694 
 65.512855686  43.8595889025 
 75.4312006335  58.4134176237 
 86.8511373751  73.2068628805 
 100.0  88.9629327039 
5428.67543932 50 
 0.1  0.100000000072 
 0.115139539933  0.115139539984 
 0.132571136559  0.132571136675 
 0.152641796718  0.152641796732 
 0.175751062485  0.175751062537 
 0.202358964773  0.202358964819 
 0.232995181052  0.23299518114 
 0.268269579528  0.268269579755 
 0.308884359648  0.308884360115 
 0.355648030622  0.355648031072 
 0.409491506238  0.409491506432 
 0.471486636346  0.471486637492 
 0.542867543932  0.542867544322 
 0.625055192527  0.625055193601 
 0.719685673001  0.719685672729 
 0.828642772855  0.828642770577 
 0.95409547635  0.954095470064 
 1.09854114199  1.09854113828 
 1.26485521686  1.2648552097 
 1.4563484775  1.45634844914 
 1.67683293681  1.67683284286 
 1.93069772888  1.93069749904 
 2.22299648253  2.22299588545 
 2.5595479227  2.55954633438 
 2.94705170255  2.94704697252 
 3.3932217719  3.39320684463 
 3.90693993705  3.90688958026 
 4.49843266897  4.49824920174 
 5.17947467923  5.17874697901 
 5.96362331659  5.96048708305 
 6.86648845004  6.85209024401 
 7.90604321091  7.83809019316 
 9.10298177992  8.80075835959 
 10.4811313415  9.44603663027 
 12.0679264064  9.68233860056 
 13.8949549437  9.7699067983 
 15.9985871961  9.86366970411 
 18.4206996933  9.97496537065 
 21.2095088792  10.0848776808 
 24.4205309455  10.1858597422 
 28.1176869797  10.2772369512 
 32.3745754282  10.3730463971 
 37.2759372031  10.6032199736 
 42.9193426013  17.5165374104 
 49.4171336132  30.8656675418 
 56.8986602902  42.348645403 
 65.512855686  53.806690671 
 75.4312006335  65.9018999071 
 86.8511373751  79.0531641862 
 100.0  93.6094783379 
9102.98177992 50 
 0.1  0.100000000127 
 0.115139539933  0.115139539954 
 0.132571136559  0.132571136607 
 0.152641796718  0.152641796732 
 0.175751062485  0.175751062538 
 0.202358964773  0.202358964964 
 0.232995181052  0.232995181708 
 0.268269579528  0.268269581271 
 0.308884359648  0.308884359773 
 0.355648030622  0.355648030664 
 0.409491506238  0.409491506156 
 0.471486636346  0.471486635539 
 0.542867543932  0.542867544146 
 0.625055192527  0.625055192984 
 0.719685673001  0.719685672504 
 0.828642772855  0.828642773477 
 0.95409547635  0.95409547406 
 1.09854114199  1.09854113128 
 1.26485521686  1.26485520814 
 1.4563484775  1.45634843555 
 1.67683293681  1.67683284406 
 1.93069772888  1.93069751762 
 2.22299648253  2.22299589182 
 2.5595479227  2.55954629693 
 2.94705170255  2.94704695233 
 3.3932217719  3.39320679625 
 3.90693993705  3.90688930224 
 4.49843266897  4.49824830571 
 5.17947467923  5.17874296421 
 5.96362331659  5.96046975831 
 6.86648845004  6.85200644735 
 7.90604321091  7.83766894437 
 9.10298177992  8.79899507409 
 10.4811313415  9.44270053429 
 12.0679264064  9.68836147078 
 13.8949549437  9.82681412513 
 15.9985871961  10.0425852328 
 18.4206996933  10.3054657336 
 21.2095088792  10.5480093708 
 24.4205309455  10.7555889969 
 28.1176869797  10.9343479587 
 32.3745754282  14.3787440499 
 37.2759372031  21.5477372335 
 42.9193426013  30.6470382478 
 49.4171336132  39.5294191442 
 56.8986602902  48.8142331987 
 65.512855686  58.8553012703 
 75.4312006335  69.9321876167 
 86.8511373751  82.3075237367 
 100.0  96.2516260578 
15264.1796718 50 
 0.1  0.10000000006 
 0.115139539933  0.115139539952 
 0.132571136559  0.132571136681 
 0.152641796718  0.152641797031 
 0.175751062485  0.175751062487 
 0.202358964773  0.202358964932 
 0.232995181052  0.232995181034 
 0.268269579528  0.268269578705 
 0.308884359648  0.308884359913 
 0.355648030622  0.35564803107 
 0.409491506238  0.409491506146 
 0.471486636346  0.471486635624 
 0.542867543932  0.542867544667 
 0.625055192527  0.625055192733 
 0.719685673001  0.719685674356 
 0.828642772855  0.828642770838 
 0.95409547635  0.954095476394 
 1.09854114199  1.09854113873 
 1.26485521686  1.26485519685 
 1.4563484775  1.45634843442 
 1.67683293681  1.67683284337 
 1.93069772888  1.93069750853 
 2.22299648253  2.22299587959 
 2.5595479227  2.55954626903 
 2.94705170255  2.94704688454 
 3.3932217719  3.39320673615 
 3.90693993705  3.90688915278 
 4.49843266897  4.4982477889 
 5.17947467923  5.17874059493 
 5.96362331659  5.96045941754 
 6.86648845004  6.85195559297 
 7.90604321091  7.83742092684 
 9.10298177992  8.79805889405 
 10.4811313415  9.44260031739 
 12.0679264064  9.70800633997 
 13.8949549437  9.9475393687 
 15.9985871961  10.3951657113 
 18.4206996933  10.9073039163 
 21.2095088792  16.207140394 
 24.4205309455  18.575821633 
 28.1176869797  21.1894481549 
 32.3745754282  24.8653928096 
 37.2759372031  29.809451453 
 42.9193426013  36.1707565213 
 49.4171336132  43.8216580697 
 56.8986602902  52.2489166183 
 65.512855686  61.6428284293 
 75.4312006335  72.2113002176 
 86.8511373751  84.1770481177 
 100.0  97.7858844099 
25595.479227 50 
 0.1  0.100000000142 
 0.115139539933  0.115139539999 
 0.132571136559  0.132571136583 
 0.152641796718  0.152641796803 
 0.175751062485  0.175751063395 
 0.202358964773  0.202358964905 
 0.232995181052  0.232995181596 
 0.268269579528  0.268269579739 
 0.308884359648  0.308884360365 
 0.355648030622  0.355648031131 
 0.409491506238  0.409491506651 
 0.471486636346  0.471486635334 
 0.542867543932  0.542867544274 
 0.625055192527  0.625055193446 
 0.719685673001  0.719685673926 
 0.828642772855  0.828642776189 
 0.95409547635  0.954095468605 
 1.09854114199  1.09854112887 
 1.26485521686  1.26485520965 
 1.4563484775  1.45634844907 
 1.67683293681  1.67683283563 
 1.93069772888  1.93069755521 
 2.22299648253  2.22299588839 
 2.5595479227  2.55954625934 
 2.94705170255  2.94704686421 
 3.3932217719  3.39320677687 
 3.90693993705  3.9068891473 
 4.49843266897  4.49824733064 
 5.17947467923  5.17873931552 
 5.96362331659  5.96045321297 
 6.86648845004  6.85192564589 
 7.90604321091  7.83727768245 
 9.10298177992  8.79769170751 
 10.4811313415  9.44573282699 
 12.0679264064  9.74776127949 
 13.8949549437  10.1641379133 
 15.9985871961  10.9548792508 
 18.4206996933  16.7507486924 
 21.2095088792  19.2791983993 
 24.4205309455  22.0914595216 
 28.1176869797  25.297642736 
 32.3745754282  29.1551708951 
 37.2759372031  33.8494063545 
 42.9193426013  39.488481931 
 49.4171336132  46.218492625 
 56.8986602902  54.1805910169 
 65.512855686  63.238032393 
 75.4312006335  73.5310503834 
 86.8511373751  85.2685899231 
 100.0  98.6869487595 
42919.3426013 50 
 0.1  0.100000000033 
 0.115139539933  0.115139539975 
 0.132571136559  0.132571136659 
 0.152641796718  0.152641796993 
 0.175751062485  0.17575106295 
 0.202358964773  0.20235896534 
 0.232995181052  0.232995181369 
 0.268269579528  0.268269580099 
 0.308884359648  0.308884360096 
 0.355648030622  0.355648030906 
 0.409491506238  0.409491506343 
 0.471486636346  0.471486637083 
 0.542867543932  0.54286754275 
 0.625055192527  0.62505519505 
 0.719685673001  0.719685670268 
 0.828642772855  0.828642772493 
 0.95409547635  0.954095475241 
 1.09854114199  1.09854113791 
 1.26485521686  1.264855205 
 1.4563484775  1.45634844519 
 1.67683293681  1.67683283311 
 1.93069772888  1.93069751965 
 2.22299648253  2.22299588591 
 2.5595479227  2.55954627033 
 2.94705170255  2.94704682699 
 3.3932217719  3.39320661417 
 3.90693993705  3.90688909695 
 4.49843266897  4.49824719914 
 5.17947467923  5.17873842177 
 5.96362331659  5.96044942875 
 6.86648845004  6.85190749567 
 7.90604321091  7.83720120538 
 9.10298177992  8.79779438589 
 10.4811313415  9.45303673755 
 12.0679264064  9.81893502171 
 13.8949549437  10.4979505872 
 15.9985871961  15.4033634909 
 18.4206996933  17.8215857336 
 21.2095088792  20.4960697574 
 24.4205309455  23.5550504789 
 28.1176869797  27.0650018046 
 32.3745754282  31.093853476 
 37.2759372031  35.7983115911 
 42.9193426013  41.3259576875 
 49.4171336132  47.794648773 
 56.8986602902  55.3492464169 
 65.512855686  64.1675295113 
 75.4312006335  74.3049497401 
 86.8511373751  85.9116039899 
 100.0  99.2195251191 
71968.5673001 50 
 0.1  0.100000000185 
 0.115139539933  0.115139539949 
 0.132571136559  0.132571136641 
 0.152641796718  0.152641797104 
 0.175751062485  0.175751062454 
 0.202358964773  0.202358964781 
 0.232995181052  0.23299518113 
 0.268269579528  0.268269579627 
 0.308884359648  0.308884359896 
 0.355648030622  0.35564803275 
 0.409491506238  0.409491506252 
 0.471486636346  0.471486637155 
 0.542867543932  0.542867544725 
 0.625055192527  0.625055190953 
 0.719685673001  0.719685673276 
 0.828642772855  0.828642771683 
 0.95409547635  0.954095474083 
 1.09854114199  1.09854113071 
 1.26485521686  1.26485520802 
 1.4563484775  1.45634844048 
 1.67683293681  1.67683284515 
 1.93069772888  1.93069755888 
 2.22299648253  2.22299588158 
 2.5595479227  2.55954626895 
 2.94705170255  2.9470468564 
 3.3932217719  3.39320659444 
 3.90693993705  3.90688902116 
 4.49843266897  4.49824718548 
 5.17947467923  5.17873792129 
 5.96362331659  5.96044712202 
 6.86648845004  6.85189684564 
 7.90604321091  7.83717024143 
 9.10298177992  8.79840184374 
 10.4811313415  9.46666723813 
 12.0679264064  9.93699983019 
 13.8949549437  12.9888539918 
 15.9985871961  15.8051297375 
 18.4206996933  18.2067921594 
 21.2095088792  20.9521807091 
 24.4205309455  24.1077694654 
 28.1176869797  27.7368639028 
 32.3745754282  31.9104129331 
 37.2759372031  36.7095925983 
 42.9193426013  42.2472759084 
 49.4171336132  48.6757152364 
 56.8986602902  56.128003695 
 65.512855686  64.7601926929 
 75.4312006335  74.7619684417 
 86.8511373751  86.2923231086 
 100.0  99.5354648089 
120679.264064 50 
 0.1  0.0999999999994 
 0.115139539933  0.115139540146 
 0.132571136559  0.132571136618 
 0.152641796718  0.152641797078 
 0.175751062485  0.175751063697 
 0.202358964773  0.202358964878 
 0.232995181052  0.23299518154 
 0.268269579528  0.268269580147 
 0.308884359648  0.308884360685 
 0.355648030622  0.355648031806 
 0.409491506238  0.409491506679 
 0.471486636346  0.471486636743 
 0.542867543932  0.542867539913 
 0.625055192527  0.625055192462 
 0.719685673001  0.719685668266 
 0.828642772855  0.828642769845 
 0.95409547635  0.954095464382 
 1.09854114199  1.09854114297 
 1.26485521686  1.26485519137 
 1.4563484775  1.45634844971 
 1.67683293681  1.67683283647 
 1.93069772888  1.93069754488 
 2.22299648253  2.22299588167 
 2.5595479227  2.55954627579 
 2.94705170255  2.94704684889 
 3.3932217719  3.39320653234 
 3.90693993705  3.90688897043 
 4.49843266897  4.49824700649 
 5.17947467923  5.17873785758 
 5.96362331659  5.96044569675 
 6.86648845004  6.85189035919 
 7.90604321091  7.83717676795 
 9.10298177992  8.79969639872 
 10.4811313415  9.4905268264 
 12.0679264064  10.1170762889 
 13.8949549437  13.8034424136 
 15.9985871961  15.9325922238 
 18.4206996933  18.3446213959 
 21.2095088792  21.1175405391 
 24.4205309455  24.3086604609 
 28.1176869797  27.9814170524 
 32.3745754282  32.2084189883 
 37.2759372031  37.0731161599 
 42.9193426013  42.6714491657 
 49.4171336132  49.115748611 
 56.8986602902  56.556039269 
 65.512855686  65.1481667791 
 75.4312006335  75.0668912304 
 86.8511373751  86.5186585151 
 100.0  99.7232907493 
202358.964773 50 
 0.1  0.100000000029 
 0.115139539933  0.115139540082 
 0.132571136559  0.132571136763 
 0.152641796718  0.152641796691 
 0.175751062485  0.175751062541 
 0.202358964773  0.202358965002 
 0.232995181052  0.232995181388 
 0.268269579528  0.268269580019 
 0.308884359648  0.308884359714 
 0.355648030622  0.3556480312 
 0.409491506238  0.40949150671 
 0.471486636346  0.471486636803 
 0.542867543932  0.542867542635 
 0.625055192527  0.62505518895 
 0.719685673001  0.71968567385 
 0.828642772855  0.828642772456 
 0.95409547635  0.9540954716 
 1.09854114199  1.09854114377 
 1.26485521686  1.2648552171 
 1.4563484775  1.45634843934 
 1.67683293681  1.67683284278 
 1.93069772888  1.93069748344 
 2.22299648253  2.22299588847 
 2.5595479227  2.55954627276 
 2.94705170255  2.94704684728 
 3.3932217719  3.39320653075 
 3.90693993705  3.90688893917 
 4.49843266897  4.49824698456 
 5.17947467923  5.17873762898 
 5.96362331659  5.96044480729 
 6.86648845004  6.85188640341 
 7.90604321091  7.83722440719 
 9.10298177992  8.80207221224 
 10.4811313415  9.53082716669 
 12.0679264064  10.3654248573 
 13.8949549437  13.8703832077 
 15.9985871961  15.9756575754 
 18.4206996933  18.3936703179 
 21.2095088792  21.1767474013 
 24.4205309455  24.3806644798 
 28.1176869797  28.0691181379 
 32.3745754282  32.3153462109 
 37.2759372031  37.2036252246 
 42.9193426013  42.8309461313 
 49.4171336132  49.3089109149 
 56.8986602902  56.7659302223 
 65.512855686  65.3561622222 
 75.4312006335  75.259785723 
 86.8511373751  86.6758165834 
 100.0  99.8359899818 
339322.17719 50 
 0.1  0.100000000027 
 0.115139539933  0.115139539938 
 0.132571136559  0.132571136707 
 0.152641796718  0.152641796857 
 0.175751062485  0.17575106292 
 0.202358964773  0.202358964921 
 0.232995181052  0.232995181198 
 0.268269579528  0.268269579474 
 0.308884359648  0.308884359781 
 0.355648030622  0.355648029712 
 0.409491506238  0.409491506621 
 0.471486636346  0.471486636445 
 0.542867543932  0.542867545872 
 0.625055192527  0.625055192414 
 0.719685673001  0.719685673808 
 0.828642772855  0.828642774842 
 0.95409547635  0.954095474821 
 1.09854114199  1.0985411315 
 1.26485521686  1.26485520268 
 1.4563484775  1.45634844066 
 1.67683293681  1.67683284115 
 1.93069772888  1.93069748573 
 2.22299648253  2.22299586657 
 2.5595479227  2.55954624108 
 2.94705170255  2.94704685096 
 3.3932217719  3.39320657059 
 3.90693993705  3.90688884799 
 4.49843266897  4.49824693026 
 5.17947467923  5.1787375336 
 5.96362331659  5.9604440029 
 6.86648845004  6.85188392139 
 7.90604321091  7.83732628229 
 9.10298177992  8.80626891986 
 10.4811313415  9.59578122716 
 12.0679264064  10.6714590571 
 13.8949549437  13.887295895 
 15.9985871961  15.9905433887 
 18.4206996933  18.4110964243 
 21.2095088792  21.1978514263 
 24.4205309455  24.4063425649 
 28.1176869797  28.1004004231 
 32.3745754282  32.3534935991 
 37.2759372031  37.2501980711 
 42.9193426013  42.8878763127 
 49.4171336132  49.3786072975 
 56.8986602902  56.8514034431 
 65.512855686  65.4547754427 
 75.4312006335  75.360447695 
 86.8511373751  86.7712170498 
 100.0  99.9161560155 
568986.602902 50 
 0.1  0.100000000147 
 0.115139539933  0.115139540082 
 0.132571136559  0.132571136712 
 0.152641796718  0.152641797242 
 0.175751062485  0.175751063188 
 0.202358964773  0.202358965038 
 0.232995181052  0.232995181094 
 0.268269579528  0.268269580529 
 0.308884359648  0.308884360195 
 0.355648030622  0.35564803112 
 0.409491506238  0.409491506685 
 0.471486636346  0.47148663618 
 0.542867543932  0.542867543847 
 0.625055192527  0.625055192899 
 0.719685673001  0.719685673913 
 0.828642772855  0.828642769943 
 0.95409547635  0.954095480293 
 1.09854114199  1.09854114428 
 1.26485521686  1.26485520617 
 1.4563484775  1.45634843046 
 1.67683293681  1.67683283272 
 1.93069772888  1.93069757151 
 2.22299648253  2.22299585422 
 2.5595479227  2.55954627796 
 2.94705170255  2.9470468425 
 3.3932217719  3.39320655848 
 3.90693993705  3.9068888117 
 4.49843266897  4.49824689337 
 5.17947467923  5.17873731923 
 5.96362331659  5.96044348788 
 6.86648845004  6.85188271654 
 7.90604321091  7.83751950133 
 9.10298177992  8.81359035598 
 10.4811313415  9.69278996768 
 12.0679264064  12.0630191581 
 13.8949549437  13.8924164863 
 15.9985871961  15.9957497274 
 18.4206996933  18.4172869066 
 21.2095088792  21.2053624181 
 24.4205309455  24.4154837182 
 28.1176869797  28.1115374849 
 32.3745754282  32.3670756717 
 37.2759372031  37.2667797173 
 42.9193426013  42.9081482197 
 49.4171336132  49.4034272751 
 56.8986602902  56.8818484084 
 65.512855686  65.4921916184 
 75.4312006335  75.4057371074 
 86.8511373751  86.8196797618 
 100.0  99.96307009 
954095.47635 50 
 0.1  0.100000000341 
 0.115139539933  0.115139540316 
 0.132571136559  0.132571137 
 0.152641796718  0.152641796759 
 0.175751062485  0.175751062605 
 0.202358964773  0.20235896497 
 0.232995181052  0.232995181101 
 0.268269579528  0.268269580032 
 0.308884359648  0.308884360873 
 0.355648030622  0.35564803242 
 0.409491506238  0.409491506642 
 0.471486636346  0.471486635729 
 0.542867543932  0.542867545328 
 0.625055192527  0.625055193108 
 0.719685673001  0.719685673736 
 0.828642772855  0.828642771001 
 0.95409547635  0.954095472533 
 1.09854114199  1.09854113183 
 1.26485521686  1.26485520578 
 1.4563484775  1.45634846378 
 1.67683293681  1.67683283042 
 1.93069772888  1.9306974981 
 2.22299648253  2.22299587689 
 2.5595479227  2.55954624837 
 2.94705170255  2.94704683932 
 3.3932217719  3.39320654198 
 3.90693993705  3.9068889074 
 4.49843266897  4.49824683046 
 5.17947467923  5.17873712459 
 5.96362331659  5.96044251869 
 6.86648845004  6.85188146631 
 7.90604321091  7.83787479262 
 9.10298177992  8.82614457889 
 10.4811313415  9.82250446117 
 12.0679264064  12.0668628453 
 13.8949549437  13.8940870654 
 15.9985871961  15.9975827217 
 18.4206996933  18.4194862404 
 21.2095088792  21.2080341259 
 24.4205309455  24.4187352608 
 28.1176869797  28.1154997801 
 32.3745754282  32.371907972 
 37.2759372031  37.2726803961 
 42.9193426013  42.9153610381 
 49.4171336132  49.4122585761 
 56.8986602902  56.8926806172 
 65.512855686  65.5055046345 
 75.4312006335  75.4221444434 
 86.8511373751  86.8399469085 
 100.0  99.9861260956 
1599858.71961 50 
 0.1  0.100000000003 
 0.115139539933  0.115139540107 
 0.132571136559  0.132571136758 
 0.152641796718  0.152641796761 
 0.175751062485  0.175751063318 
 0.202358964773  0.202358965367 
 0.232995181052  0.232995181766 
 0.268269579528  0.268269579925 
 0.308884359648  0.30888436005 
 0.355648030622  0.35564803073 
 0.409491506238  0.409491506497 
 0.471486636346  0.471486638182 
 0.542867543932  0.542867542776 
 0.625055192527  0.625055193802 
 0.719685673001  0.719685671397 
 0.828642772855  0.82864277297 
 0.95409547635  0.954095470321 
 1.09854114199  1.09854113473 
 1.26485521686  1.26485521538 
 1.4563484775  1.45634843495 
 1.67683293681  1.67683283617 
 1.93069772888  1.93069749912 
 2.22299648253  2.22299584742 
 2.5595479227  2.5595462674 
 2.94705170255  2.94704683173 
 3.3932217719  3.39320656214 
 3.90693993705  3.90688890881 
 4.49843266897  4.49824668329 
 5.17947467923  5.17873705887 
 5.96362331659  5.96044157819 
 6.86648845004  6.85188184247 
 7.90604321091  7.83853364126 
 9.10298177992  8.84676015843 
 10.4811313415  9.97342170222 
 12.0679264064  12.0676194162 
 13.8949549437  13.8946532626 
 15.9985871961  15.9982309581 
 18.4206996933  18.4202682171 
 21.2095088792  21.2089841944 
 24.4205309455  24.4198922043 
 28.1176869797  28.1169087172 
 32.3745754282  32.3736262645 
 37.2759372031  37.2747783084 
 42.9193426013  42.9179257736 
 49.4171336132  49.4153987991 
 56.8986602902  56.8965336555 
 65.512855686  65.5102417439 
 75.4312006335  75.4279798742 
 86.8511373751  86.8471575803 
 100.0  99.9950658575 
2682695.79528 50 
 0.1  0.100000000064 
 0.115139539933  0.115139539977 
 0.132571136559  0.132571136569 
 0.152641796718  0.152641796791 
 0.175751062485  0.175751062595 
 0.202358964773  0.202358964811 
 0.232995181052  0.232995181327 
 0.268269579528  0.268269579541 
 0.308884359648  0.308884360001 
 0.355648030622  0.355648030723 
 0.409491506238  0.409491508705 
 0.471486636346  0.471486635007 
 0.542867543932  0.542867544426 
 0.625055192527  0.625055192858 
 0.719685673001  0.719685673048 
 0.828642772855  0.828642773757 
 0.95409547635  0.954095475637 
 1.09854114199  1.09854112852 
 1.26485521686  1.26485521007 
 1.4563484775  1.45634843654 
 1.67683293681  1.67683283426 
 1.93069772888  1.9306975132 
 2.22299648253  2.22299586605 
 2.5595479227  2.55954626325 
 2.94705170255  2.94704684151 
 3.3932217719  3.39320657354 
 3.90693993705  3.90688888955 
 4.49843266897  4.49824671429 
 5.17947467923  5.17873686311 
 5.96362331659  5.96043985916 
 6.86648845004  6.85188592405 
 7.90604321091  7.83977545699 
 9.10298177992  8.8778503323 
 10.4811313415  10.4808112925 
 12.0679264064  12.0678281313 
 13.8949549437  13.894849061 
 15.9985871961  15.9984606935 
 18.4206996933  18.4205462382 
 21.2095088792  21.2093222429 
 24.4205309455  24.4203037373 
 28.1176869797  28.1174103869 
 32.3745754282  32.374237791 
 37.2759372031  37.275524949 
 42.9193426013  42.9188385791 
 49.4171336132  49.4165164542 
 56.8986602902  56.8979032552 
 65.512855686  65.5119251511 
 75.4312006335  75.4300540603 
 86.8511373751  86.8497205433 
 100.0  99.9982453212 
4498432.66897 50 
 0.1  0.100000000084 
 0.115139539933  0.115139539942 
 0.132571136559  0.132571136716 
 0.152641796718  0.152641796727 
 0.175751062485  0.175751063062 
 0.202358964773  0.202358964837 
 0.232995181052  0.232995182656 
 0.268269579528  0.26826957976 
 0.308884359648  0.308884359811 
 0.355648030622  0.355648030968 
 0.409491506238  0.409491507111 
 0.471486636346  0.471486638326 
 0.542867543932  0.542867543702 
 0.625055192527  0.62505519101 
 0.719685673001  0.719685672954 
 0.828642772855  0.828642771759 
 0.95409547635  0.954095468858 
 1.09854114199  1.09854113913 
 1.26485521686  1.26485520899 
 1.4563484775  1.4563484333 
 1.67683293681  1.67683282931 
 1.93069772888  1.9306974992 
 2.22299648253  2.22299587675 
 2.5595479227  2.5595462486 
 2.94705170255  2.9470468446 
 3.3932217719  3.39320655106 
 3.90693993705  3.9068889223 
 4.49843266897  4.49824686373 
 5.17947467923  5.1787364969 
 5.96362331659  5.9604368753 
 6.86648845004  6.85190003947 
 7.90604321091  7.84210809826 
 9.10298177992  8.91901596366 
 10.4811313415  10.4810845333 
 12.0679264064  12.0678934254 
 13.8949549437  13.8949175677 
 15.9985871961  15.998542232 
 18.4206996933  18.420645099 
 21.2095088792  21.2094424731 
 24.4205309455  24.4204501024 
 28.1176869797  28.1175884777 
 32.3745754282  32.374455294 
 37.2759372031  37.2757905579 
 42.9193426013  42.9191632733 
 49.4171336132  49.4169140402 
 56.8986602902  56.8983909596 
 65.512855686  65.5125246252 
 75.4312006335  75.4307926913 
 86.8511373751  86.8506332519 
 100.0  99.9993749336 
7543120.06335 50 
 0.1  0.0999999999995 
 0.115139539933  0.115139540141 
 0.132571136559  0.13257113693 
 0.152641796718  0.152641796701 
 0.175751062485  0.175751062486 
 0.202358964773  0.202358965161 
 0.232995181052  0.232995180458 
 0.268269579528  0.268269580027 
 0.308884359648  0.308884360105 
 0.355648030622  0.35564802825 
 0.409491506238  0.40949150659 
 0.471486636346  0.471486636412 
 0.542867543932  0.542867544062 
 0.625055192527  0.625055192724 
 0.719685673001  0.719685671518 
 0.828642772855  0.828642770713 
 0.95409547635  0.954095470438 
 1.09854114199  1.09854113361 
 1.26485521686  1.26485519383 
 1.4563484775  1.45634843392 
 1.67683293681  1.67683282166 
 1.93069772888  1.93069750005 
 2.22299648253  2.22299587308 
 2.5595479227  2.55954627121 
 2.94705170255  2.94704681222 
 3.3932217719  3.39320658908 
 3.90693993705  3.90688885792 
 4.49843266897  4.49824675046 
 5.17947467923  5.17873628321 
 5.96362331659  5.96043265937 
 6.86648845004  6.85194323062 
 7.90604321091  7.84629985095 
 9.10298177992  8.96532086225 
 10.4811313415  10.4811189979 
 12.0679264064  12.0679150605 
 13.8949549437  13.8949417075 
 15.9985871961  15.9985712049 
 18.4206996933  18.420680263 
 21.2095088792  21.2094852426 
 24.4205309455  24.420502169 
 28.1176869797  28.1176519164 
 32.3745754282  32.3745326636 
 37.2759372031  37.275884988 
 42.9193426013  42.9192787651 
 49.4171336132  49.4170554512 
 56.8986602902  56.8985644156 
 65.512855686  65.5127378385 
 75.4312006335  75.4310554228 
 86.8511373751  86.8509579366 
 100.0  99.9997775289 
12648552.1686 50 
 0.1  0.100000000272 
 0.115139539933  0.115139540135 
 0.132571136559  0.132571136774 
 0.152641796718  0.152641797611 
 0.175751062485  0.17575106251 
 0.202358964773  0.20235896504 
 0.232995181052  0.232995181301 
 0.268269579528  0.268269579717 
 0.308884359648  0.308884360104 
 0.355648030622  0.355648030611 
 0.409491506238  0.409491506658 
 0.471486636346  0.471486636465 
 0.542867543932  0.542867543938 
 0.625055192527  0.625055192176 
 0.719685673001  0.719685672265 
 0.828642772855  0.828642770557 
 0.95409547635  0.954095471137 
 1.09854114199  1.09854113176 
 1.26485521686  1.26485519885 
 1.4563484775  1.4563484393 
 1.67683293681  1.67683284037 
 1.93069772888  1.93069750049 
 2.22299648253  2.22299585539 
 2.5595479227  2.55954623186 
 2.94705170255  2.94704681865 
 3.3932217719  3.39320659171 
 3.90693993705  3.90688898248 
 4.49843266897  4.49824672403 
 5.17947467923  5.17873578037 
 5.96362331659  5.9604254578 
 6.86648845004  6.85206487139 
 7.90604321091  7.85310776458 
 9.10298177992  9.10295657285 
 10.4811313415  10.481127545 
 12.0679264064  12.067922449 
 13.8949549437  13.894950272 
 15.9985871961  15.9985815557 
 18.4206996933  18.4206928473 
 21.2095088792  21.2095004711 
 24.4205309455  24.4205207066 
 28.1176869797  28.1176745007 
 32.3745754282  32.3745602037 
 37.2759372031  37.2759186075 
 42.9193426013  42.9193198611 
 49.4171336132  49.4171057679 
 56.8986602902  56.8986261327 
 65.512855686  65.5128136984 
 75.4312006335  75.4311488958 
 86.8511373751  86.851073443 
 100.0  99.9999207391 
21209508.8792 50 
 0.1  0.100000000238 
 0.115139539933  0.115139539948 
 0.132571136559  0.132571136572 
 0.152641796718  0.152641797111 
 0.175751062485  0.175751062423 
 0.202358964773  0.202358965117 
 0.232995181052  0.23299518106 
 0.268269579528  0.268269579827 
 0.308884359648  0.308884359997 
 0.355648030622  0.355648030768 
 0.409491506238  0.40949150631 
 0.471486636346  0.47148663632 
 0.542867543932  0.542867543916 
 0.625055192527  0.625055192986 
 0.719685673001  0.719685670997 
 0.828642772855  0.828642769819 
 0.95409547635  0.954095472605 
 1.09854114199  1.09854113421 
 1.26485521686  1.26485519667 
 1.4563484775  1.45634843628 
 1.67683293681  1.67683283828 
 1.93069772888  1.93069763822 
 2.22299648253  2.22299587805 
 2.5595479227  2.55954626396 
 2.94705170255  2.94704685394 
 3.3932217719  3.39320663308 
 3.90693993705  3.90688884486 
 4.49843266897  4.4982466326 
 5.17947467923  5.17873477983 
 5.96362331659  5.96041498701 
 6.86648845004  6.85237780559 
 7.90604321091  7.86256793922 
 9.10298177992  9.10297975303 
 10.4811313415  10.4811300907 
 12.0679264064  12.0679250146 
 13.8949549437  13.8949532869 
 15.9985871961  15.9985851908 
 18.4206996933  18.4206972586 
 21.2095088792  21.2095059205 
 24.4205309455  24.4205273478 
 28.1176869797  28.117682602 
 32.3745754282  32.3745700972 
 37.2759372031  37.2759307052 
 42.9193426013  42.9193345124 
 49.4171336132  49.4171237042 
 56.8986602902  56.8986481291 
 65.512855686  65.5128407289 
 75.4312006335  75.4311821913 
 86.8511373751  86.8511145689 
 100.0  99.9999717206 
35564803.0622 50 
 0.1  0.100000000112 
 0.115139539933  0.115139540028 
 0.132571136559  0.132571136578 
 0.152641796718  0.152641796751 
 0.175751062485  0.175751063136 
 0.202358964773  0.202358965939 
 0.232995181052  0.232995181557 
 0.268269579528  0.268269579939 
 0.308884359648  0.308884359761 
 0.355648030622  0.355648033525 
 0.409491506238  0.409491506079 
 0.471486636346  0.471486636592 
 0.542867543932  0.542867545786 
 0.625055192527  0.625055191693 
 0.719685673001  0.719685671947 
 0.828642772855  0.828642770487 
 0.95409547635  0.954095469497 
 1.09854114199  1.09854113297 
 1.26485521686  1.26485519896 
 1.4563484775  1.456348464 
 1.67683293681  1.67683283718 
 1.93069772888  1.93069748462 
 2.22299648253  2.22299588489 
 2.5595479227  2.55954619578 
 2.94705170255  2.94704690183 
 3.3932217719  3.39320653592 
 3.90693993705  3.90688885742 
 4.49843266897  4.49824656998 
 5.17947467923  5.17873306904 
 5.96362331659  5.96040197525 
 6.86648845004  6.8530890043 
 7.90604321091  7.87346300324 
 9.10298177992  9.10298129341 
 10.4811313415  10.4811309155 
 12.0679264064  12.0679259148 
 13.8949549437  13.8949543553 
 15.9985871961  15.998586483 
 18.4206996933  18.4206988274 
 21.2095088792  21.209507827 
 24.4205309455  24.420529666 
 28.1176869797  28.1176854228 
 32.3745754282  32.3745735322 
 37.2759372031  37.2759348922 
 42.9193426013  42.9193397813 
 49.4171336132  49.4171301678 
 56.8986602902  56.8986559651 
 65.512855686  65.5128505177 
 75.4312006335  75.4311942845 
 86.8511373751  86.8511292641 
 100.0  99.9999899353 
59636233.1659 50 
 0.1  0.100000001896 
 0.115139539933  0.115139540137 
 0.132571136559  0.132571137805 
 0.152641796718  0.152641797022 
 0.175751062485  0.175751062998 
 0.202358964773  0.202358965028 
 0.232995181052  0.232995181293 
 0.268269579528  0.26826957944 
 0.308884359648  0.308884359559 
 0.355648030622  0.355648030768 
 0.409491506238  0.409491506165 
 0.471486636346  0.47148663604 
 0.542867543932  0.542867543518 
 0.625055192527  0.625055191879 
 0.719685673001  0.71968567219 
 0.828642772855  0.828642770534 
 0.95409547635  0.954095473275 
 1.09854114199  1.09854114013 
 1.26485521686  1.26485519895 
 1.4563484775  1.45634843042 
 1.67683293681  1.6768328385 
 1.93069772888  1.93069750453 
 2.22299648253  2.22299587097 
 2.5595479227  2.55954628523 
 2.94705170255  2.94704688556 
 3.3932217719  3.39320660246 
 3.90693993705  3.90688895963 
 4.49843266897  4.49824639363 
 5.17947467923  5.1787305438 
 5.96362331659  5.96039260658 
 6.86648845004  6.8544385952 
 7.90604321091  7.90604176083 
 9.10298177992  9.10298163138 
 10.4811313415  10.4811311938 
 12.0679264064  12.0679262327 
 13.8949549437  13.8949547347 
 15.9985871961  15.9985869425 
 18.4206996933  18.4206993853 
 21.2095088792  21.209508505 
 24.4205309455  24.4205304904 
 28.1176869797  28.117686426 
 32.3745754282  32.3745747539 
 37.2759372031  37.2759363812 
 42.9193426013  42.9193415984 
 49.4171336132  49.4171323879 
 56.8986602902  56.8986587908 
 65.512855686  65.5128538479 
 75.4312006335  75.4311983755 
 86.8511373751  86.8511345943 
 100.0  99.9999965652 
100000000.0 50 
 0.1  0.100000000273 
 0.115139539933  0.115139539955 
 0.132571136559  0.132571136797 
 0.152641796718  0.152641796842 
 0.175751062485  0.175751062662 
 0.202358964773  0.202358964754 
 0.232995181052  0.232995181181 
 0.268269579528  0.268269579397 
 0.308884359648  0.30888435961 
 0.355648030622  0.355648030502 
 0.409491506238  0.409491506483 
 0.471486636346  0.47148663623 
 0.542867543932  0.54286754378 
 0.625055192527  0.625055192283 
 0.719685673001  0.719685671815 
 0.828642772855  0.82864277142 
 0.95409547635  0.954095472151 
 1.09854114199  1.09854113055 
 1.26485521686  1.26485519801 
 1.4563484775  1.45634843863 
 1.67683293681  1.67683284729 
 1.93069772888  1.9306974851 
 2.22299648253  2.22299587792 
 2.5595479227  2.55954626582 
 2.94705170255  2.94704691063 
 3.3932217719  3.39320662641 
 3.90693993705  3.90688887384 
 4.49843266897  4.49824621001 
 5.17947467923  5.17872607734 
 5.96362331659  5.96041201915 
 6.86648845004  6.85649234378 
 7.90604321091  7.90604313184 
 9.10298177992  9.10298173066 
 10.4811313415  10.4811312893 
 12.0679264064  12.0679263449 
 13.8949549437  13.8949548694 
 15.9985871961  15.9985871059 
 18.4206996933  18.4206995838 
 21.2095088792  21.2095087461 
 24.4205309455  24.4205307836 
 28.1176869797  28.1176867828 
 32.3745754282  32.3745751884 
 37.2759372031  37.2759369108 
 42.9193426013  42.9193422446 
 49.4171336132  49.4171331774 
 56.8986602902  56.8986597569 
 65.512855686  65.5128550322 
 75.4312006335  75.4311998305 
 86.8511373751  86.8511363861 
 100.0  99.9999987784 
