0.001 50 
 0.1  0.1 
 0.115139539933  0.115139539933 
 0.132571136559  0.132571136559 
 0.152641796718  0.152641796718 
 0.175751062485  0.175751062485 
 0.202358964773  0.202358964773 
 0.232995181052  0.232995181052 
 0.268269579528  0.268269579528 
 0.308884359648  0.308884359648 
 0.355648030622  0.355648030622 
 0.409491506238  0.409491506238 
 0.471486636346  0.471486636346 
 0.542867543932  0.542867543932 
 0.625055192527  0.625055192527 
 0.719685673001  0.719685673001 
 0.828642772855  0.828642772855 
 0.95409547635  0.95409547635 
 1.09854114199  1.09854114199 
 1.26485521686  1.26485521686 
 1.4563484775  1.4563484775 
 1.67683293681  1.67683293681 
 1.93069772888  1.93069772888 
 2.22299648253  2.22299648253 
 2.5595479227  2.5595479227 
 2.94705170255  2.94705170255 
 3.3932217719  3.3932217719 
 3.90693993705  3.90693993705 
 4.49843266897  4.49843266897 
 5.17947467923  5.17947467923 
 5.96362331659  5.96362331659 
 6.86648845004  6.86648845004 
 7.90604321091  7.90604321091 
 9.10298177992  9.10298177991 
 10.4811313415  10.4811313415 
 12.0679264064  12.0679264064 
 13.8949549437  13.8949549437 
 15.9985871961  15.998587196 
 18.4206996933  18.4206996931 
 21.2095088792  21.2095088786 
 24.4205309455  24.420530943 
 28.1176869797  28.1176869681 
 32.3745754282  32.3745753677 
 37.2759372031  37.2759368588 
 42.9193426013  42.9193404455 
 49.4171336132  49.4171187343 
 56.8986602902  56.8985470165 
 65.512855686  65.511905468 
 75.4312006335  75.4224505496 
 86.8511373751  86.7637241682 
 100.0  99.1114605093 
0.00167683293681 50 
 0.1  0.1 
 0.115139539933  0.115139539933 
 0.132571136559  0.132571136559 
 0.152641796718  0.152641796718 
 0.175751062485  0.175751062485 
 0.202358964773  0.202358964773 
 0.232995181052  0.232995181052 
 0.268269579528  0.268269579528 
 0.308884359648  0.308884359648 
 0.355648030622  0.355648030622 
 0.409491506238  0.409491506238 
 0.471486636346  0.471486636346 
 0.542867543932  0.542867543932 
 0.625055192527  0.625055192527 
 0.719685673001  0.719685673001 
 0.828642772855  0.828642772855 
 0.95409547635  0.95409547635 
 1.09854114199  1.09854114199 
 1.26485521686  1.26485521686 
 1.4563484775  1.4563484775 
 1.67683293681  1.67683293681 
 1.93069772888  1.93069772888 
 2.22299648253  2.22299648253 
 2.5595479227  2.5595479227 
 2.94705170255  2.94705170255 
 3.3932217719  3.3932217719 
 3.90693993705  3.90693993705 
 4.49843266897  4.49843266897 
 5.17947467923  5.17947467923 
 5.96362331659  5.96362331659 
 6.86648845004  6.86648845004 
 7.90604321091  7.90604321091 
 9.10298177992  9.10298177991 
 10.4811313415  10.4811313415 
 12.0679264064  12.0679264064 
 13.8949549437  13.8949549437 
 15.9985871961  15.998587196 
 18.4206996933  18.420699693 
 21.2095088792  21.2095088782 
 24.4205309455  24.4205309413 
 28.1176869797  28.1176869597 
 32.3745754282  32.3745753241 
 37.2759372031  37.2759366086 
 42.9193426013  42.9193388622 
 49.4171336132  49.4171076732 
 56.8986602902  56.898461636 
 65.512855686  65.5111780536 
 75.4312006335  75.4156426254 
 86.8511373751  86.6952681746 
 100.0  98.4784143864 
0.00281176869797 50 
 0.1  0.1 
 0.115139539933  0.115139539933 
 0.132571136559  0.132571136559 
 0.152641796718  0.152641796718 
 0.175751062485  0.175751062485 
 0.202358964773  0.202358964773 
 0.232995181052  0.232995181052 
 0.268269579528  0.268269579528 
 0.308884359648  0.308884359648 
 0.355648030622  0.355648030622 
 0.409491506238  0.409491506238 
 0.471486636346  0.471486636346 
 0.542867543932  0.542867543932 
 0.625055192527  0.625055192527 
 0.719685673001  0.719685673001 
 0.828642772855  0.828642772855 
 0.95409547635  0.95409547635 
 1.09854114199  1.09854114199 
 1.26485521686  1.26485521686 
 1.4563484775  1.4563484775 
 1.67683293681  1.67683293681 
 1.93069772888  1.93069772888 
 2.22299648253  2.22299648253 
 2.5595479227  2.5595479227 
 2.94705170255  2.94705170255 
 3.3932217719  3.3932217719 
 3.90693993705  3.90693993705 
 4.49843266897  4.49843266897 
 5.17947467923  5.17947467923 
 5.96362331659  5.96362331659 
 6.86648845004  6.86648845004 
 7.90604321091  7.90604321091 
 9.10298177992  9.10298177991 
 10.4811313415  10.4811313415 
 12.0679264064  12.0679264064 
 13.8949549437  13.8949549437 
 15.9985871961  15.998587196 
 18.4206996933  18.4206996929 
 21.2095088792  21.2095088775 
 24.4205309455  24.4205309382 
 28.1176869797  28.117686945 
 32.3745754282  32.3745752463 
 37.2759372031  37.275936158 
 42.9193426013  42.9193359824 
 49.4171336132  49.4170873307 
 56.8986602902  56.8983026829 
 65.512855686  65.5098057278 
 75.4312006335  75.4026324468 
 86.8511373751  86.5646066318 
 100.0  97.4020802419 
0.00471486636346 50 
 0.1  0.1 
 0.115139539933  0.115139539933 
 0.132571136559  0.132571136559 
 0.152641796718  0.152641796718 
 0.175751062485  0.175751062485 
 0.202358964773  0.202358964773 
 0.232995181052  0.232995181052 
 0.268269579528  0.268269579528 
 0.308884359648  0.308884359648 
 0.355648030622  0.355648030622 
 0.409491506238  0.409491506238 
 0.471486636346  0.471486636346 
 0.542867543932  0.542867543932 
 0.625055192527  0.625055192527 
 0.719685673001  0.719685673001 
 0.828642772855  0.828642772855 
 0.95409547635  0.95409547635 
 1.09854114199  1.09854114199 
 1.26485521686  1.26485521686 
 1.4563484775  1.4563484775 
 1.67683293681  1.67683293681 
 1.93069772888  1.93069772888 
 2.22299648253  2.22299648253 
 2.5595479227  2.5595479227 
 2.94705170255  2.94705170255 
 3.3932217719  3.3932217719 
 3.90693993705  3.90693993705 
 4.49843266897  4.49843266897 
 5.17947467923  5.17947467923 
 5.96362331659  5.96362331659 
 6.86648845004  6.86648845004 
 7.90604321091  7.90604321091 
 9.10298177992  9.10298177991 
 10.4811313415  10.4811313415 
 12.0679264064  12.0679264064 
 13.8949549437  13.8949549437 
 15.9985871961  15.9985871959 
 18.4206996933  18.4206996926 
 21.2095088792  21.2095088763 
 24.4205309455  24.4205309327 
 28.1176869797  28.117686918 
 32.3745754282  32.3745751027 
 37.2759372031  37.2759353152 
 42.9193426013  42.9193305212 
 49.4171336132  49.4170481735 
 56.8986602902  56.8979917704 
 65.512855686  65.5070760641 
 75.4312006335  75.3763773402 
 86.8511373751  86.3048644428 
 100.0  95.6497844522 
0.00790604321091 50 
 0.1  0.1 
 0.115139539933  0.115139539933 
 0.132571136559  0.132571136559 
 0.152641796718  0.152641796718 
 0.175751062485  0.175751062485 
 0.202358964773  0.202358964773 
 0.232995181052  0.232995181052 
 0.268269579528  0.268269579528 
 0.308884359648  0.308884359648 
 0.355648030622  0.355648030622 
 0.409491506238  0.409491506238 
 0.471486636346  0.471486636346 
 0.542867543932  0.542867543932 
 0.625055192527  0.625055192527 
 0.719685673001  0.719685673001 
 0.828642772855  0.828642772855 
 0.95409547635  0.95409547635 
 1.09854114199  1.09854114199 
 1.26485521686  1.26485521686 
 1.4563484775  1.4563484775 
 1.67683293681  1.67683293681 
 1.93069772888  1.93069772888 
 2.22299648253  2.22299648253 
 2.5595479227  2.5595479227 
 2.94705170255  2.94705170255 
 3.3932217719  3.3932217719 
 3.90693993705  3.90693993705 
 4.49843266897  4.49843266897 
 5.17947467923  5.17947467923 
 5.96362331659  5.96362331659 
 6.86648845004  6.86648845004 
 7.90604321091  7.90604321091 
 9.10298177992  9.10298177991 
 10.4811313415  10.4811313415 
 12.0679264064  12.0679264064 
 13.8949549437  13.8949549436 
 15.9985871961  15.9985871958 
 18.4206996933  18.420699692 
 21.2095088792  21.209508874 
 24.4205309455  24.4205309222 
 28.1176869797  28.1176868666 
 32.3745754282  32.3745748246 
 37.2759372031  37.2759336564 
 42.9193426013  42.9193195857 
 49.4171336132  49.4169683253 
 56.8986602902  56.8973456865 
 65.512855686  65.5012968732 
 75.4312006335  75.3201214169 
 86.8511373751  85.7752765662 
 100.0  93.0339049553 
0.0132571136559 50 
 0.1  0.1 
 0.115139539933  0.115139539933 
 0.132571136559  0.132571136559 
 0.152641796718  0.152641796718 
 0.175751062485  0.175751062485 
 0.202358964773  0.202358964773 
 0.232995181052  0.232995181052 
 0.268269579528  0.268269579528 
 0.308884359648  0.308884359648 
 0.355648030622  0.355648030622 
 0.409491506238  0.409491506238 
 0.471486636346  0.471486636346 
 0.542867543932  0.542867543932 
 0.625055192527  0.625055192527 
 0.719685673001  0.719685673001 
 0.828642772855  0.828642772855 
 0.95409547635  0.95409547635 
 1.09854114199  1.09854114199 
 1.26485521686  1.26485521686 
 1.4563484775  1.4563484775 
 1.67683293681  1.67683293681 
 1.93069772888  1.93069772888 
 2.22299648253  2.22299648253 
 2.5595479227  2.5595479227 
 2.94705170255  2.94705170255 
 3.3932217719  3.3932217719 
 3.90693993705  3.90693993705 
 4.49843266897  4.49843266897 
 5.17947467923  5.17947467923 
 5.96362331659  5.96362331659 
 6.86648845004  6.86648845004 
 7.90604321091  7.90604321091 
 9.10298177992  9.10298177991 
 10.4811313415  10.4811313415 
 12.0679264064  12.0679264064 
 13.8949549437  13.8949549436 
 15.9985871961  15.9985871957 
 18.4206996933  18.4206996909 
 21.2095088792  21.2095088695 
 24.4205309455  24.4205309015 
 28.1176869797  28.117686763 
 32.3745754282  32.3745742534 
 37.2759372031  37.2759301849 
 42.9193426013  42.9192962499 
 49.4171336132  49.4167945474 
 56.8986602902  56.8959118439 
 65.512855686  65.4882437363 
 75.4312006335  75.192906139 
 86.8511373751  84.7160951617 
 100.0  89.5683401225 
0.0222299648253 50 
 0.1  0.1 
 0.115139539933  0.115139539933 
 0.132571136559  0.132571136559 
 0.152641796718  0.152641796718 
 0.175751062485  0.175751062485 
 0.202358964773  0.202358964773 
 0.232995181052  0.232995181052 
 0.268269579528  0.268269579528 
 0.308884359648  0.308884359648 
 0.355648030622  0.355648030622 
 0.409491506238  0.409491506238 
 0.471486636346  0.471486636346 
 0.542867543932  0.542867543932 
 0.625055192527  0.625055192527 
 0.719685673001  0.719685673001 
 0.828642772855  0.828642772855 
 0.95409547635  0.95409547635 
 1.09854114199  1.09854114199 
 1.26485521686  1.26485521686 
 1.4563484775  1.4563484775 
 1.67683293681  1.67683293681 
 1.93069772888  1.93069772888 
 2.22299648253  2.22299648253 
 2.5595479227  2.5595479227 
 2.94705170255  2.94705170255 
 3.3932217719  3.3932217719 
 3.90693993705  3.90693993705 
 4.49843266897  4.49843266897 
 5.17947467923  5.17947467923 
 5.96362331659  5.96362331659 
 6.86648845004  6.86648845004 
 7.90604321091  7.90604321091 
 9.10298177992  9.10298177991 
 10.4811313415  10.4811313415 
 12.0679264064  12.0679264063 
 13.8949549437  13.8949549437 
 15.9985871961  15.9985871953 
 18.4206996933  18.4206996887 
 21.2095088792  21.2095088601 
 24.4205309455  24.4205308579 
 28.1176869797  28.1176865401 
 32.3745754282  32.3745730012 
 37.2759372031  37.2759224235 
 42.9193426013  42.919243067 
 49.4171336132  49.4163910471 
 56.8986602902  56.8925238051 
 65.512855686  65.4570135958 
 75.4312006335  74.8962732521 
 86.8511373751  82.7905162146 
 100.0  85.4882469257 
0.0372759372031 50 
 0.1  0.1 
 0.115139539933  0.115139539933 
 0.132571136559  0.132571136559 
 0.152641796718  0.152641796718 
 0.175751062485  0.175751062485 
 0.202358964773  0.202358964773 
 0.232995181052  0.232995181052 
 0.268269579528  0.268269579528 
 0.308884359648  0.308884359648 
 0.355648030622  0.355648030622 
 0.409491506238  0.409491506238 
 0.471486636346  0.471486636346 
 0.542867543932  0.542867543932 
 0.625055192527  0.625055192527 
 0.719685673001  0.719685673001 
 0.828642772855  0.828642772855 
 0.95409547635  0.95409547635 
 1.09854114199  1.09854114199 
 1.26485521686  1.26485521686 
 1.4563484775  1.4563484775 
 1.67683293681  1.67683293681 
 1.93069772888  1.93069772888 
 2.22299648253  2.22299648253 
 2.5595479227  2.5595479227 
 2.94705170255  2.94705170255 
 3.3932217719  3.3932217719 
 3.90693993705  3.90693993705 
 4.49843266897  4.49843266897 
 5.17947467923  5.17947467923 
 5.96362331659  5.96362331659 
 6.86648845004  6.86648845004 
 7.90604321091  7.9060432109 
 9.10298177992  9.10298177991 
 10.4811313415  10.4811313415 
 12.0679264064  12.0679264063 
 13.8949549437  13.8949549438 
 15.9985871961  15.9985871937 
 18.4206996933  18.420699684 
 21.2095088792  21.2095088395 
 24.4205309455  24.4205307597 
 28.1176869797  28.1176860286 
 32.3745754282  32.3745700733 
 37.2759372031  37.275903955 
 42.9193426013  42.9191143865 
 49.4171336132  49.4153995568 
 56.8986602902  56.884088184 
 65.512855686  65.3791332901 
 75.4312006335  74.2168570065 
 86.8511373751  79.8392319677 
 100.0  81.089586903 
0.0625055192527 50 
 0.1  0.1 
 0.115139539933  0.115139539933 
 0.132571136559  0.132571136559 
 0.152641796718  0.152641796718 
 0.175751062485  0.175751062485 
 0.202358964773  0.202358964773 
 0.232995181052  0.232995181052 
 0.268269579528  0.268269579528 
 0.308884359648  0.308884359648 
 0.355648030622  0.355648030622 
 0.409491506238  0.409491506238 
 0.471486636346  0.471486636346 
 0.542867543932  0.542867543932 
 0.625055192527  0.625055192527 
 0.719685673001  0.719685673001 
 0.828642772855  0.828642772855 
 0.95409547635  0.95409547635 
 1.09854114199  1.09854114199 
 1.26485521686  1.26485521686 
 1.4563484775  1.4563484775 
 1.67683293681  1.67683293681 
 1.93069772888  1.93069772888 
 2.22299648253  2.22299648253 
 2.5595479227  2.5595479227 
 2.94705170255  2.94705170255 
 3.3932217719  3.3932217719 
 3.90693993705  3.90693993705 
 4.49843266897  4.49843266897 
 5.17947467923  5.17947467923 
 5.96362331659  5.96362331659 
 6.86648845004  6.86648845004 
 7.90604321091  7.9060432109 
 9.10298177992  9.10298177994 
 10.4811313415  10.4811313415 
 12.0679264064  12.0679264067 
 13.8949549437  13.8949549435 
 15.9985871961  15.9985872019 
 18.4206996933  18.420699673 
 21.2095088792  21.2095087908 
 24.4205309455  24.4205305245 
 28.1176869797  28.1176847832 
 32.3745754282  32.3745628374 
 37.2759372031  37.2758576679 
 42.9193426013  42.9187876937 
 49.4171336132  49.4128540188 
 56.8986602902  56.8622794487 
 65.512855686  65.1819380762 
 75.4312006335  72.8073918645 
 86.8511373751  76.0919982103 
 100.0  76.5976111752 
0.104811313415 50 
 0.1  0.1 
 0.115139539933  0.115139539933 
 0.132571136559  0.132571136559 
 0.152641796718  0.152641796718 
 0.175751062485  0.175751062485 
 0.202358964773  0.202358964773 
 0.232995181052  0.232995181052 
 0.268269579528  0.268269579528 
 0.308884359648  0.308884359648 
 0.355648030622  0.355648030622 
 0.409491506238  0.409491506238 
 0.471486636346  0.471486636346 
 0.542867543932  0.542867543932 
 0.625055192527  0.625055192527 
 0.719685673001  0.719685673001 
 0.828642772855  0.828642772855 
 0.95409547635  0.95409547635 
 1.09854114199  1.09854114199 
 1.26485521686  1.26485521686 
 1.4563484775  1.4563484775 
 1.67683293681  1.67683293681 
 1.93069772888  1.93069772888 
 2.22299648253  2.22299648253 
 2.5595479227  2.5595479227 
 2.94705170255  2.94705170255 
 3.3932217719  3.3932217719 
 3.90693993705  3.90693993705 
 4.49843266897  4.49843266897 
 5.17947467923  5.17947467923 
 5.96362331659  5.96362331659 
 6.86648845004  6.86648845004 
 7.90604321091  7.90604321093 
 9.10298177992  9.10298177995 
 10.4811313415  10.4811313415 
 12.0679264064  12.0679264072 
 13.8949549437  13.8949549422 
 15.9985871961  15.9985872076 
 18.4206996933  18.4206996462 
 21.2095088792  21.20950867 
 24.4205309455  24.4205299198 
 28.1176869797  28.1176816061 
 32.3745754282  32.3745441735 
 37.2759372031  37.2757370847 
 42.9193426013  42.9179291608 
 49.4171336132  49.4061206494 
 56.8986602902  56.8047578637 
 65.512855686  64.6967941124 
 75.4312006335  70.3948338492 
 86.8511373751  71.9609344263 
 100.0  72.1502588487 
0.175751062485 50 
 0.1  0.1 
 0.115139539933  0.115139539933 
 0.132571136559  0.132571136559 
 0.152641796718  0.152641796718 
 0.175751062485  0.175751062485 
 0.202358964773  0.202358964773 
 0.232995181052  0.232995181052 
 0.268269579528  0.268269579528 
 0.308884359648  0.308884359648 
 0.355648030622  0.355648030622 
 0.409491506238  0.409491506238 
 0.471486636346  0.471486636346 
 0.542867543932  0.542867543932 
 0.625055192527  0.625055192527 
 0.719685673001  0.719685673001 
 0.828642772855  0.828642772855 
 0.95409547635  0.95409547635 
 1.09854114199  1.09854114199 
 1.26485521686  1.26485521686 
 1.4563484775  1.4563484775 
 1.67683293681  1.67683293681 
 1.93069772888  1.93069772888 
 2.22299648253  2.22299648253 
 2.5595479227  2.5595479227 
 2.94705170255  2.94705170255 
 3.3932217719  3.39322177189 
 3.90693993705  3.90693993705 
 4.49843266897  4.49843266897 
 5.17947467923  5.17947467924 
 5.96362331659  5.9636233166 
 6.86648845004  6.86648845003 
 7.90604321091  7.90604321099 
 9.10298177992  9.10298177991 
 10.4811313415  10.4811313424 
 12.0679264064  12.0679264071 
 13.8949549437  13.8949549392 
 15.9985871961  15.9985871682 
 18.4206996933  18.4206995774 
 21.2095088792  21.2095083567 
 24.4205309455  24.4205283821 
 28.1176869797  28.1176732307 
 32.3745754282  32.3744946024 
 37.2759372031  37.2754149021 
 42.9193426013  42.9156250869 
 49.4171336132  49.3880340752 
 56.8986602902  56.6536716651 
 65.512855686  63.6211410271 
 75.4312006335  67.119582082 
 86.8511373751  67.7622518382 
 100.0  67.8312648591 
0.294705170255 50 
 0.1  0.1 
 0.115139539933  0.115139539933 
 0.132571136559  0.132571136559 
 0.152641796718  0.152641796718 
 0.175751062485  0.175751062485 
 0.202358964773  0.202358964773 
 0.232995181052  0.232995181052 
 0.268269579528  0.268269579528 
 0.308884359648  0.308884359648 
 0.355648030622  0.355648030622 
 0.409491506238  0.409491506238 
 0.471486636346  0.471486636346 
 0.542867543932  0.542867543932 
 0.625055192527  0.625055192527 
 0.719685673001  0.719685673001 
 0.828642772855  0.828642772855 
 0.95409547635  0.95409547635 
 1.09854114199  1.09854114199 
 1.26485521686  1.26485521686 
 1.4563484775  1.4563484775 
 1.67683293681  1.67683293681 
 1.93069772888  1.93069772888 
 2.22299648253  2.22299648253 
 2.5595479227  2.5595479227 
 2.94705170255  2.94705170255 
 3.3932217719  3.3932217719 
 3.90693993705  3.90693993705 
 4.49843266897  4.49843266897 
 5.17947467923  5.17947467924 
 5.96362331659  5.96362331659 
 6.86648845004  6.86648845014 
 7.90604321091  7.90604321104 
 9.10298177992  9.10298177972 
 10.4811313415  10.4811313401 
 12.0679264064  12.067926405 
 13.8949549437  13.8949549255 
 15.9985871961  15.9985871251 
 18.4206996933  18.420699394 
 21.2095088792  21.209507523 
 24.4205309455  24.4205242331 
 28.1176869797  28.1176507007 
 32.3745754282  32.3743607135 
 37.2759372031  37.2745435123 
 42.9193426013  42.9093957583 
 49.4171336132  49.3396018598 
 56.8986602902  56.275054651 
 65.512855686  61.67349423 
 75.4312006335  63.4324800895 
 86.8511373751  63.6799997671 
 100.0  63.7057070158 
0.494171336132 50 
 0.1  0.1 
 0.115139539933  0.115139539933 
 0.132571136559  0.132571136559 
 0.152641796718  0.152641796718 
 0.175751062485  0.175751062485 
 0.202358964773  0.202358964773 
 0.232995181052  0.232995181052 
 0.268269579528  0.268269579528 
 0.308884359648  0.308884359648 
 0.355648030622  0.355648030622 
 0.409491506238  0.409491506238 
 0.471486636346  0.471486636346 
 0.542867543932  0.542867543932 
 0.625055192527  0.625055192527 
 0.719685673001  0.719685673001 
 0.828642772855  0.828642772855 
 0.95409547635  0.95409547635 
 1.09854114199  1.09854114199 
 1.26485521686  1.26485521686 
 1.4563484775  1.4563484775 
 1.67683293681  1.67683293681 
 1.93069772888  1.93069772888 
 2.22299648253  2.22299648253 
 2.5595479227  2.5595479227 
 2.94705170255  2.94705170255 
 3.3932217719  3.3932217719 
 3.90693993705  3.90693993706 
 4.49843266897  4.49843266898 
 5.17947467923  5.17947467924 
 5.96362331659  5.96362331663 
 6.86648845004  6.86648845029 
 7.90604321091  7.90604321095 
 9.10298177992  9.1029817792 
 10.4811313415  10.4811313444 
 12.0679264064  12.0679263934 
 13.8949549437  13.8949548958 
 15.9985871961  15.9985870097 
 18.4206996933  18.4206989054 
 21.2095088792  21.2095052704 
 24.4205309455  24.4205129921 
 28.1176869797  28.1175897268 
 32.3745754282  32.3739992861 
 37.2759372031  37.2721983048 
 42.9193426013  42.8927859997 
 49.4171336132  49.2145046368 
 56.8986602902  55.4389598764 
 65.512855686  58.960605244 
 75.4312006335  59.7419930155 
 86.8511373751  59.8402327427 
 100.0  59.8506986493 
0.828642772855 50 
 0.1  0.1 
 0.115139539933  0.115139539933 
 0.132571136559  0.132571136559 
 0.152641796718  0.152641796718 
 0.175751062485  0.175751062485 
 0.202358964773  0.202358964773 
 0.232995181052  0.232995181052 
 0.268269579528  0.268269579528 
 0.308884359648  0.308884359648 
 0.355648030622  0.355648030622 
 0.409491506238  0.409491506238 
 0.471486636346  0.471486636346 
 0.542867543932  0.542867543932 
 0.625055192527  0.625055192527 
 0.719685673001  0.719685673001 
 0.828642772855  0.828642772855 
 0.95409547635  0.95409547635 
 1.09854114199  1.09854114199 
 1.26485521686  1.26485521686 
 1.4563484775  1.4563484775 
 1.67683293681  1.67683293681 
 1.93069772888  1.93069772888 
 2.22299648253  2.22299648253 
 2.5595479227  2.5595479227 
 2.94705170255  2.94705170255 
 3.3932217719  3.39322177189 
 3.90693993705  3.90693993707 
 4.49843266897  4.49843266899 
 5.17947467923  5.17947467922 
 5.96362331659  5.9636233169 
 6.86648845004  6.86648845038 
 7.90604321091  7.90604321057 
 9.10298177992  9.10298178098 
 10.4811313415  10.4811313314 
 12.0679264064  12.0679263719 
 13.8949549437  13.8949548172 
 15.9985871961  15.9985866925 
 18.4206996933  18.4206975771 
 21.2095088792  21.2094991922 
 24.4205309455  24.4204828087 
 28.1176869797  28.1174269978 
 32.3745754282  32.3730451866 
 37.2759372031  37.2661077485 
 42.9193426013  42.8508455066 
 49.4171336132  48.922705323 
 56.8986602902  53.9808859202 
 65.512855686  55.9775614993 
 75.4312006335  56.3289579715 
 86.8511373751  56.3731964327 
 100.0  56.3782286319 
1.38949549437 50 
 0.1  0.1 
 0.115139539933  0.115139539933 
 0.132571136559  0.132571136559 
 0.152641796718  0.152641796718 
 0.175751062485  0.175751062485 
 0.202358964773  0.202358964773 
 0.232995181052  0.232995181052 
 0.268269579528  0.268269579528 
 0.308884359648  0.308884359648 
 0.355648030622  0.355648030622 
 0.409491506238  0.409491506238 
 0.471486636346  0.471486636346 
 0.542867543932  0.542867543932 
 0.625055192527  0.625055192527 
 0.719685673001  0.719685673001 
 0.828642772855  0.828642772855 
 0.95409547635  0.95409547635 
 1.09854114199  1.09854114199 
 1.26485521686  1.26485521686 
 1.4563484775  1.4563484775 
 1.67683293681  1.67683293681 
 1.93069772888  1.93069772888 
 2.22299648253  2.22299648253 
 2.5595479227  2.5595479227 
 2.94705170255  2.94705170255 
 3.3932217719  3.39322177192 
 3.90693993705  3.90693993709 
 4.49843266897  4.49843266898 
 5.17947467923  5.17947467917 
 5.96362331659  5.9636233172 
 6.86648845004  6.86648845007 
 7.90604321091  7.90604320815 
 9.10298177992  9.10298177131 
 10.4811313415  10.4811313145 
 12.0679264064  12.0679263083 
 13.8949549437  13.8949546055 
 15.9985871961  15.9985858603 
 18.4206996933  18.4206940687 
 21.2095088792  21.209483186 
 24.4205309455  24.4204048127 
 28.1176869797  28.1170162262 
 32.3745754282  32.3707047376 
 37.2759372031  37.251740003 
 42.9193426013  42.7578883307 
 49.4171336132  48.3693060869 
 56.8986602902  52.1077379324 
 65.512855686  53.21523808 
 75.4312006335  53.3956310729 
 86.8511373751  53.4195458273 
 100.0  53.4224661061 
2.32995181052 50 
 0.1  0.1 
 0.115139539933  0.115139539933 
 0.132571136559  0.132571136559 
 0.152641796718  0.152641796718 
 0.175751062485  0.175751062485 
 0.202358964773  0.202358964773 
 0.232995181052  0.232995181052 
 0.268269579528  0.268269579528 
 0.308884359648  0.308884359648 
 0.355648030622  0.355648030622 
 0.409491506238  0.409491506238 
 0.471486636346  0.471486636346 
 0.542867543932  0.542867543932 
 0.625055192527  0.625055192527 
 0.719685673001  0.719685673001 
 0.828642772855  0.828642772855 
 0.95409547635  0.95409547635 
 1.09854114199  1.09854114199 
 1.26485521686  1.26485521686 
 1.4563484775  1.4563484775 
 1.67683293681  1.67683293681 
 1.93069772888  1.93069772889 
 2.22299648253  2.22299648253 
 2.5595479227  2.5595479227 
 2.94705170255  2.94705170258 
 3.3932217719  3.39322177195 
 3.90693993705  3.90693993709 
 4.49843266897  4.49843266893 
 5.17947467923  5.17947468 
 5.96362331659  5.96362331726 
 6.86648845004  6.86648844746 
 7.90604321091  7.9060432023 
 9.10298177992  9.10298175683 
 10.4811313415  10.4811312693 
 12.0679264064  12.0679261477 
 13.8949549437  13.8949540462 
 15.9985871961  15.9985837081 
 18.4206996933  18.4206852251 
 21.2095088792  21.2094443592 
 24.4205309455  24.4202234211 
 28.1176869797  28.1161038451 
 32.3745754282  32.365792741 
 37.2759372031  37.2235907325 
 42.9193426013  42.593425557 
 49.4171336132  47.5864515905 
 56.8986602902  50.2670928467 
 65.512855686  50.9381793624 
 75.4312006335  51.0469088802 
 86.8511373751  51.0619969454 
 100.0  51.0639252544 
3.90693993705 50 
 0.1  0.1 
 0.115139539933  0.115139539933 
 0.132571136559  0.132571136559 
 0.152641796718  0.152641796718 
 0.175751062485  0.175751062485 
 0.202358964773  0.202358964773 
 0.232995181052  0.232995181052 
 0.268269579528  0.268269579528 
 0.308884359648  0.308884359648 
 0.355648030622  0.355648030622 
 0.409491506238  0.409491506238 
 0.471486636346  0.471486636346 
 0.542867543932  0.542867543932 
 0.625055192527  0.625055192527 
 0.719685673001  0.719685673001 
 0.828642772855  0.828642772855 
 0.95409547635  0.95409547635 
 1.09854114199  1.09854114199 
 1.26485521686  1.26485521686 
 1.4563484775  1.4563484775 
 1.67683293681  1.67683293681 
 1.93069772888  1.93069772889 
 2.22299648253  2.22299648253 
 2.5595479227  2.55954792272 
 2.94705170255  2.94705170262 
 3.3932217719  3.39322177197 
 3.90693993705  3.90693993701 
 4.49843266897  4.49843266882 
 5.17947467923  5.17947468051 
 5.96362331659  5.9636233141 
 6.86648845004  6.8664884432 
 7.90604321091  7.90604319142 
 9.10298177992  9.10298172184 
 10.4811313415  10.4811311556 
 12.0679264064  12.0679257844 
 13.8949549437  13.8949527322 
 15.9985871961  15.9985788435 
 18.4206996933  18.4206661829 
 21.2095088792  21.2093653613 
 24.4205309455  24.4198754737 
 28.1176869797  28.1144710923 
 32.3745754282  32.3576346311 
 37.2759372031  37.180537805 
 42.9193426013  42.3696856522 
 49.4171336132  46.7405803002 
 56.8986602902  48.7230416647 
 65.512855686  49.1766755623 
 75.4312006335  49.2505080923 
 86.8511373751  49.2609965113 
 100.0  49.2623668529 
6.5512855686 50 
 0.1  0.1 
 0.115139539933  0.115139539933 
 0.132571136559  0.132571136559 
 0.152641796718  0.152641796718 
 0.175751062485  0.175751062485 
 0.202358964773  0.202358964773 
 0.232995181052  0.232995181052 
 0.268269579528  0.268269579528 
 0.308884359648  0.308884359648 
 0.355648030622  0.355648030622 
 0.409491506238  0.409491506238 
 0.471486636346  0.471486636346 
 0.542867543932  0.542867543932 
 0.625055192527  0.625055192527 
 0.719685673001  0.719685673001 
 0.828642772855  0.828642772855 
 0.95409547635  0.95409547635 
 1.09854114199  1.09854114199 
 1.26485521686  1.26485521686 
 1.4563484775  1.45634847751 
 1.67683293681  1.67683293682 
 1.93069772888  1.93069772888 
 2.22299648253  2.22299648254 
 2.5595479227  2.55954792278 
 2.94705170255  2.94705170266 
 3.3932217719  3.3932217719 
 3.90693993705  3.90693993661 
 4.49843266897  4.4984326694 
 5.17947467923  5.17947467668 
 5.96362331659  5.96362331008 
 6.86648845004  6.86648843247 
 7.90604321091  7.90604316193 
 9.10298177992  9.10298164454 
 10.4811313415  10.4811309364 
 12.0679264064  12.0679250655 
 13.8949549437  13.8949501774 
 15.9985871961  15.9985696965 
 18.4206996933  18.4206328747 
 21.2095088792  21.2092378643 
 24.4205309455  24.4193508692 
 28.1176869797  28.1121777668 
 32.3745754282  32.3468968988 
 37.2759372031  37.127544345 
 42.9193426013  42.1207524676 
 49.4171336132  45.9600531058 
 56.8986602902  47.4983512448 
 65.512855686  47.8317357388 
 75.4312006335  47.8859788164 
 86.8511373751  47.8937549026 
 100.0  47.8947791601 
10.9854114199 50 
 0.1  0.1 
 0.115139539933  0.115139539933 
 0.132571136559  0.132571136559 
 0.152641796718  0.152641796718 
 0.175751062485  0.175751062485 
 0.202358964773  0.202358964773 
 0.232995181052  0.232995181052 
 0.268269579528  0.268269579528 
 0.308884359648  0.308884359648 
 0.355648030622  0.355648030622 
 0.409491506238  0.409491506238 
 0.471486636346  0.471486636346 
 0.542867543932  0.542867543932 
 0.625055192527  0.625055192527 
 0.719685673001  0.719685673001 
 0.828642772855  0.828642772855 
 0.95409547635  0.95409547635 
 1.09854114199  1.09854114199 
 1.26485521686  1.26485521686 
 1.4563484775  1.45634847751 
 1.67683293681  1.67683293681 
 1.93069772888  1.93069772888 
 2.22299648253  2.2229964826 
 2.5595479227  2.55954792285 
 2.94705170255  2.94705170262 
 3.3932217719  3.39322177139 
 3.90693993705  3.90693993562 
 4.49843266897  4.4984326671 
 5.17947467923  5.17947467386 
 5.96362331659  5.96362330405 
 6.86648845004  6.86648842367 
 7.90604321091  7.90604311873 
 9.10298177992  9.10298148748 
 10.4811313415  10.4811305022 
 12.0679264064  12.0679237029 
 13.8949549437  13.8949460594 
 15.9985871961  15.9985565262 
 18.4206996933  18.420587494 
 21.2095088792  21.2090721502 
 24.4205309455  24.418708268 
 28.1176869797  28.1094907091 
 32.3745754282  32.3347896449 
 37.2759372031  37.0702826877 
 42.9193426013  41.8717849403 
 49.4171336132  45.280903227 
 56.8986602902  46.525605083 
 65.512855686  46.785392612 
 75.4312006335  46.8275137703 
 86.8511373751  46.8335710449 
 100.0  46.8343689697 
18.4206996933 50 
 0.1  0.1 
 0.115139539933  0.115139539933 
 0.132571136559  0.132571136559 
 0.152641796718  0.152641796718 
 0.175751062485  0.175751062485 
 0.202358964773  0.202358964773 
 0.232995181052  0.232995181052 
 0.268269579528  0.268269579528 
 0.308884359648  0.308884359648 
 0.355648030622  0.355648030622 
 0.409491506238  0.409491506238 
 0.471486636346  0.471486636346 
 0.542867543932  0.542867543932 
 0.625055192527  0.625055192527 
 0.719685673001  0.719685673002 
 0.828642772855  0.828642772856 
 0.95409547635  0.95409547635 
 1.09854114199  1.09854114199 
 1.26485521686  1.26485521687 
 1.4563484775  1.45634847751 
 1.67683293681  1.6768329368 
 1.93069772888  1.93069772893 
 2.22299648253  2.2229964827 
 2.5595479227  2.55954792249 
 2.94705170255  2.94705170202 
 3.3932217719  3.39322177033 
 3.90693993705  3.90693993533 
 4.49843266897  4.49843266526 
 5.17947467923  5.17947466448 
 5.96362331659  5.96362330275 
 6.86648845004  6.86648839176 
 7.90604321091  7.9060430059 
 9.10298177992  9.10298126243 
 10.4811313415  10.4811298445 
 12.0679264064  12.0679219511 
 13.8949549437  13.8949407059 
 15.9985871961  15.998540317 
 18.4206996933  18.4205351793 
 21.2095088792  21.2088880134 
 24.4205309455  24.4180094082 
 28.1176869797  28.106626221 
 32.3745754282  32.3221358767 
 37.2759372031  37.0119664299 
 42.9193426013  41.6332902369 
 49.4171336132  44.6953389163 
 56.8986602902  45.7355203497 
 65.512855686  45.9466275232 
 75.4312006335  45.9807129072 
 86.8511373751  45.9856169838 
 100.0  45.9862642623 
30.8884359648 50 
 0.1  0.0999999999999 
 0.115139539933  0.115139539933 
 0.132571136559  0.132571136559 
 0.152641796718  0.152641796718 
 0.175751062485  0.175751062485 
 0.202358964773  0.202358964773 
 0.232995181052  0.232995181052 
 0.268269579528  0.268269579528 
 0.308884359648  0.308884359648 
 0.355648030622  0.355648030623 
 0.409491506238  0.409491506238 
 0.471486636346  0.471486636346 
 0.542867543932  0.542867543932 
 0.625055192527  0.625055192528 
 0.719685673001  0.719685673003 
 0.828642772855  0.828642772855 
 0.95409547635  0.954095476351 
 1.09854114199  1.098541142 
 1.26485521686  1.26485521687 
 1.4563484775  1.45634847749 
 1.67683293681  1.67683293682 
 1.93069772888  1.93069772871 
 2.22299648253  2.22299648235 
 2.5595479227  2.55954792217 
 2.94705170255  2.94705170095 
 3.3932217719  3.39322177028 
 3.90693993705  3.90693993604 
 4.49843266897  4.49843265769 
 5.17947467923  5.17947466053 
 5.96362331659  5.96362326441 
 6.86648845004  6.86648831555 
 7.90604321091  7.9060428829 
 9.10298177992  9.10298100026 
 10.4811313415  10.4811290872 
 12.0679264064  12.0679197989 
 13.8949549437  13.8949350513 
 15.9985871961  15.9985230225 
 18.4206996933  18.4204788242 
 21.2095088792  21.2086949743 
 24.4205309455  24.4172871693 
 28.1176869797  28.1036940512 
 32.3745754282  32.3093077898 
 37.2759372031  36.9539362478 
 42.9193426013  41.4079792535 
 49.4171336132  44.186236557 
 56.8986602902  45.0771272346 
 65.512855686  45.2540807077 
 75.4312006335  45.2825457798 
 86.8511373751  45.286640036 
 100.0  45.2871815512 
51.7947467923 50 
 0.1  0.1 
 0.115139539933  0.115139539933 
 0.132571136559  0.132571136559 
 0.152641796718  0.152641796718 
 0.175751062485  0.175751062486 
 0.202358964773  0.202358964773 
 0.232995181052  0.232995181052 
 0.268269579528  0.268269579528 
 0.308884359648  0.308884359648 
 0.355648030622  0.355648030623 
 0.409491506238  0.409491506238 
 0.471486636346  0.471486636345 
 0.542867543932  0.542867543933 
 0.625055192527  0.625055192529 
 0.719685673001  0.719685673003 
 0.828642772855  0.828642772853 
 0.95409547635  0.954095476357 
 1.09854114199  1.09854114201 
 1.26485521686  1.26485521684 
 1.4563484775  1.45634847733 
 1.67683293681  1.67683293663 
 1.93069772888  1.93069772877 
 2.22299648253  2.2229964821 
 2.5595479227  2.55954792129 
 2.94705170255  2.94705170136 
 3.3932217719  3.39322176952 
 3.90693993705  3.90693992921 
 4.49843266897  4.49843264992 
 5.17947467923  5.17947464091 
 5.96362331659  5.96362323176 
 6.86648845004  6.86648826004 
 7.90604321091  7.9060427378 
 9.10298177992  9.10298061771 
 10.4811313415  10.4811281992 
 12.0679264064  12.0679177449 
 13.8949549437  13.8949291026 
 15.9985871961  15.9985050818 
 18.4206996933  18.4204218727 
 21.2095088792  21.2084982165 
 24.4205309455  24.416556798 
 28.1176869797  28.1007420856 
 32.3745754282  32.2964557834 
 37.2759372031  36.896670105 
 42.9193426013  41.195691106 
 49.4171336132  43.7380710034 
 56.8986602902  44.5157379028 
 65.512855686  44.6676115701 
 75.4312006335  44.6919615258 
 86.8511373751  44.6954623037 
 100.0  44.6959254161 
86.8511373751 50 
 0.1  0.1 
 0.115139539933  0.115139539933 
 0.132571136559  0.132571136559 
 0.152641796718  0.152641796718 
 0.175751062485  0.175751062486 
 0.202358964773  0.202358964773 
 0.232995181052  0.232995181052 
 0.268269579528  0.268269579528 
 0.308884359648  0.308884359648 
 0.355648030622  0.355648030622 
 0.409491506238  0.409491506237 
 0.471486636346  0.471486636345 
 0.542867543932  0.542867543934 
 0.625055192527  0.625055192531 
 0.719685673001  0.719685672999 
 0.828642772855  0.828642772836 
 0.95409547635  0.954095476324 
 1.09854114199  1.09854114193 
 1.26485521686  1.2648552167 
 1.4563484775  1.45634847735 
 1.67683293681  1.67683293679 
 1.93069772888  1.93069772864 
 2.22299648253  2.22299648144 
 2.5595479227  2.55954792085 
 2.94705170255  2.94705169891 
 3.3932217719  3.393221765 
 3.90693993705  3.90693992308 
 4.49843266897  4.49843264114 
 5.17947467923  5.17947462225 
 5.96362331659  5.96362320504 
 6.86648845004  6.86648817929 
 7.90604321091  7.90604260556 
 9.10298177992  9.10298019282 
 10.4811313415  10.4811273917 
 12.0679264064  12.0679153368 
 13.8949549437  13.8949226178 
 15.9985871961  15.99848679 
 18.4206996933  18.4203643213 
 21.2095088792  21.208301102 
 24.4205309455  24.4158236689 
 28.1176869797  28.097782328 
 32.3745754282  32.2836299549 
 37.2759372031  36.8403152058 
 42.9193426013  40.9954383252 
 49.4171336132  43.3387350819 
 56.8986602902  44.0278431633 
 65.512855686  44.1606084795 
 75.4312006335  44.181838471 
 86.8511373751  44.1848907382 
 100.0  44.1852932182 
145.63484775 50 
 0.1  0.1 
 0.115139539933  0.115139539933 
 0.132571136559  0.13257113656 
 0.152641796718  0.152641796718 
 0.175751062485  0.175751062486 
 0.202358964773  0.202358964773 
 0.232995181052  0.232995181052 
 0.268269579528  0.268269579528 
 0.308884359648  0.308884359647 
 0.355648030622  0.355648030621 
 0.409491506238  0.409491506236 
 0.471486636346  0.471486636346 
 0.542867543932  0.542867543937 
 0.625055192527  0.625055192528 
 0.719685673001  0.719685672992 
 0.828642772855  0.828642772862 
 0.95409547635  0.954095476386 
 1.09854114199  1.09854114194 
 1.26485521686  1.26485521665 
 1.4563484775  1.45634847751 
 1.67683293681  1.67683293665 
 1.93069772888  1.93069772786 
 2.22299648253  2.22299648218 
 2.5595479227  2.55954792297 
 2.94705170255  2.94705170131 
 3.3932217719  3.39322176963 
 3.90693993705  3.90693993977 
 4.49843266897  4.49843263388 
 5.17947467923  5.17947460473 
 5.96362331659  5.9636231562 
 6.86648845004  6.8664881073 
 7.90604321091  7.90604244847 
 9.10298177992  9.10297987967 
 10.4811313415  10.4811264016 
 12.0679264064  12.0679132129 
 13.8949549437  13.8949167454 
 15.9985871961  15.9984686553 
 18.4206996933  18.4203068058 
 21.2095088792  21.2081034923 
 24.4205309455  24.4150888537 
 28.1176869797  28.0948236756 
 32.3745754282  32.270849261 
 37.2759372031  36.7848998768 
 42.9193426013  40.8060952083 
 49.4171336132  42.9790979127 
 56.8986602902  43.597177222 
 65.512855686  43.714948763 
 75.4312006335  43.7337409497 
 86.8511373751  43.7364415134 
 100.0  43.7367973896 
244.205309455 50 
 0.1  0.100000000003 
 0.115139539933  0.115139539935 
 0.132571136559  0.132571136561 
 0.152641796718  0.152641796718 
 0.175751062485  0.175751062485 
 0.202358964773  0.202358964771 
 0.232995181052  0.232995181049 
 0.268269579528  0.268269579526 
 0.308884359648  0.308884359646 
 0.355648030622  0.355648030622 
 0.409491506238  0.409491506239 
 0.471486636346  0.47148663635 
 0.542867543932  0.542867543934 
 0.625055192527  0.625055192517 
 0.719685673001  0.719685672999 
 0.828642772855  0.828642772893 
 0.95409547635  0.954095476297 
 1.09854114199  1.09854114194 
 1.26485521686  1.26485521699 
 1.4563484775  1.45634847783 
 1.67683293681  1.67683293661 
 1.93069772888  1.93069772799 
 2.22299648253  2.22299648265 
 2.5595479227  2.55954792596 
 2.94705170255  2.94705170116 
 3.3932217719  3.39322177056 
 3.90693993705  3.90693994696 
 4.49843266897  4.49843262367 
 5.17947467923  5.1794745799 
 5.96362331659  5.9636231189 
 6.86648845004  6.8664880379 
 7.90604321091  7.90604221262 
 9.10298177992  9.10297959699 
 10.4811313415  10.4811256295 
 12.0679264064  12.0679108171 
 13.8949549437  13.8949101683 
 15.9985871961  15.9984505482 
 18.4206996933  18.4202490238 
 21.2095088792  21.2079059455 
 24.4205309455  24.4143546049 
 28.1176869797  28.0918668396 
 32.3745754282  32.2581205426 
 37.2759372031  36.7304139894 
 42.9193426013  40.6266104117 
 49.4171336132  42.6522502006 
 56.8986602902  43.2121715999 
 65.512855686  43.3178890468 
 75.4312006335  43.3347282385 
 86.8511373751  43.3371464856 
 100.0  43.3374660638 
409.491506238 50 
 0.1  0.0999999999939 
 0.115139539933  0.115139539927 
 0.132571136559  0.132571136555 
 0.152641796718  0.152641796714 
 0.175751062485  0.175751062483 
 0.202358964773  0.20235896477 
 0.232995181052  0.23299518105 
 0.268269579528  0.268269579527 
 0.308884359648  0.308884359648 
 0.355648030622  0.355648030624 
 0.409491506238  0.409491506244 
 0.471486636346  0.471486636347 
 0.542867543932  0.542867543921 
 0.625055192527  0.625055192523 
 0.719685673001  0.719685673017 
 0.828642772855  0.828642772807 
 0.95409547635  0.954095476222 
 1.09854114199  1.09854114203 
 1.26485521686  1.26485521746 
 1.4563484775  1.45634847737 
 1.67683293681  1.67683293605 
 1.93069772888  1.93069772894 
 2.22299648253  2.22299648568 
 2.5595479227  2.5595479205 
 2.94705170255  2.94705170118 
 3.3932217719  3.39322177287 
 3.90693993705  3.90693987928 
 4.49843266897  4.49843264259 
 5.17947467923  5.17947456664 
 5.96362331659  5.96362309754 
 6.86648845004  6.86648796949 
 7.90604321091  7.90604215203 
 9.10298177992  9.10297915351 
 10.4811313415  10.481124564 
 12.0679264064  12.0679087431 
 13.8949549437  13.8949042736 
 15.9985871961  15.9984321272 
 18.4206996933  18.4201913515 
 21.2095088792  21.2077081026 
 24.4205309455  24.4136203026 
 28.1176869797  28.0889134521 
 32.3745754282  32.2454455754 
 37.2759372031  36.6768365315 
 42.9193426013  40.4560451437 
 49.4171336132  42.3528903681 
 56.8986602902  42.8643643676 
 65.512855686  42.9601950086 
 75.4312006335  42.9754362932 
 86.8511373751  42.9776246258 
 100.0  42.9779143707 
686.648845004 50 
 0.1  0.0999999999974 
 0.115139539933  0.115139539931 
 0.132571136559  0.132571136557 
 0.152641796718  0.152641796716 
 0.175751062485  0.175751062485 
 0.202358964773  0.202358964772 
 0.232995181052  0.232995181052 
 0.268269579528  0.268269579529 
 0.308884359648  0.308884359651 
 0.355648030622  0.355648030632 
 0.409491506238  0.409491506236 
 0.471486636346  0.471486636336 
 0.542867543932  0.542867543929 
 0.625055192527  0.625055192533 
 0.719685673001  0.719685673074 
 0.828642772855  0.828642772853 
 0.95409547635  0.954095476352 
 1.09854114199  1.09854114229 
 1.26485521686  1.26485521625 
 1.4563484775  1.45634847687 
 1.67683293681  1.67683293705 
 1.93069772888  1.93069773053 
 2.22299648253  2.22299648034 
 2.5595479227  2.55954792164 
 2.94705170255  2.94705170276 
 3.3932217719  3.39322179886 
 3.90693993705  3.90693991291 
 4.49843266897  4.49843259401 
 5.17947467923  5.17947454356 
 5.96362331659  5.9636230413 
 6.86648845004  6.86648789658 
 7.90604321091  7.90604191472 
 9.10298177992  9.10297873751 
 10.4811313415  10.4811237256 
 12.0679264064  12.0679062873 
 13.8949549437  13.8948981292 
 15.9985871961  15.9984141052 
 18.4206996933  18.4201337792 
 21.2095088792  21.2075104034 
 24.4205309455  24.4128861702 
 28.1176869797  28.0859619409 
 32.3745754282  32.2328226138 
 37.2759372031  36.6241364839 
 42.9193426013  40.2935854251 
 49.4171336132  42.0768844893 
 56.8986602902  42.5474045477 
 65.512855686  42.6349873493 
 75.4312006335  42.6488999771 
 86.8511373751  42.6508980103 
 100.0  42.6511609387 
1151.39539933 50 
 0.1  0.1 
 0.115139539933  0.115139539933 
 0.132571136559  0.13257113656 
 0.152641796718  0.152641796719 
 0.175751062485  0.175751062487 
 0.202358964773  0.202358964775 
 0.232995181052  0.232995181056 
 0.268269579528  0.268269579538 
 0.308884359648  0.308884359663 
 0.355648030622  0.355648030609 
 0.409491506238  0.409491506232 
 0.471486636346  0.471486636343 
 0.542867543932  0.542867543935 
 0.625055192527  0.625055192567 
 0.719685673001  0.719685672985 
 0.828642772855  0.828642772843 
 0.95409547635  0.954095476444 
 1.09854114199  1.09854114154 
 1.26485521686  1.26485521629 
 1.4563484775  1.45634847761 
 1.67683293681  1.67683293863 
 1.93069772888  1.93069772696 
 2.22299648253  2.22299648175 
 2.5595479227  2.55954792272 
 2.94705170255  2.94705170898 
 3.3932217719  3.39322176502 
 3.90693993705  3.90693993893 
 4.49843266897  4.49843259364 
 5.17947467923  5.17947453951 
 5.96362331659  5.96362299423 
 6.86648845004  6.86648781631 
 7.90604321091  7.9060417612 
 9.10298177992  9.10297835374 
 10.4811313415  10.4811232014 
 12.0679264064  12.0679039803 
 13.8949549437  13.8948918791 
 15.9985871961  15.9983956833 
 18.4206996933  18.4200758162 
 21.2095088792  21.2073125484 
 24.4205309455  24.4121523639 
 28.1176869797  28.0830153699 
 32.3745754282  32.2202548581 
 37.2759372031  36.572289218 
 42.9193426013  40.1385145416 
 49.4171336132  41.820949038 
 56.8986602902  42.2564179326 
 65.512855686  42.3370199364 
 75.4312006335  42.3498126423 
 86.8511373751  55.0308161717 
 100.0  74.8824808871 
1930.69772888 50 
 0.1  0.100000000006 
 0.115139539933  0.115139539939 
 0.132571136559  0.132571136567 
 0.152641796718  0.152641796728 
 0.175751062485  0.175751062495 
 0.202358964773  0.202358964791 
 0.232995181052  0.232995181028 
 0.268269579528  0.268269579517 
 0.308884359648  0.308884359642 
 0.355648030622  0.355648030619 
 0.409491506238  0.409491506237 
 0.471486636346  0.471486636348 
 0.542867543932  0.542867543954 
 0.625055192527  0.625055192494 
 0.719685673001  0.719685672988 
 0.828642772855  0.828642772879 
 0.95409547635  0.954095475557 
 1.09854114199  1.09854114129 
 1.26485521686  1.26485521689 
 1.4563484775  1.45634847841 
 1.67683293681  1.67683293461 
 1.93069772888  1.93069772836 
 2.22299648253  2.22299648246 
 2.5595479227  2.559547925 
 2.94705170255  2.94705169442 
 3.3932217719  3.3932217689 
 3.90693993705  3.90693994655 
 4.49843266897  4.49843257705 
 5.17947467923  5.17947457692 
 5.96362331659  5.96362295842 
 6.86648845004  6.86648775074 
 7.90604321091  7.90604160878 
 9.10298177992  9.1029780038 
 10.4811313415  10.4811219847 
 12.0679264064  12.0679017385 
 13.8949549437  13.8948853264 
 15.9985871961  15.9983771557 
 18.4206996933  18.4200180379 
 21.2095088792  21.2071152654 
 24.4205309455  24.4114185114 
 28.1176869797  28.0800699571 
 32.3745754282  32.2077396766 
 37.2759372031  36.5212684008 
 42.9193426013  39.990206929 
 49.4171336132  41.5824419454 
 56.8986602902  41.9875830802 
 65.512855686  42.0622065895 
 75.4312006335  54.1394524263 
 86.8511373751  70.1571171598 
 100.0  85.9090640424 
3237.45754282 50 
 0.1  0.0999999999677 
 0.115139539933  0.115139539891 
 0.132571136559  0.132571136536 
 0.152641796718  0.152641796704 
 0.175751062485  0.175751062477 
 0.202358964773  0.202358964767 
 0.232995181052  0.232995181048 
 0.268269579528  0.268269579526 
 0.308884359648  0.308884359646 
 0.355648030622  0.355648030622 
 0.409491506238  0.409491506241 
 0.471486636346  0.471486636364 
 0.542867543932  0.542867543902 
 0.625055192527  0.625055192516 
 0.719685673001  0.719685673006 
 0.828642772855  0.828642773065 
 0.95409547635  0.954095476626 
 1.09854114199  1.09854114198 
 1.26485521686  1.26485521725 
 1.4563484775  1.45634847541 
 1.67683293681  1.67683293449 
 1.93069772888  1.93069772844 
 2.22299648253  2.22299648344 
 2.5595479227  2.55954791459 
 2.94705170255  2.9470517 
 3.3932217719  3.39322177208 
 3.90693993705  3.90693986262 
 4.49843266897  4.49843254859 
 5.17947467923  5.17947446588 
 5.96362331659  5.96362292316 
 6.86648845004  6.8664876479 
 7.90604321091  7.90604149624 
 9.10298177992  9.10297771214 
 10.4811313415  10.4811210274 
 12.0679264064  12.0678994843 
 13.8949549437  13.8948790124 
 15.9985871961  15.9983595037 
 18.4206996933  18.4199600582 
 21.2095088792  21.206917517 
 24.4205309455  24.4106851548 
 28.1176869797  28.0771294985 
 32.3745754282  32.1952769607 
 37.2759372031  36.4710517631 
 42.9193426013  39.8481135146 
 49.4171336132  41.3592008773 
 56.8986602902  41.7378568035 
 65.512855686  48.6492973134 
 75.4312006335  64.1646013087 
 86.8511373751  77.3440648296 
 100.0  91.8549363005 
5428.67543932 50 
 0.1  0.0999999999947 
 0.115139539933  0.115139539928 
 0.132571136559  0.132571136556 
 0.152641796718  0.152641796715 
 0.175751062485  0.175751062484 
 0.202358964773  0.202358964771 
 0.232995181052  0.232995181051 
 0.268269579528  0.268269579528 
 0.308884359648  0.308884359649 
 0.355648030622  0.355648030627 
 0.409491506238  0.409491506265 
 0.471486636346  0.471486636315 
 0.542867543932  0.542867543924 
 0.625055192527  0.625055192528 
 0.719685673001  0.719685673048 
 0.828642772855  0.828642772797 
 0.95409547635  0.954095476325 
 1.09854114199  1.09854114213 
 1.26485521686  1.26485521541 
 1.4563484775  1.45634847508 
 1.67683293681  1.67683293644 
 1.93069772888  1.93069772932 
 2.22299648253  2.22299647499 
 2.5595479227  2.55954792071 
 2.94705170255  2.94705170213 
 3.3932217719  3.39322177736 
 3.90693993705  3.90693991808 
 4.49843266897  4.49843257255 
 5.17947467923  5.17947442117 
 5.96362331659  5.96362287424 
 6.86648845004  6.86648760143 
 7.90604321091  7.90604132757 
 9.10298177992  9.1029773313 
 10.4811313415  10.4811204798 
 12.0679264064  12.0678972698 
 13.8949549437  13.894872833 
 15.9985871961  15.9983407079 
 18.4206996933  18.4199023154 
 21.2095088792  21.2067198407 
 24.4205309455  24.409952051 
 28.1176869797  28.074190763 
 32.3745754282  32.1828655341 
 37.2759372031  36.4216052865 
 42.9193426013  39.7117465131 
 49.4171336132  41.1494405361 
 56.8986602902  41.5047712193 
 65.512855686  57.6622544399 
 75.4312006335  68.9735329312 
 86.8511373751  81.316468733 
 100.0  95.225578988 
9102.98177992 50 
 0.1  0.099999999999 
 0.115139539933  0.115139539932 
 0.132571136559  0.132571136559 
 0.152641796718  0.152641796718 
 0.175751062485  0.175751062486 
 0.202358964773  0.202358964774 
 0.232995181052  0.232995181054 
 0.268269579528  0.268269579532 
 0.308884359648  0.30888435966 
 0.355648030622  0.355648030691 
 0.409491506238  0.409491506225 
 0.471486636346  0.47148663634 
 0.542867543932  0.542867543932 
 0.625055192527  0.625055192544 
 0.719685673001  0.719685672883 
 0.828642772855  0.828642772827 
 0.95409547635  0.954095476389 
 1.09854114199  1.09854114503 
 1.26485521686  1.26485521876 
 1.4563484775  1.45634847717 
 1.67683293681  1.67683293754 
 1.93069772888  1.93069772103 
 2.22299648253  2.22299648107 
 2.5595479227  2.55954792229 
 2.94705170255  2.947051704 
 3.3932217719  3.39322174831 
 3.90693993705  3.90693994089 
 4.49843266897  4.49843257843 
 5.17947467923  5.17947447007 
 5.96362331659  5.96362285592 
 6.86648845004  6.86648752298 
 7.90604321091  7.90604115196 
 9.10298177992  9.10297697305 
 10.4811313415  10.4811193381 
 12.0679264064  12.0678947477 
 13.8949549437  13.8948670694 
 15.9985871961  15.9983228814 
 18.4206996933  18.4198447284 
 21.2095088792  21.2065218807 
 24.4205309455  24.4092191273 
 28.1176869797  28.0712553193 
 32.3745754282  32.170506939 
 37.2759372031  36.3729166033 
 42.9193426013  39.5806754977 
 49.4171336132  40.9516684402 
 56.8986602902  50.582549249 
 65.512855686  61.0632298758 
 75.4312006335  71.6570204171 
 86.8511373751  83.5946638645 
 100.0  97.1806265398 
15264.1796718 50 
 0.1  0.100000000003 
 0.115139539933  0.115139539936 
 0.132571136559  0.132571136562 
 0.152641796718  0.152641796722 
 0.175751062485  0.175751062491 
 0.202358964773  0.202358964782 
 0.232995181052  0.232995181063 
 0.268269579528  0.268269579659 
 0.308884359648  0.308884359634 
 0.355648030622  0.355648030616 
 0.409491506238  0.409491506235 
 0.471486636346  0.471486636346 
 0.542867543932  0.542867543941 
 0.625055192527  0.625055192192 
 0.719685673001  0.719685672976 
 0.828642772855  0.828642772861 
 0.95409547635  0.954095476651 
 1.09854114199  1.09854114218 
 1.26485521686  1.26485521658 
 1.4563484775  1.45634847788 
 1.67683293681  1.67683293578 
 1.93069772888  1.93069773853 
 2.22299648253  2.22299648222 
 2.5595479227  2.5595479233 
 2.94705170255  2.94705165697 
 3.3932217719  3.39322173588 
 3.90693993705  3.90693994353 
 4.49843266897  4.49843250949 
 5.17947467923  5.17947443785 
 5.96362331659  5.96362279981 
 6.86648845004  6.86648742242 
 7.90604321091  7.90604098834 
 9.10298177992  9.102976576 
 10.4811313415  10.4811183792 
 12.0679264064  12.0678926276 
 13.8949549437  13.8948607514 
 15.9985871961  15.9983049171 
 18.4206996933  18.419786672 
 21.2095088792  21.2063243256 
 24.4205309455  24.4084860237 
 28.1176869797  28.0683244534 
 32.3745754282  32.1581982051 
 37.2759372031  36.3249622521 
 42.9193426013  39.4545136585 
 49.4171336132  40.7646222681 
 56.8986602902  53.6595107036 
 65.512855686  62.9198346397 
 75.4312006335  73.2055000705 
 86.8511373751  84.9241173623 
 100.0  98.328246789 
25595.479227 50 
 0.1  0.100000000012 
 0.115139539933  0.115139539948 
 0.132571136559  0.132571136583 
 0.152641796718  0.152641796793 
 0.175751062485  0.175751062439 
 0.202358964773  0.202358964758 
 0.232995181052  0.232995181044 
 0.268269579528  0.268269579523 
 0.308884359648  0.308884359645 
 0.355648030622  0.355648030621 
 0.409491506238  0.409491506239 
 0.471486636346  0.471486636353 
 0.542867543932  0.54286754451 
 0.625055192527  0.625055192506 
 0.719685673001  0.719685672998 
 0.828642772855  0.828642772924 
 0.95409547635  0.954095476207 
 1.09854114199  1.09854114177 
 1.26485521686  1.26485521702 
 1.4563484775  1.45634847661 
 1.67683293681  1.67683293898 
 1.93069772888  1.93069772795 
 2.22299648253  2.22299648277 
 2.5595479227  2.55954791649 
 2.94705170255  2.9470517135 
 3.3932217719  3.39322177091 
 3.90693993705  3.90693983135 
 4.49843266897  4.4984325064 
 5.17947467923  5.17947442628 
 5.96362331659  5.96362275755 
 6.86648845004  6.86648736178 
 7.90604321091  7.90604067538 
 9.10298177992  9.10297627793 
 10.4811313415  10.4811175288 
 12.0679264064  12.067890368 
 13.8949549437  13.8948541586 
 15.9985871961  15.998285792 
 18.4206996933  18.4197291744 
 21.2095088792  21.2061267531 
 24.4205309455  24.4077532833 
 28.1176869797  28.0653962596 
 32.3745754282  32.145941199 
 37.2759372031  36.2777172574 
 42.9193426013  39.3329183204 
 49.4171336132  45.8746802197 
 56.8986602902  55.0670335502 
 65.512855686  63.9852048278 
 75.4312006335  74.1123939997 
 86.8511373751  85.7071391821 
 100.0  99.0063859191 
42919.3426013 50 
 0.1  0.0999999999888 
 0.115139539933  0.115139539924 
 0.132571136559  0.132571136553 
 0.152641796718  0.152641796713 
 0.175751062485  0.175751062482 
 0.202358964773  0.20235896477 
 0.232995181052  0.23299518105 
 0.268269579528  0.268269579527 
 0.308884359648  0.308884359648 
 0.355648030622  0.355648030624 
 0.409491506238  0.409491506246 
 0.471486636346  0.471486636058 
 0.542867543932  0.542867543917 
 0.625055192527  0.625055192523 
 0.719685673001  0.719685673021 
 0.828642772855  0.828642772534 
 0.95409547635  0.954095476119 
 1.09854114199  1.09854114204 
 1.26485521686  1.26485521866 
 1.4563484775  1.45634847694 
 1.67683293681  1.67683293607 
 1.93069772888  1.93069772899 
 2.22299648253  2.22299648906 
 2.5595479227  2.55954792191 
 2.94705170255  2.94705170138 
 3.3932217719  3.39322177309 
 3.90693993705  3.90693982025 
 4.49843266897  4.49843248631 
 5.17947467923  5.17947440726 
 5.96362331659  5.9636227267 
 6.86648845004  6.86648729373 
 7.90604321091  7.90604069276 
 9.10298177992  9.10297583937 
 10.4811313415  10.4811168931 
 12.0679264064  12.0678881617 
 13.8949549437  13.8948482886 
 15.9985871961  15.9982682767 
 18.4206996933  18.4196712316 
 21.2095088792  21.2059291087 
 24.4205309455  24.407020932 
 28.1176869797  28.062470485 
 32.3745754282  32.1337354846 
 37.2759372031  36.2311559786 
 42.9193426013  39.2155763988 
 49.4171336132  47.9358171309 
 56.8986602902  55.8339783952 
 65.512855686  64.6080179716 
 75.4312006335  74.6476659556 
 86.8511373751  86.1707228704 
 100.0  99.4086267612 
71968.5673001 50 
 0.1  0.0999999999975 
 0.115139539933  0.115139539931 
 0.132571136559  0.132571136558 
 0.152641796718  0.152641796717 
 0.175751062485  0.175751062485 
 0.202358964773  0.202358964773 
 0.232995181052  0.232995181052 
 0.268269579528  0.26826957953 
 0.308884359648  0.308884359652 
 0.355648030622  0.355648030639 
 0.409491506238  0.409491506155 
 0.471486636346  0.471486636336 
 0.542867543932  0.542867543929 
 0.625055192527  0.625055192534 
 0.719685673001  0.719685673318 
 0.828642772855  0.82864277275 
 0.95409547635  0.954095476357 
 1.09854114199  1.09854114242 
 1.26485521686  1.26485521669 
 1.4563484775  1.45634847692 
 1.67683293681  1.67683293711 
 1.93069772888  1.93069773148 
 2.22299648253  2.22299648 
 2.5595479227  2.55954792177 
 2.94705170255  2.9470517029 
 3.3932217719  3.39322168964 
 3.90693993705  3.90693984662 
 4.49843266897  4.49843246973 
 5.17947467923  5.1794743323 
 5.96362331659  5.96362268466 
 6.86648845004  6.86648722685 
 7.90604321091  7.90604046655 
 9.10298177992  9.10297544493 
 10.4811313415  10.4811157264 
 12.0679264064  12.067885926 
 13.8949549437  13.894842113 
 15.9985871961  15.998250251 
 18.4206996933  18.4196135967 
 21.2095088792  21.2057313436 
 24.4205309455  24.4062887743 
 28.1176869797  28.059547087 
 32.3745754282  32.1215805392 
 37.2759372031  36.1852717379 
 42.9193426013  39.1022058744 
 49.4171336132  48.6237032892 
 56.8986602902  56.2723659388 
 65.512855686  64.9753617433 
 75.4312006335  74.9649643977 
 86.8511373751  86.4460063724 
 100.0  99.6477445266 
120679.264064 50 
 0.1  0.100000000001 
 0.115139539933  0.115139539934 
 0.132571136559  0.13257113656 
 0.152641796718  0.152641796719 
 0.175751062485  0.175751062488 
 0.202358964773  0.202358964776 
 0.232995181052  0.232995181058 
 0.268269579528  0.268269579544 
 0.308884359648  0.308884359735 
 0.355648030622  0.355648030609 
 0.409491506238  0.409491506232 
 0.471486636346  0.471486636344 
 0.542867543932  0.542867543936 
 0.625055192527  0.625055192584 
 0.719685673001  0.719685673004 
 0.828642772855  0.828642772846 
 0.95409547635  0.954095476456 
 1.09854114199  1.09854114161 
 1.26485521686  1.26485521636 
 1.4563484775  1.45634847765 
 1.67683293681  1.67683293923 
 1.93069772888  1.93069772771 
 2.22299648253  2.22299648187 
 2.5595479227  2.5595479227 
 2.94705170255  2.94705171095 
 3.3932217719  3.39322176876 
 3.90693993705  3.90693994001 
 4.49843266897  4.49843246166 
 5.17947467923  5.17947433838 
 5.96362331659  5.96362268741 
 6.86648845004  6.86648713955 
 7.90604321091  7.90604029646 
 9.10298177992  9.10297501987 
 10.4811313415  10.4811149925 
 12.0679264064  12.0678837374 
 13.8949549437  13.8948355137 
 15.9985871961  15.9982320762 
 18.4206996933  18.4195556015 
 21.2095088792  21.2055343153 
 24.4205309455  24.4055567699 
 28.1176869797  28.0566278237 
 32.3745754282  32.1094721781 
 37.2759372031  36.1400370907 
 42.9193426013  41.9330812863 
 49.4171336132  48.9674767041 
 56.8986602902  56.5280260316 
 65.512855686  65.1930505474 
 75.4312006335  75.1535195712 
 86.8511373751  86.609759821 
 100.0  99.7900759225 
202358.964773 50 
 0.1  0.100000000007 
 0.115139539933  0.115139539941 
 0.132571136559  0.132571136569 
 0.152641796718  0.152641796725 
 0.175751062485  0.175751062498 
 0.202358964773  0.202358964815 
 0.232995181052  0.23299518102 
 0.268269579528  0.268269579518 
 0.308884359648  0.308884359643 
 0.355648030622  0.355648030619 
 0.409491506238  0.409491506237 
 0.471486636346  0.471486636349 
 0.542867543932  0.54286754396 
 0.625055192527  0.625055192502 
 0.719685673001  0.71968567299 
 0.828642772855  0.828642772884 
 0.95409547635  0.954095475517 
 1.09854114199  1.09854114143 
 1.26485521686  1.26485521685 
 1.4563484775  1.45634847863 
 1.67683293681  1.67683293565 
 1.93069772888  1.93069772843 
 2.22299648253  2.22299648221 
 2.5595479227  2.55954792576 
 2.94705170255  2.94705169584 
 3.3932217719  3.39322176934 
 3.90693993705  3.90693994757 
 4.49843266897  4.49843244707 
 5.17947467923  5.17947433659 
 5.96362331659  5.96362259945 
 6.86648845004  6.86648704661 
 7.90604321091  7.90604015207 
 9.10298177992  9.10297468203 
 10.4811313415  10.4811142478 
 12.0679264064  12.067881384 
 13.8949549437  13.8948294566 
 15.9985871961  15.9982125781 
 18.4206996933  18.4194977707 
 21.2095088792  21.20533636 
 24.4205309455  24.4048243529 
 28.1176869797  28.053712443 
 32.3745754282  32.0974145782 
 37.2759372031  36.0954394 
 42.9193426013  42.5319370508 
 49.4171336132  49.1561662525 
 56.8986602902  56.6786064885 
 65.512855686  65.3223942602 
 75.4312006335  75.2657311384 
 86.8511373751  86.7072694862 
 100.0  99.8748616395 
339322.17719 50 
 0.1  0.0999999999372 
 0.115139539933  0.115139539902 
 0.132571136559  0.132571136542 
 0.152641796718  0.152641796707 
 0.175751062485  0.175751062478 
 0.202358964773  0.202358964768 
 0.232995181052  0.232995181048 
 0.268269579528  0.268269579526 
 0.308884359648  0.308884359647 
 0.355648030622  0.355648030623 
 0.409491506238  0.409491506242 
 0.471486636346  0.471486636369 
 0.542867543932  0.542867543909 
 0.625055192527  0.625055192518 
 0.719685673001  0.719685673008 
 0.828642772855  0.828642773171 
 0.95409547635  0.954095477335 
 1.09854114199  1.09854114199 
 1.26485521686  1.26485521733 
 1.4563484775  1.45634847639 
 1.67683293681  1.67683293651 
 1.93069772888  1.93069772851 
 2.22299648253  2.22299648388 
 2.5595479227  2.55954791625 
 2.94705170255  2.94705170048 
 3.3932217719  3.39322177228 
 3.90693993705  3.90693981186 
 4.49843266897  4.49843242362 
 5.17947467923  5.17947427995 
 5.96362331659  5.96362258228 
 6.86648845004  6.86648697207 
 7.90604321091  7.90603997249 
 9.10298177992  9.10297430781 
 10.4811313415  10.4811132013 
 12.0679264064  12.0678790526 
 13.8949549437  13.894822733 
 15.9985871961  15.9981954656 
 18.4206996933  18.4194399523 
 21.2095088792  21.2051388737 
 24.4205309455  24.4040929554 
 28.1176869797  28.0507994709 
 32.3745754282  32.0854063967 
 37.2759372031  36.0514620605 
 42.9193426013  42.718215965 
 49.4171336132  49.2638592554 
 56.8986602902  56.7677684691 
 65.512855686  65.3993628214 
 75.4312006335  75.3325666082 
 86.8511373751  86.7653685946 
 100.0  99.9253908247 
568986.602902 50 
 0.1  0.0999999999953 
 0.115139539933  0.115139539929 
 0.132571136559  0.132571136556 
 0.152641796718  0.152641796715 
 0.175751062485  0.175751062484 
 0.202358964773  0.202358964772 
 0.232995181052  0.232995181051 
 0.268269579528  0.268269579528 
 0.308884359648  0.30888435965 
 0.355648030622  0.355648030628 
 0.409491506238  0.409491506281 
 0.471486636346  0.471486636322 
 0.542867543932  0.542867543925 
 0.625055192527  0.625055192529 
 0.719685673001  0.719685673058 
 0.828642772855  0.828642772825 
 0.95409547635  0.954095476332 
 1.09854114199  1.09854114216 
 1.26485521686  1.26485521563 
 1.4563484775  1.45634847727 
 1.67683293681  1.67683293687 
 1.93069772888  1.93069772952 
 2.22299648253  2.22299647699 
 2.5595479227  2.5595479211 
 2.94705170255  2.94705170285 
 3.3932217719  3.3932217792 
 3.90693993705  3.90693992252 
 4.49843266897  4.49843241565 
 5.17947467923  5.17947433053 
 5.96362331659  5.96362252198 
 6.86648845004  6.86648691671 
 7.90604321091  7.90603977671 
 9.10298177992  9.10297394248 
 10.4811313415  10.4811121286 
 12.0679264064  12.0678767475 
 13.8949549437  13.8948169069 
 15.9985871961  15.9981777686 
 18.4206996933  18.4193822027 
 21.2095088792  21.2049410659 
 24.4205309455  24.4033629442 
 28.1176869797  28.0478885904 
 32.3745754282  32.0734457573 
 37.2759372031  36.7408586834 
 42.9193426013  42.8071981872 
 49.4171336132  49.3265268477 
 56.8986602902  56.8207206042 
 65.512855686  65.4452050879 
 75.4312006335  75.3723952573 
 86.8511373751  86.7999982676 
 100.0  99.9555125178 
954095.47635 50 
 0.1  0.0999999999994 
 0.115139539933  0.115139539932 
 0.132571136559  0.132571136559 
 0.152641796718  0.152641796718 
 0.175751062485  0.175751062486 
 0.202358964773  0.202358964774 
 0.232995181052  0.232995181054 
 0.268269579528  0.268269579533 
 0.308884359648  0.308884359663 
 0.355648030622  0.355648030616 
 0.409491506238  0.409491506227 
 0.471486636346  0.471486636341 
 0.542867543932  0.542867543933 
 0.625055192527  0.625055192547 
 0.719685673001  0.719685672915 
 0.828642772855  0.828642772833 
 0.95409547635  0.954095476402 
 1.09854114199  1.09854113773 
 1.26485521686  1.26485521405 
 1.4563484775  1.45634847754 
 1.67683293681  1.67683293767 
 1.93069772888  1.93069772352 
 2.22299648253  2.22299648127 
 2.5595479227  2.55954792188 
 2.94705170255  2.94705170543 
 3.3932217719  3.39322175394 
 3.90693993705  3.90693994161 
 4.49843266897  4.49843242907 
 5.17947467923  5.17947433424 
 5.96362331659  5.96362247761 
 6.86648845004  6.86648682104 
 7.90604321091  7.90603969435 
 9.10298177992  9.10297351614 
 10.4811313415  10.4811112516 
 12.0679264064  12.0678742046 
 13.8949549437  13.8948106127 
 15.9985871961  15.998159026 
 18.4206996933  18.4193244797 
 21.2095088792  21.2047433758 
 24.4205309455  24.4026310138 
 28.1176869797  28.0449823999 
 32.3745754282  32.0615337068 
 37.2759372031  37.1706359156 
 42.9193426013  42.8548433907 
 49.4171336132  49.3633762487 
 56.8986602902  56.8522220716 
 65.512855686  65.4725228631 
 75.4312006335  75.3961370922 
 86.8511373751  86.8206435507 
 100.0  99.9734716949 
1599858.71961 50 
 0.1  0.100000000004 
 0.115139539933  0.115139539936 
 0.132571136559  0.132571136563 
 0.152641796718  0.152641796723 
 0.175751062485  0.175751062493 
 0.202358964773  0.202358964785 
 0.232995181052  0.232995181067 
 0.268269579528  0.26826957943 
 0.308884359648  0.308884359637 
 0.355648030622  0.355648030617 
 0.409491506238  0.409491506235 
 0.471486636346  0.471486636346 
 0.542867543932  0.542867543944 
 0.625055192527  0.625055192378 
 0.719685673001  0.719685672981 
 0.828642772855  0.828642772867 
 0.95409547635  0.954095476775 
 1.09854114199  1.09854114249 
 1.26485521686  1.26485521686 
 1.4563484775  1.45634847801 
 1.67683293681  1.67683292981 
 1.93069772888  1.93069772806 
 2.22299648253  2.22299648165 
 2.5595479227  2.55954792517 
 2.94705170255  2.94705167696 
 3.3932217719  3.39322164353 
 3.90693993705  3.90693994735 
 4.49843266897  4.49843240411 
 5.17947467923  5.17947433329 
 5.96362331659  5.96362244315 
 6.86648845004  6.86648673241 
 7.90604321091  7.90603950638 
 9.10298177992  9.10297314816 
 10.4811313415  10.4811106559 
 12.0679264064  12.0678720816 
 13.8949549437  13.894804406 
 15.9985871961  15.9981402497 
 18.4206996933  18.4192670833 
 21.2095088792  21.2045463556 
 24.4205309455  24.4018997408 
 28.1176869797  28.0420779914 
 32.3745754282  32.0496698828 
 37.2759372031  37.224363324 
 42.9193426013  42.8816562879 
 49.4171336132  49.3851717593 
 56.8986602902  56.8709811781 
 65.512855686  65.4888067737 
 75.4312006335  75.4102921089 
 86.8511373751  86.8329532911 
 100.0  99.9841803549 
2682695.79528 50 
 0.1  0.100000000018 
 0.115139539933  0.115139539956 
 0.132571136559  0.132571136603 
 0.152641796718  0.152641796449 
 0.175751062485  0.17575106246 
 0.202358964773  0.202358964761 
 0.232995181052  0.232995181045 
 0.268269579528  0.268269579525 
 0.308884359648  0.308884359646 
 0.355648030622  0.355648030621 
 0.409491506238  0.409491506239 
 0.471486636346  0.471486636354 
 0.542867543932  0.542867543682 
 0.625055192527  0.62505519251 
 0.719685673001  0.719685673 
 0.828642772855  0.828642772938 
 0.95409547635  0.954095476251 
 1.09854114199  1.098541142 
 1.26485521686  1.26485521718 
 1.4563484775  1.45634845477 
 1.67683293681  1.67683293625 
 1.93069772888  1.93069772846 
 2.22299648253  2.22299648327 
 2.5595479227  2.55954791647 
 2.94705170255  2.94705171335 
 3.3932217719  3.39322176442 
 3.90693993705  3.90693975619 
 4.49843266897  4.49843237522 
 5.17947467923  5.17947418993 
 5.96362331659  5.96362240993 
 6.86648845004  6.86648660539 
 7.90604321091  7.9060393797 
 9.10298177992  9.10297281688 
 10.4811313415  10.4811095118 
 12.0679264064  12.0678698961 
 13.8949549437  13.8947981969 
 15.9985871961  15.9981227996 
 18.4206996933  18.4192091859 
 21.2095088792  21.2043488052 
 24.4205309455  24.401169587 
 28.1176869797  28.0391768659 
 32.3745754282  32.0378525027 
 37.2759372031  37.2478392242 
 42.9193426013  42.8971320221 
 49.4171336132  49.3981069516 
 56.8986602902  56.8821587915 
 65.512855686  65.4985152645 
 75.4312006335  75.4187323062 
 86.8511373751  86.840293529 
 100.0  99.9905660571 
4498432.66897 50 
 0.1  0.0999999999909 
 0.115139539933  0.115139539927 
 0.132571136559  0.132571136555 
 0.152641796718  0.152641796714 
 0.175751062485  0.175751062482 
 0.202358964773  0.20235896477 
 0.232995181052  0.23299518105 
 0.268269579528  0.26826957953 
 0.308884359648  0.308884359648 
 0.355648030622  0.355648030625 
 0.409491506238  0.409491506249 
 0.471486636346  0.47148663626 
 0.542867543932  0.542867543919 
 0.625055192527  0.625055192529 
 0.719685673001  0.719685673025 
 0.828642772855  0.828642772638 
 0.95409547635  0.954095476164 
 1.09854114199  1.09854114207 
 1.26485521686  1.26485522026 
 1.4563484775  1.45634847864 
 1.67683293681  1.67683293658 
 1.93069772888  1.93069772904 
 2.22299648253  2.22299649563 
 2.5595479227  2.55954792175 
 2.94705170255  2.94705169813 
 3.3932217719  3.39322176161 
 3.90693993705  3.90693985624 
 4.49843266897  4.49843233643 
 5.17947467923  5.17947417799 
 5.96362331659  5.96362237851 
 6.86648845004  6.86648658812 
 7.90604321091  7.90603917915 
 9.10298177992  9.1029725838 
 10.4811313415  10.481108173 
 12.0679264064  12.0678678042 
 13.8949549437  13.894791955 
 15.9985871961  15.9981045039 
 18.4206996933  18.4191513283 
 21.2095088792  21.2041514533 
 24.4205309455  24.4004388922 
 28.1176869797  28.0362758615 
 32.3745754282  32.3457846497 
 37.2759372031  37.2599612234 
 42.9193426013  42.9061884456 
 49.4171336132  49.4057989201 
 56.8986602902  56.888821293 
 65.512855686  65.504304112 
 75.4312006335  75.423765252 
 86.8511373751  86.8446706761 
 100.0  99.9943740576 
7543120.06335 50 
 0.1  0.099999999998 
 0.115139539933  0.115139539937 
 0.132571136559  0.132571136564 
 0.152641796718  0.15264179672 
 0.175751062485  0.175751062486 
 0.202358964773  0.202358964773 
 0.232995181052  0.232995181053 
 0.268269579528  0.268269579534 
 0.308884359648  0.308884359653 
 0.355648030622  0.355648030647 
 0.409491506238  0.409491506198 
 0.471486636346  0.471486636339 
 0.542867543932  0.542867543931 
 0.625055192527  0.625055192553 
 0.719685673001  0.719685674103 
 0.828642772855  0.828642772361 
 0.95409547635  0.95409547639 
 1.09854114199  1.09854114227 
 1.26485521686  1.26485521688 
 1.4563484775  1.45634847726 
 1.67683293681  1.67683293636 
 1.93069772888  1.93069773114 
 2.22299648253  2.22299647806 
 2.5595479227  2.55954792312 
 2.94705170255  2.94705169621 
 3.3932217719  3.39322164771 
 3.90693993705  3.90693973843 
 4.49843266897  4.49843233594 
 5.17947467923  5.1794741446 
 5.96362331659  5.9636223263 
 6.86648845004  6.86648652109 
 7.90604321091  7.90603898634 
 9.10298177992  9.10297217617 
 10.4811313415  10.4811077375 
 12.0679264064  12.0678658034 
 13.8949549437  13.894786131 
 15.9985871961  15.9980863374 
 18.4206996933  18.419093636 
 21.2095088792  21.2039542406 
 24.4205309455  24.399708748 
 28.1176869797  28.0333861845 
 32.3745754282  32.3614073505 
 37.2759372031  37.2666603612 
 42.9193426013  42.9115299454 
 49.4171336132  49.4103783152 
 56.8986602902  56.892793349 
 65.512855686  65.5077560319 
 75.4312006335  75.4267665442 
 86.8511373751  86.8472809372 
 100.0  99.9966449375 
12648552.1686 50 
 0.1  0.100000000003 
 0.115139539933  0.115139539945 
 0.132571136559  0.132571136568 
 0.152641796718  0.152641796728 
 0.175751062485  0.175751062492 
 0.202358964773  0.20235896478 
 0.232995181052  0.232995181063 
 0.268269579528  0.268269579539 
 0.308884359648  0.308884359416 
 0.355648030622  0.355648030618 
 0.409491506238  0.409491506241 
 0.471486636346  0.471486636353 
 0.542867543932  0.542867543946 
 0.625055192527  0.625055192644 
 0.719685673001  0.719685673063 
 0.828642772855  0.828642772851 
 0.95409547635  0.954095476605 
 1.09854114199  1.09854114183 
 1.26485521686  1.26485521653 
 1.4563484775  1.45634847709 
 1.67683293681  1.6768329372 
 1.93069772888  1.93069772454 
 2.22299648253  2.22299647794 
 2.5595479227  2.55954791902 
 2.94705170255  2.94705170556 
 3.3932217719  3.39322175322 
 3.90693993705  3.90693990232 
 4.49843266897  4.49843234496 
 5.17947467923  5.17947412447 
 5.96362331659  5.96362230147 
 6.86648845004  6.86648643911 
 7.90604321091  7.90603882464 
 9.10298177992  9.10297180492 
 10.4811313415  10.4811068131 
 12.0679264064  12.067863252 
 13.8949549437  13.8947798649 
 15.9985871961  15.9980678924 
 18.4206996933  18.4190359518 
 21.2095088792  21.2037564676 
 24.4205309455  24.3989785345 
 28.1176869797  28.0304933112 
 32.3745754282  32.3675594419 
 37.2759372031  37.2704890102 
 42.9193426013  42.9146946964 
 49.4171336132  49.4131065293 
 56.8986602902  56.8951617042 
 65.512855686  65.5098145092 
 75.4312006335  75.4285563425 
 86.8511373751  86.8488375613 
 100.0  99.9979991805 
21209508.8792 50 
 0.1  0.100000000018 
 0.115139539933  0.115139539943 
 0.132571136559  0.132571136572 
 0.152641796718  0.152641796743 
 0.175751062485  0.175751062513 
 0.202358964773  0.202358964997 
 0.232995181052  0.232995181041 
 0.268269579528  0.268269579522 
 0.308884359648  0.308884359652 
 0.355648030622  0.355648030634 
 0.409491506238  0.409491506254 
 0.471486636346  0.471486636369 
 0.542867543932  0.542867543993 
 0.625055192527  0.625055192581 
 0.719685673001  0.719685673067 
 0.828642772855  0.828642773031 
 0.95409547635  0.954095476093 
 1.09854114199  1.09854114194 
 1.26485521686  1.26485521748 
 1.4563484775  1.45634847798 
 1.67683293681  1.67683293393 
 1.93069772888  1.93069772527 
 2.22299648253  2.22299647654 
 2.5595479227  2.55954792011 
 2.94705170255  2.94705168614 
 3.3932217719  3.39322176396 
 3.90693993705  3.90693989059 
 4.49843266897  4.4984323226 
 5.17947467923  5.17947411459 
 5.96362331659  5.96362227083 
 6.86648845004  6.86648639267 
 7.90604321091  7.9060387279 
 9.10298177992  9.10297142724 
 10.4811313415  10.4811059019 
 12.0679264064  12.0678610693 
 13.8949549437  13.8947736108 
 15.9985871961  15.9980481954 
 18.4206996933  18.4189780115 
 21.2095088792  21.2035596762 
 24.4205309455  24.3982487003 
 28.1176869797  28.1101306433 
 32.3745754282  32.3706269375 
 37.2759372031  37.272717063 
 42.9193426013  42.9165747511 
 49.4171336132  49.4147325525 
 56.8986602902  56.8965739495 
 65.512855686  65.5110420658 
 75.4312006335  75.4296236896 
 86.8511373751  86.8497658601 
 100.0  99.9988067914 
35564803.0622 50 
 0.1  0.0999999999825 
 0.115139539933  0.115139539917 
 0.132571136559  0.132571136552 
 0.152641796718  0.152641796729 
 0.175751062485  0.175751062493 
 0.202358964773  0.202358964781 
 0.232995181052  0.232995181062 
 0.268269579528  0.268269579535 
 0.308884359648  0.308884359661 
 0.355648030622  0.35564803064 
 0.409491506238  0.409491506263 
 0.471486636346  0.471486636404 
 0.542867543932  0.542867543942 
 0.625055192527  0.625055192547 
 0.719685673001  0.719685673112 
 0.828642772855  0.828642773589 
 0.95409547635  0.95409547347 
 1.09854114199  1.09854114259 
 1.26485521686  1.26485521647 
 1.4563484775  1.45634847717 
 1.67683293681  1.67683293269 
 1.93069772888  1.93069772964 
 2.22299648253  2.22299647655 
 2.5595479227  2.55954791053 
 2.94705170255  2.94705169038 
 3.3932217719  3.39322175505 
 3.90693993705  3.90693972605 
 4.49843266897  4.49843230521 
 5.17947467923  5.17947410578 
 5.96362331659  5.96362220339 
 6.86648845004  6.86648630851 
 7.90604321091  7.90603858024 
 9.10298177992  9.10297093646 
 10.4811313415  10.4811049981 
 12.0679264064  12.0678588109 
 13.8949549437  13.8947667077 
 15.9985871961  15.998031375 
 18.4206996933  18.4189203495 
 21.2095088792  21.2033620144 
 24.4205309455  24.3975191209 
 28.1176869797  28.1143899414 
 32.3745754282  32.3722948497 
 37.2759372031  37.2740269336 
 42.9193426013  42.9176933723 
 49.4171336132  49.4157019031 
 56.8986602902  56.8974161051 
 65.512855686  65.5117741194 
 75.4312006335  75.4302602077 
 86.8511373751  86.8503194578 
 100.0  99.999288417 
59636233.1659 50 
 0.1  0.100000000015 
 0.115139539933  0.115139539944 
 0.132571136559  0.13257113657 
 0.152641796718  0.152641796721 
 0.175751062485  0.175751062499 
 0.202358964773  0.202358964786 
 0.232995181052  0.232995181066 
 0.268269579528  0.268269579542 
 0.308884359648  0.308884359666 
 0.355648030622  0.355648030662 
 0.409491506238  0.409491506351 
 0.471486636346  0.471486636356 
 0.542867543932  0.542867543968 
 0.625055192527  0.625055192558 
 0.719685673001  0.719685673182 
 0.828642772855  0.828642773057 
 0.95409547635  0.954095476704 
 1.09854114199  1.09854114161 
 1.26485521686  1.26485521499 
 1.4563484775  1.45634847452 
 1.67683293681  1.67683293706 
 1.93069772888  1.93069772695 
 2.22299648253  2.22299647644 
 2.5595479227  2.55954791493 
 2.94705170255  2.94705168663 
 3.3932217719  3.39322175607 
 3.90693993705  3.90693989006 
 4.49843266897  4.4984322907 
 5.17947467923  5.17947407298 
 5.96362331659  5.96362217635 
 6.86648845004  6.86648620595 
 7.90604321091  7.90603832962 
 9.10298177992  9.10297045042 
 10.4811313415  10.4811041441 
 12.0679264064  12.0678565477 
 13.8949549437  13.8947609058 
 15.9985871961  15.9980129601 
 18.4206996933  18.4188626311 
 21.2095088792  21.2031645249 
 24.4205309455  24.3967916788 
 28.1176869797  28.1159530076 
 32.3745754282  32.3732400165 
 37.2759372031  37.2748015418 
 42.9193426013  42.9183595647 
 49.4171336132  49.4162798636 
 56.8986602902  56.8979183157 
 65.512855686  65.5122106833 
 75.4312006335  75.4306398005 
 86.8511373751  86.850649601 
 100.0  99.9995756393 
100000000.0 50 
 0.1  0.100000000019 
 0.115139539933  0.11513953995 
 0.132571136559  0.132571136576 
 0.152641796718  0.152641796732 
 0.175751062485  0.17575106251 
 0.202358964773  0.202358964791 
 0.232995181052  0.232995181086 
 0.268269579528  0.268269579549 
 0.308884359648  0.308884359686 
 0.355648030622  0.355648030552 
 0.409491506238  0.40949150636 
 0.471486636346  0.471486636412 
 0.542867543932  0.542867543982 
 0.625055192527  0.625055192611 
 0.719685673001  0.719685673149 
 0.828642772855  0.828642773259 
 0.95409547635  0.954095477009 
 1.09854114199  1.09854113969 
 1.26485521686  1.2648552143 
 1.4563484775  1.45634847512 
 1.67683293681  1.67683293524 
 1.93069772888  1.93069772088 
 2.22299648253  2.2229964757 
 2.5595479227  2.55954791663 
 2.94705170255  2.9470516978 
 3.3932217719  3.39322172566 
 3.90693993705  3.90693989178 
 4.49843266897  4.49843229674 
 5.17947467923  5.17947405079 
 5.96362331659  5.96362212427 
 6.86648845004  6.86648614968 
 7.90604321091  7.90603824725 
 9.10298177992  9.10297019005 
 10.4811313415  10.481103234 
 12.0679264064  12.0678541735 
 13.8949549437  13.8947549771 
 15.9985871961  15.9979948463 
 18.4206996933  18.4188050294 
 21.2095088792  21.2029680847 
 24.4205309455  24.4187068317 
 28.1176869797  28.1167166342 
 32.3745754282  32.373787467 
 37.2759372031  37.2752611921 
 42.9193426013  42.9187565334 
 49.4171336132  49.4166244934 
 56.8986602902  56.8982178084 
 65.512855686  65.5124710317 
 75.4312006335  75.4308661744 
 86.8511373751  86.8508464853 
 100.0  99.9997469275 
