3.155760000000000000e+11
5.281745684210526367e+12
1.024791536842105273e+13
1.521408505263157812e+13
2.018025473684210547e+13
2.514642442105262891e+13
3.011259410526315625e+13
3.507876378947368750e+13
4.004493347368421094e+13
4.501110315789473438e+13
4.997727284210525781e+13
5.494344252631578906e+13
5.990961221052631250e+13
6.487578189473683594e+13
6.984195157894737500e+13
7.480812126315789062e+13
7.977429094736842188e+13
8.474046063157893750e+13
8.970663031578946875e+13
9.467280000000000000e+13
