 0.1  0.0999994951337 
 0.115139539933  0.115137837238 
 0.132571136559  0.132564973542 
 0.152641796718  0.152617768023 
 0.175751062485  0.175649916882 
 0.202358964773  0.201899690058 
 0.232995181052  0.230791340449 
 0.268269579528  0.258182568757 
 0.308884359648  0.274645120295 
 0.355648030622  0.279459204421 
 0.409491506238  0.280287421361 
 0.471486636346  0.280399591079 
 0.542867543932  0.280412779702 
 0.625055192527  0.28041413284 
 0.719685673001  0.280414266144 
 0.828642772855  0.280414266897 
 0.95409547635  0.280414282209 
 1.09854114199  0.280414286136 
 1.26485521686  0.280414294043 
 1.4563484775  0.280414337751 
 1.67683293681  0.280414316314 
 1.93069772888  0.280414339744 
 2.22299648253  0.280414323137 
 2.5595479227  0.28041434867 
 2.94705170255  0.280414339948 
 3.3932217719  0.280414348558 
 3.90693993705  0.280414359234 
 4.49843266897  0.280414372076 
 5.17947467923  0.280414403924 
 5.96362331659  0.280414446215 
 6.86648845004  0.280414425691 
 7.90604321091  0.280414530355 
 9.10298177992  0.510363567015 
 10.4811313415  3.3546190269 
 12.0679264064  6.95095713807 
 13.8949549437  9.86068990568 
 15.9985871961  12.7171761942 
 18.4206996933  15.7113132266 
 21.2095088792  18.9547805633 
 24.4205309455  22.5368344339 
 28.1176869797  26.5418231464 
 32.3745754282  31.0568446728 
 37.2759372031  36.1761448821 
 42.9193426013  42.004314539 
 49.4171336132  48.6590764684 
 56.8986602902  56.2740253502 
 65.512855686  65.0015203119 
 75.4312006335  75.0158588909 
 86.8511373751  86.5168341659 
 100.0  99.7337691198 
