 0.1  0.0999994945065 
 0.115139539933  0.115137837136 
 0.132571136559  0.132564973559 
 0.152641796718  0.152617768397 
 0.175751062485  0.175649916846 
 0.202358964773  0.20189968699 
 0.232995181052  0.23079131594 
 0.268269579528  0.258182570492 
 0.308884359648  0.274645136056 
 0.355648030622  0.279459207126 
 0.409491506238  0.280287422094 
 0.471486636346  0.280399595894 
 0.542867543932  0.280412764674 
 0.625055192527  0.28041413032 
 0.719685673001  0.280414257173 
 0.828642772855  0.280414275127 
 0.95409547635  0.280414286273 
 1.09854114199  0.280414292413 
 1.26485521686  0.280414276616 
 1.4563484775  0.280414305764 
 1.67683293681  0.280414317199 
 1.93069772888  0.280414332297 
 2.22299648253  0.280414322244 
 2.5595479227  0.280414329533 
 2.94705170255  0.280414346055 
 3.3932217719  0.280414367053 
 3.90693993705  0.28041436002 
 4.49843266897  0.280414377991 
 5.17947467923  0.280414398689 
 5.96362331659  0.280414422216 
 6.86648845004  0.280414477084 
 7.90604321091  0.280414519647 
 9.10298177992  0.280414599026 
 10.4811313415  0.280414686367 
 12.0679264064  0.280414826394 
 13.8949549437  0.280414992862 
 15.9985871961  0.280415228287 
 18.4206996933  0.280415534382 
 21.2095088792  0.280415946672 
 24.4205309455  0.280416488601 
 28.1176869797  0.280417215766 
 32.3745754282  15.100493492 
 37.2759372031  24.5679278745 
 42.9193426013  33.0141154235 
 49.4171336132  41.5292445476 
 56.8986602902  50.5616337111 
 65.512855686  60.4097166584 
 75.4312006335  71.3287897491 
 86.8511373751  83.5688844964 
 100.0  97.3930697951 
