 0.1  0.0999996342685 
 0.115139539933  0.115138423549 
 0.132571136559  0.132567536028 
 0.152641796718  0.152629518292 
 0.175751062485  0.175706597879 
 0.202358964773  0.202187364071 
 0.232995181052  0.232289604749 
 0.268269579528  0.265237596921 
 0.308884359648  0.2964544307 
 0.355648030622  0.316222261342 
 0.409491506238  0.322969480732 
 0.471486636346  0.324398212774 
 0.542867543932  0.324636295978 
 0.625055192527  0.324670485213 
 0.719685673001  0.324674786606 
 0.828642772855  0.324675259125 
 0.95409547635  0.324675306471 
 1.09854114199  0.324675307318 
 1.26485521686  0.324675324452 
 1.4563484775  0.324675337852 
 1.67683293681  0.324675351864 
 1.93069772888  0.324675369646 
 2.22299648253  0.324675397079 
 2.5595479227  0.324675427579 
 2.94705170255  0.324675459242 
 3.3932217719  0.324675501712 
 3.90693993705  0.324675549685 
 4.49843266897  0.324675571585 
 5.17947467923  0.324675600628 
 5.96362331659  0.324675622427 
 6.86648845004  0.324675661259 
 7.90604321091  0.324675689283 
 9.10298177992  0.324675723883 
 10.4811313415  0.324675740951 
 12.0679264064  0.32467578182 
 13.8949549437  0.324675811858 
 15.9985871961  0.324675838927 
 18.4206996933  0.324675854997 
 21.2095088792  0.324675891755 
 24.4205309455  0.324675914286 
 28.1176869797  0.324675950243 
 32.3745754282  0.324675979598 
 37.2759372031  0.324676008327 
 42.9193426013  0.324676054633 
 49.4171336132  0.324676094841 
 56.8986602902  0.324676151525 
 65.512855686  0.32467623346 
 75.4312006335  0.324676334145 
 86.8511373751  0.324676474687 
 100.0  0.324676664651 
