 0.1  0.0999994972723 
 0.115139539933  0.115137837434 
 0.132571136559  0.132564973866 
 0.152641796718  0.152617767767 
 0.175751062485  0.175649916828 
 0.202358964773  0.201899695492 
 0.232995181052  0.230791318175 
 0.268269579528  0.258182569504 
 0.308884359648  0.274645136063 
 0.355648030622  0.279459206879 
 0.409491506238  0.280287423234 
 0.471486636346  0.28039953688 
 0.542867543932  0.280412758384 
 0.625055192527  0.280414131834 
 0.719685673001  0.280414257005 
 0.828642772855  0.280414292272 
 0.95409547635  0.280414285328 
 1.09854114199  0.280414284397 
 1.26485521686  0.280414298941 
 1.4563484775  0.28041429855 
 1.67683293681  0.280414312443 
 1.93069772888  0.280414272297 
 2.22299648253  0.280414322391 
 2.5595479227  0.280414330539 
 2.94705170255  0.280414340565 
 3.3932217719  0.280414349275 
 3.90693993705  0.280414360865 
 4.49843266897  0.280414342848 
 5.17947467923  0.280414342848 
 5.96362331659  0.280414342848 
 6.86648845004  0.280414342848 
 7.90604321091  0.280414342848 
 9.10298177992  0.280414342848 
 10.4811313415  0.280414342848 
 12.0679264064  0.280414342848 
 13.8949549437  0.280414342848 
 15.9985871961  0.280414342848 
 18.4206996933  0.280414342848 
 21.2095088792  0.280414379764 
 24.4205309455  0.280414379764 
 28.1176869797  0.280414379764 
 32.3745754282  0.280414379764 
 37.2759372031  13.9384213096 
 42.9193426013  23.6765566729 
 49.4171336132  32.3483110737 
 56.8986602902  41.0270441033 
 65.512855686  50.1820084507 
 75.4312006335  60.1243200568 
 86.8511373751  71.1169118978 
 100.0  83.4147086185 
