 0.1  0.0999996341642 
 0.115139539933  0.115138423603 
 0.132571136559  0.132567536028 
 0.152641796718  0.152629518194 
 0.175751062485  0.175706592956 
 0.202358964773  0.202187364125 
 0.232995181052  0.232289600938 
 0.268269579528  0.265237597056 
 0.308884359648  0.296454427753 
 0.355648030622  0.316222260504 
 0.409491506238  0.322969473408 
 0.471486636346  0.324398259596 
 0.542867543932  0.324636278436 
 0.625055192527  0.32467048432 
 0.719685673001  0.32467479005 
 0.828642772855  0.324675259015 
 0.95409547635  0.324675301418 
 1.09854114199  0.324675313782 
 1.26485521686  0.324675322239 
 1.4563484775  0.324675340807 
 1.67683293681  0.32467535281 
 1.93069772888  0.324675368976 
 2.22299648253  0.32467539671 
 2.5595479227  0.324675433773 
 2.94705170255  0.324675458476 
 3.3932217719  0.324675493558 
 3.90693993705  0.324675527265 
 4.49843266897  0.324675571289 
 5.17947467923  0.324675601061 
 5.96362331659  0.324675624148 
 6.86648845004  0.324675704117 
 7.90604321091  0.324675689795 
 9.10298177992  0.324675726508 
 10.4811313415  0.324675739824 
 12.0679264064  0.324675778521 
 13.8949549437  0.324675807888 
 15.9985871961  0.324675836757 
 18.4206996933  0.324675863596 
 21.2095088792  0.324675890959 
 24.4205309455  0.324675903003 
 28.1176869797  0.324675945607 
 32.3745754282  0.324675969438 
 37.2759372031  0.324676014477 
 42.9193426013  0.324676052246 
 49.4171336132  0.324676101343 
 56.8986602902  0.324676171844 
 65.512855686  0.32467623235 
 75.4312006335  0.324676337435 
 86.8511373751  0.324676475187 
 100.0  0.324676663286 
