 0.1  0.0999994951337 
 0.115139539933  0.115137837238 
 0.132571136559  0.132564973542 
 0.152641796718  0.152617768023 
 0.175751062485  0.175649916882 
 0.202358964773  0.201899690058 
 0.232995181052  0.230791323605 
 0.268269579528  0.258182568732 
 0.308884359648  0.27464512033 
 0.355648030622  0.279459204421 
 0.409491506238  0.280287421378 
 0.471486636346  0.280399591081 
 0.542867543932  0.280412779702 
 0.625055192527  0.28041413284 
 0.719685673001  0.280414262832 
 0.828642772855  0.280414266963 
 0.95409547635  0.280414277624 
 1.09854114199  0.280414286348 
 1.26485521686  0.280414300948 
 1.4563484775  0.28041433638 
 1.67683293681  0.280414302447 
 1.93069772888  0.280414339945 
 2.22299648253  0.280414322515 
 2.5595479227  0.280414326007 
 2.94705170255  0.280414357211 
 3.3932217719  0.280414346614 
 3.90693993705  0.280414383398 
 4.49843266897  0.280414383398 
 5.17947467923  0.280414383398 
 5.96362331659  0.280414383398 
 6.86648845004  0.280414383398 
 7.90604321091  0.280414383398 
 9.10298177992  0.280414383398 
 10.4811313415  0.280414383398 
 12.0679264064  0.280414383398 
 13.8949549437  0.280414383398 
 15.9985871961  0.280414383398 
 18.4206996933  0.280414379764 
 21.2095088792  0.280414379764 
 24.4205309455  0.280414379764 
 28.1176869797  0.280414379764 
 32.3745754282  13.9384213096 
 37.2759372031  23.6765566729 
 42.9193426013  32.3483110737 
 49.4171336132  41.0270441033 
 56.8986602902  50.1820084507 
 65.512855686  60.1243200568 
 75.4312006335  71.1169118978 
 86.8511373751  83.4147086185 
 100.0  97.2841146915 
