 0.1  0.0999994951298 
 0.115139539933  0.115137836851 
 0.132571136559  0.132564970807 
 0.152641796718  0.152617743427 
 0.175751062485  0.175649715428 
 0.202358964773  0.201897844827 
 0.232995181052  0.23077428257 
 0.268269579528  0.258067136618 
 0.308884359648  0.274306783683 
 0.355648030622  0.279000313171 
 0.409491506238  0.279803619904 
 0.471486636346  0.279911791043 
 0.542867543932  0.279923955701 
 0.625055192527  0.279924665854 
 0.719685673001  0.279924232213 
 0.828642772855  0.279923704732 
 0.95409547635  0.279923181854 
 1.09854114199  0.279922522021 
 1.26485521686  0.279921623812 
 1.4563484775  0.279920453866 
 1.67683293681  0.279918889374 
 1.93069772888  0.27991678915 
 2.22299648253  0.279913989863 
 2.5595479227  0.279910265276 
 2.94705170255  0.279905274618 
 3.3932217719  1.10255153212 
 3.90693993705  2.24007705067 
 4.49843266897  2.24007705067 
 5.17947467923  2.24007705067 
 5.96362331659  2.24007705067 
 6.86648845004  2.24007705067 
 7.90604321091  2.24007705067 
 9.10298177992  2.24007705067 
 10.4811313415  2.24007705067 
 12.0679264064  2.24007705067 
 13.8949549437  2.24007705067 
 15.9985871961  2.24007705067 
 18.4206996933  2.24007705067 
 21.2095088792  2.24007705067 
 24.4205309455  2.24007705067 
 28.1176869797  2.24007705067 
 32.3745754282  13.9384213096 
 37.2759372031  23.6765566729 
 42.9193426013  32.3483110737 
 49.4171336132  41.0270441033 
 56.8986602902  50.1820084507 
 65.512855686  60.1243200568 
 75.4312006335  71.1169118978 
 86.8511373751  83.4147086185 
 100.0  97.2841146915 
