 0.1  0.0999994972723 
 0.115139539933  0.115137837434 
 0.132571136559  0.132564973866 
 0.152641796718  0.152617767767 
 0.175751062485  0.175649916828 
 0.202358964773  0.201899695492 
 0.232995181052  0.230791318182 
 0.268269579528  0.258182569504 
 0.308884359648  0.274645136062 
 0.355648030622  0.279459206879 
 0.409491506238  0.280287423225 
 0.471486636346  0.280399536879 
 0.542867543932  0.280412767864 
 0.625055192527  0.280414131834 
 0.719685673001  0.280414257006 
 0.828642772855  0.280414292249 
 0.95409547635  0.280414285312 
 1.09854114199  0.280414284408 
 1.26485521686  0.280414298369 
 1.4563484775  0.280414298862 
 1.67683293681  0.280414312511 
 1.93069772888  0.280414272406 
 2.22299648253  0.280414322429 
 2.5595479227  0.280414293213 
 2.94705170255  0.280414338995 
 3.3932217719  0.280414349987 
 3.90693993705  0.280414358722 
 4.49843266897  0.280414374788 
 5.17947467923  0.280414398916 
 5.96362331659  0.280414426742 
 6.86648845004  0.280414484016 
 7.90604321091  0.280414519538 
 9.10298177992  0.280414597497 
 10.4811313415  0.280414700904 
 12.0679264064  0.280414820084 
 13.8949549437  0.280414994919 
 15.9985871961  0.280415223378 
 18.4206996933  0.280415536873 
 21.2095088792  0.28041597015 
 24.4205309455  0.28041648966 
 28.1176869797  0.280417213349 
 32.3745754282  0.280418146185 
 37.2759372031  0.280419300735 
 42.9193426013  0.280420775604 
 49.4171336132  0.280422296112 
 56.8986602902  0.280423073692 
 65.512855686  0.280419103163 
 75.4312006335  37.0536813217 
 86.8511373751  59.2047550893 
 100.0  78.9404049337 
