 0.1  0.0999992126359 
 0.115139539933  0.115136879663 
 0.132571136559  0.132561506742 
 0.152641796718  0.152604246399 
 0.175751062485  0.175593194347 
 0.202358964773  0.201645716154 
 0.232995181052  0.229646788667 
 0.268269579528  0.254051941088 
 0.308884359648  0.266425457798 
 0.355648030622  0.269546289036 
 0.409491506238  0.270056435265 
 0.471486636346  0.27012490089 
 0.542867543932  0.270132932239 
 0.625055192527  0.270133765788 
 0.719685673001  0.270133841407 
 0.828642772855  0.270133863923 
 0.95409547635  0.270133874932 
 1.09854114199  0.270133880958 
 1.26485521686  0.270133886259 
 1.4563484775  0.270133895349 
 1.67683293681  0.27013390045 
 1.93069772888  0.270133905632 
 2.22299648253  0.270133913099 
 2.5595479227  0.270133917904 
 2.94705170255  0.270133927994 
 3.3932217719  0.270133935132 
 3.90693993705  0.270133929351 
 4.49843266897  0.270133941713 
 5.17947467923  0.27013394645 
 5.96362331659  0.270133953763 
 6.86648845004  0.270133958403 
 7.90604321091  0.270133966876 
 9.10298177992  0.270133976714 
 10.4811313415  0.270133988009 
 12.0679264064  0.270134002962 
 13.8949549437  0.270134024303 
 15.9985871961  0.27013404795 
 18.4206996933  0.27013408419 
 21.2095088792  0.270134131246 
 24.4205309455  0.270134190559 
 28.1176869797  0.270134274264 
 32.3745754282  0.270134381116 
 37.2759372031  0.270134530449 
 42.9193426013  0.270134735387 
 49.4171336132  0.270135016025 
 56.8986602902  0.270135398065 
 65.512855686  0.270135930399 
 75.4312006335  0.270136668685 
 86.8511373751  35.1217496106 
 100.0  66.3086492649 
