 0.1  0.0999994945319 
 0.115139539933  0.115137836768 
 0.132571136559  0.132564970823 
 0.152641796718  0.152617748849 
 0.175751062485  0.175649714513 
 0.202358964773  0.201897801966 
 0.232995181052  0.230774298348 
 0.268269579528  0.258067135452 
 0.308884359648  0.274306800134 
 0.355648030622  0.279000312921 
 0.409491506238  0.279803615628 
 0.471486636346  0.27991178591 
 0.542867543932  0.279923952559 
 0.625055192527  0.279924663871 
 0.719685673001  0.279924222643 
 0.828642772855  0.279923683707 
 0.95409547635  0.279923176995 
 1.09854114199  0.279922521616 
 1.26485521686  0.279921623601 
 1.4563484775  0.279920450259 
 1.67683293681  0.279918876719 
 1.93069772888  0.279916787487 
 2.22299648253  0.279914009126 
 2.5595479227  0.279910283695 
 2.94705170255  0.279905259156 
 3.3932217719  0.279898523118 
 3.90693993705  0.27988939913 
 4.49843266897  2.24007705067 
 5.17947467923  2.24007705067 
 5.96362331659  2.24007705067 
 6.86648845004  2.24007705067 
 7.90604321091  2.24007705067 
 9.10298177992  2.24007705067 
 10.4811313415  2.24007705067 
 12.0679264064  2.24007705067 
 13.8949549437  2.24007705067 
 15.9985871961  2.24007705067 
 18.4206996933  2.24007705067 
 21.2095088792  2.24007705067 
 24.4205309455  2.24007705067 
 28.1176869797  2.24007705067 
 32.3745754282  2.24007705067 
 37.2759372031  13.9384213096 
 42.9193426013  23.6765566729 
 49.4171336132  32.3483110737 
 56.8986602902  41.0270441033 
 65.512855686  50.1820084507 
 75.4312006335  60.1243200568 
 86.8511373751  35.1217496106 
 100.0  66.3086492649 
