 0.1  0.0999996342512 
 0.115139539933  0.115138423576 
 0.132571136559  0.132567536028 
 0.152641796718  0.152629518227 
 0.175751062485  0.175706592943 
 0.202358964773  0.202187364104 
 0.232995181052  0.232289601039 
 0.268269579528  0.26523759699 
 0.308884359648  0.296454424894 
 0.355648030622  0.316222258784 
 0.409491506238  0.322969473232 
 0.471486636346  0.324398193154 
 0.542867543932  0.324636276548 
 0.625055192527  0.32467048489 
 0.719685673001  0.324674790419 
 0.828642772855  0.324675259056 
 0.95409547635  0.324675309091 
 1.09854114199  0.324675317952 
 1.26485521686  0.324675323022 
 1.4563484775  0.324675337305 
 1.67683293681  0.324675352264 
 1.93069772888  0.324675369448 
 2.22299648253  0.324675396948 
 2.5595479227  0.324675424534 
 2.94705170255  0.324675450943 
 3.3932217719  0.324675491531 
 3.90693993705  0.324675534285 
 4.49843266897  0.324675571373 
 5.17947467923  0.324675602903 
 5.96362331659  0.324675632104 
 6.86648845004  0.324675666069 
 7.90604321091  0.324675693129 
 9.10298177992  0.324675714361 
 10.4811313415  0.324675746888 
 12.0679264064  0.324675782123 
 13.8949549437  0.324675809921 
 15.9985871961  0.324675834407 
 18.4206996933  0.324675864749 
 21.2095088792  0.324675892149 
 24.4205309455  0.324675918499 
 28.1176869797  0.324675943627 
 32.3745754282  0.32467598063 
 37.2759372031  0.324676013455 
 42.9193426013  0.324676051076 
 49.4171336132  0.324676094471 
 56.8986602902  0.324676154376 
 65.512855686  0.324676230228 
 75.4312006335  0.324676331949 
 86.8511373751  0.324676467194 
 100.0  0.324676675278 
