 0.1  0.0999994972712 
 0.115139539933  0.115137837606 
 0.132571136559  0.132564973941 
 0.152641796718  0.152617767849 
 0.175751062485  0.175649916827 
 0.202358964773  0.20189968936 
 0.232995181052  0.230791317806 
 0.268269579528  0.258182604728 
 0.308884359648  0.274645138952 
 0.355648030622  0.27945919836 
 0.409491506238  0.280287425612 
 0.471486636346  0.280399577775 
 0.542867543932  0.280412767388 
 0.625055192527  0.280414133152 
 0.719685673001  0.280414352899 
 0.828642772855  0.280414296381 
 0.95409547635  0.280414285186 
 1.09854114199  0.280414284325 
 1.26485521686  0.280414290494 
 1.4563484775  0.280414288801 
 1.67683293681  0.280414309906 
 1.93069772888  0.280414316793 
 2.22299648253  0.280414312993 
 2.5595479227  0.280414329813 
 2.94705170255  0.280414352008 
 3.3932217719  0.280414340414 
 3.90693993705  0.280414364261 
 4.49843266897  0.28041437708 
 5.17947467923  0.280414394067 
 5.96362331659  0.280414426779 
 6.86648845004  0.280414469711 
 7.90604321091  0.280414524759 
 9.10298177992  0.280414604269 
 10.4811313415  0.280414697125 
 12.0679264064  0.280414825502 
 13.8949549437  0.280415001234 
 15.9985871961  0.280415222996 
 18.4206996933  0.280415542113 
 21.2095088792  0.280415947121 
 24.4205309455  0.280416487309 
 28.1176869797  0.280417211119 
 32.3745754282  0.280418145529 
 37.2759372031  0.280419338456 
 42.9193426013  0.280420782705 
 49.4171336132  0.280422309909 
 56.8986602902  0.280423068173 
 65.512855686  0.280419087531 
 75.4312006335  0.280383024309 
 86.8511373751  10.6687560987 
 100.0  54.8864539201 
