 0.1  0.0999994567055 
 0.115139539933  0.115137644668 
 0.132571136559  0.132564182322 
 0.152641796718  0.152615207806 
 0.175751062485  0.175645064928 
 0.202358964773  0.201916882269 
 0.232995181052  0.23108399892 
 0.268269579528  0.26024166471 
 0.308884359648  0.281486556994 
 0.355648030622  0.29049426988 
 0.409491506238  0.292842384849 
 0.471486636346  0.293311184326 
 0.542867543932  0.29340850265 
 0.625055192527  0.293450125631 
 0.719685673001  0.293492695817 
 0.828642772855  0.293547628391 
 0.95409547635  0.293620447778 
 1.09854114199  0.401426539912 
 1.26485521686  0.747280698693 
 1.4563484775  1.03979723602 
 1.67683293681  1.33188184089 
 1.93069772888  1.6407057291 
 2.22299648253  1.97699603123 
 2.5595479227  2.34965949671 
 2.94705170255  2.76729515938 
 3.3932217719  3.23888696745 
 3.90693993705  3.77421908393 
 4.49843266897  3.77421908393 
 5.17947467923  3.77421908393 
 5.96362331659  3.77421908393 
 6.86648845004  3.77421908393 
 7.90604321091  3.77421908393 
 9.10298177992  3.77421908393 
 10.4811313415  3.77421908393 
 12.0679264064  3.77421908393 
 13.8949549437  3.77421908393 
 15.9985871961  3.77421908393 
 18.4206996933  3.77421908393 
 21.2095088792  3.77421908393 
 24.4205309455  3.77421908393 
 28.1176869797  3.77421908393 
 32.3745754282  13.9384213096 
 37.2759372031  23.6765566729 
 42.9193426013  32.3483110737 
 49.4171336132  41.0270441033 
 56.8986602902  50.1820084507 
 65.512855686  60.1243200568 
 75.4312006335  71.1169118978 
 86.8511373751  83.4147086185 
 100.0  97.2841146915 
