 0.1  0.0999992142398 
 0.115139539933  0.115136878955 
 0.132571136559  0.132561506553 
 0.152641796718  0.152604247598 
 0.175751062485  0.175593195001 
 0.202358964773  0.201645719557 
 0.232995181052  0.229646796995 
 0.268269579528  0.254051939671 
 0.308884359648  0.266425454131 
 0.355648030622  0.269546268258 
 0.409491506238  0.27005644727 
 0.471486636346  0.270124899602 
 0.542867543932  0.270132936283 
 0.625055192527  0.270133765045 
 0.719685673001  0.270133841748 
 0.828642772855  0.270133866936 
 0.95409547635  0.270133869869 
 1.09854114199  0.270133879147 
 1.26485521686  0.270133887644 
 1.4563484775  0.270133896644 
 1.67683293681  0.270133900618 
 1.93069772888  0.270133909395 
 2.22299648253  0.270133910335 
 2.5595479227  0.270133917291 
 2.94705170255  0.270133924919 
 3.3932217719  0.270133933118 
 3.90693993705  0.270133933163 
 4.49843266897  0.270133941267 
 5.17947467923  0.270133937153 
 5.96362331659  0.270133955152 
 6.86648845004  0.270133958061 
 7.90604321091  0.270133969749 
 9.10298177992  0.270133977762 
 10.4811313415  0.270133990189 
 12.0679264064  0.270134006076 
 13.8949549437  0.270134024517 
 15.9985871961  0.270134049835 
 18.4206996933  0.270134086152 
 21.2095088792  0.270134129004 
 24.4205309455  0.270134191113 
 28.1176869797  0.270134274216 
 32.3745754282  0.27013437923 
 37.2759372031  0.270134526147 
 42.9193426013  0.270134749769 
 49.4171336132  0.270135016603 
 56.8986602902  0.270135400175 
 65.512855686  0.270135928069 
 75.4312006335  0.270136661156 
 86.8511373751  0.270137693237 
 100.0  0.270139062088 
