 0.1  0.0999992133341 
 0.115139539933  0.115136878991 
 0.132571136559  0.132561505582 
 0.152641796718  0.152604247653 
 0.175751062485  0.175593192905 
 0.202358964773  0.2016457115 
 0.232995181052  0.22964679126 
 0.268269579528  0.254051939524 
 0.308884359648  0.266425467021 
 0.355648030622  0.269546268148 
 0.409491506238  0.27005644671 
 0.471486636346  0.270124899112 
 0.542867543932  0.270132935231 
 0.625055192527  0.270133765241 
 0.719685673001  0.270133850244 
 0.828642772855  0.270133864459 
 0.95409547635  0.270133884408 
 1.09854114199  0.270133879486 
 1.26485521686  0.270133886161 
 1.4563484775  0.270133895261 
 1.67683293681  0.270133899959 
 1.93069772888  0.270133919351 
 2.22299648253  0.270133912143 
 2.5595479227  0.270133918892 
 2.94705170255  0.27013392537 
 3.3932217719  0.27013393421 
 3.90693993705  0.270133930585 
 4.49843266897  0.270133939611 
 5.17947467923  0.27013394921 
 5.96362331659  0.270133946341 
 6.86648845004  0.270133959592 
 7.90604321091  0.270133968137 
 9.10298177992  0.270133976042 
 10.4811313415  0.270133990786 
 12.0679264064  0.270134002561 
 13.8949549437  0.27013402563 
 15.9985871961  0.270134051027 
 18.4206996933  0.270134081924 
 21.2095088792  0.270134134114 
 24.4205309455  0.270134190453 
 28.1176869797  0.270134271796 
 32.3745754282  0.27013440482 
 37.2759372031  0.270134530149 
 42.9193426013  0.270134736859 
 49.4171336132  0.270135015988 
 56.8986602902  0.270135399116 
 65.512855686  0.270135933159 
 75.4312006335  0.270136659476 
 86.8511373751  0.270137688771 
 100.0  0.270139064371 
