 0.1  0.0999996342776 
 0.115139539933  0.115138423545 
 0.132571136559  0.132567536027 
 0.152641796718  0.152629518403 
 0.175751062485  0.175706597875 
 0.202358964773  0.202187365978 
 0.232995181052  0.232289604195 
 0.268269579528  0.265237596843 
 0.308884359648  0.296454430912 
 0.355648030622  0.316222268653 
 0.409491506238  0.322969497363 
 0.471486636346  0.324398205977 
 0.542867543932  0.324636273311 
 0.625055192527  0.32467048495 
 0.719685673001  0.324674786752 
 0.828642772855  0.324675243233 
 0.95409547635  0.324675342148 
 1.09854114199  0.324675350215 
 1.26485521686  0.324675315876 
 1.4563484775  0.32467534186 
 1.67683293681  0.324675354193 
 1.93069772888  0.324675369851 
 2.22299648253  0.324675397188 
 2.5595479227  0.32467542646 
 2.94705170255  0.324675470092 
 3.3932217719  0.324675496518 
 3.90693993705  0.324675533234 
 4.49843266897  0.3246755738 
 5.17947467923  0.324675600742 
 5.96362331659  0.324675632623 
 6.86648845004  0.324675667981 
 7.90604321091  0.324675694403 
 9.10298177992  0.324675723882 
 10.4811313415  0.868086471293 
 12.0679264064  1.45199866265 
 13.8949549437  1.84004033299 
 15.9985871961  2.14972277158 
 18.4206996933  2.41833649568 
 21.2095088792  2.70471600113 
 24.4205309455  3.03550464841 
 28.1176869797  3.42903759239 
 32.3745754282  3.91629719492 
 37.2759372031  4.55186207709 
 42.9193426013  5.43749843475 
 49.4171336132  6.77847640027 
 56.8986602902  9.03568325882 
 65.512855686  13.3924225834 
 75.4312006335  23.0955982349 
 86.8511373751  42.5620995394 
 100.0  66.6877788001 
