 0.1  0.0999992134081 
 0.115139539933  0.115136879593 
 0.132571136559  0.132561505386 
 0.152641796718  0.152604247073 
 0.175751062485  0.175593195226 
 0.202358964773  0.201645715068 
 0.232995181052  0.229646795168 
 0.268269579528  0.254051938912 
 0.308884359648  0.266425456778 
 0.355648030622  0.269546284526 
 0.409491506238  0.2700564343 
 0.471486636346  0.2701248998 
 0.542867543932  0.270132934183 
 0.625055192527  0.270133766105 
 0.719685673001  0.270133841471 
 0.828642772855  0.270133863662 
 0.95409547635  0.270133877152 
 1.09854114199  0.270133881107 
 1.26485521686  0.270133878165 
 1.4563484775  0.270133895031 
 1.67683293681  0.270133899885 
 1.93069772888  0.270133907494 
 2.22299648253  0.270133913103 
 2.5595479227  0.270133917496 
 2.94705170255  0.270133926848 
 3.3932217719  0.270133925136 
 3.90693993705  0.270133926018 
 4.49843266897  0.270133942012 
 5.17947467923  0.27013394921 
 5.96362331659  0.270133952922 
 6.86648845004  0.270133950461 
 7.90604321091  0.270133970617 
 9.10298177992  0.270133973595 
 10.4811313415  0.270133989189 
 12.0679264064  0.270134005852 
 13.8949549437  0.270134024347 
 15.9985871961  0.270134050748 
 18.4206996933  0.270134089209 
 21.2095088792  0.270134129883 
 24.4205309455  0.477270716184 
 28.1176869797  2.25582115416 
 32.3745754282  13.9384213096 
 37.2759372031  23.6765566729 
 42.9193426013  32.3483110737 
 49.4171336132  41.0270441033 
 56.8986602902  50.1820084507 
 65.512855686  60.1243200568 
 75.4312006335  71.1169118978 
 86.8511373751  83.4147086185 
 100.0  97.2841146915 
