 0.1  0.0999994570174 
 0.115139539933  0.115137644558 
 0.132571136559  0.132564182593 
 0.152641796718  0.152615210828 
 0.175751062485  0.175645064516 
 0.202358964773  0.201916849544 
 0.232995181052  0.231084001205 
 0.268269579528  0.2602416779 
 0.308884359648  0.281486561173 
 0.355648030622  0.290494266818 
 0.409491506238  0.29284238523 
 0.471486636346  0.293311185222 
 0.542867543932  0.293408503331 
 0.625055192527  0.293450128002 
 0.719685673001  0.29349269361 
 0.828642772855  0.293547632391 
 0.95409547635  0.293620449891 
 1.09854114199  0.293717256279 
 1.26485521686  0.293846089026 
 1.4563484775  0.294017741742 
 1.67683293681  0.2942467672 
 1.93069772888  0.294552929715 
 2.22299648253  0.294963192467 
 2.5595479227  0.295514716138 
 2.94705170255  0.296259262859 
 3.3932217719  1.39375443646 
 3.90693993705  2.39582678951 
 4.49843266897  3.77421908393 
 5.17947467923  3.77421908393 
 5.96362331659  3.77421908393 
 6.86648845004  3.77421908393 
 7.90604321091  3.77421908393 
 9.10298177992  3.77421908393 
 10.4811313415  3.77421908393 
 12.0679264064  3.77421908393 
 13.8949549437  3.77421908393 
 15.9985871961  3.77421908393 
 18.4206996933  3.77421908393 
 21.2095088792  3.77421908393 
 24.4205309455  3.77421908393 
 28.1176869797  3.77421908393 
 32.3745754282  3.77421908393 
 37.2759372031  13.9384213096 
 42.9193426013  23.6765566729 
 49.4171336132  32.3483110737 
 56.8986602902  41.0270441033 
 65.512855686  50.1820084507 
 75.4312006335  60.1243200568 
 86.8511373751  35.1217496106 
 100.0  66.3086492649 
