0.1 0.0999999997889 
0.115139539933 0.115139539278 
0.132571136559 0.13257113438 
0.152641796718 0.15264178891 
0.175751062485 0.175751032215 
0.202358964773 0.202358837151 
0.232995181052 0.23299459292 
0.268269579528 0.2682666006 
0.308884359648 0.308867681048 
0.355648030622 0.355544276492 
0.409491506238 0.408775029026 
0.471486636346 0.466242951518 
0.542867543932 0.51184425588 
0.625055192527 0.527379312826 
0.719685673001 0.529576457694 
0.828642772855 0.529788020354 
0.95409547635 0.529804981936 
1.09854114199 0.529806112087 
1.26485521686 0.529806138905 
1.4563484775 0.529806180432 
1.67683293681 0.5298061723 
1.93069772888 0.529806202353 
2.22299648253 0.529806113389 
2.5595479227 0.529806183039 
2.94705170255 0.529806160743 
3.3932217719 0.529806047497 
3.90693993705 0.52980611048 
4.49843266897 0.529806072392 
5.17947467923 0.529806133247 
5.96362331659 0.529806030754 
6.86648845004 0.529806001481 
7.90604321091 0.529806022101 
9.10298177992 0.529806029296 
10.4811313415 0.529806032102 
12.0679264064 0.529806032604 
13.8949549437 0.529806061653 
15.9985871961 0.529806027339 
18.4206996933 0.529806081446 
21.2095088792 0.529806128134 
24.4205309455 0.529806058525 
28.1176869797 0.529806209282 
32.3745754282 0.529806089602 
37.2759372031 0.529806063267 
42.9193426013 0.529806095626 
49.4171336132 0.529806108277 
56.8986602902 0.529806092462 
65.512855686 0.529806024452 
75.4312006335 0.529806124856 
86.8511373751 0.529806074502 
100.0 0.529806038507 
