0.1 0.0999998036642 
0.115139539933 0.115138906011 
0.132571136559 0.132568955351 
0.152641796718 0.152633763215 
0.175751062485 0.175719320393 
0.202358964773 0.202223820266 
0.232995181052 0.232375889346 
0.268269579528 0.265290953185 
0.308884359648 0.295547813815 
0.355648030622 0.31268783429 
0.409491506238 0.317590188695 
0.471486636346 0.318475195453 
0.542867543932 0.318603950411 
0.625055192527 0.318620168298 
0.719685673001 0.318621948696 
0.828642772855 0.318622114347 
0.95409547635 0.318622130212 
1.09854114199 0.318622127879 
1.26485521686 0.31862213144 
1.4563484775 0.318622128255 
1.67683293681 0.318622131181 
1.93069772888 0.318622131462 
2.22299648253 0.318622131476 
2.5595479227 0.318622128385 
2.94705170255 0.318622126346 
3.3932217719 0.318622128149 
3.90693993705 0.318622131008 
4.49843266897 0.318622126922 
5.17947467923 0.318622131881 
5.96362331659 0.318622132463 
6.86648845004 0.318622130188 
7.90604321091 0.318622128417 
9.10298177992 0.318622130306 
10.4811313415 0.318622128261 
12.0679264064 0.318622127171 
13.8949549437 0.318622128097 
15.9985871961 0.318622128381 
18.4206996933 0.318622126994 
21.2095088792 0.318622131532 
24.4205309455 0.318622126025 
28.1176869797 0.318622126214 
32.3745754282 0.318622131553 
37.2759372031 0.318622127635 
42.9193426013 0.318622129765 
49.4171336132 0.318622128219 
56.8986602902 0.318622130292 
65.512855686 0.318622131669 
75.4312006335 0.318622129963 
86.8511373751 0.318622130359 
100.0 0.318622127536 
