0.1 0.0999999788818 
0.115139539933 0.115139474425 
0.132571136559 0.132570918648 
0.152641796718 0.152641015941 
0.175751062485 0.17574803548 
0.202358964773 0.202346206158 
0.232995181052 0.232936447821 
0.268269579528 0.267973605114 
0.308884359648 0.30727024891 
0.355648030622 0.346879343507 
0.409491506238 0.37353145855 
0.471486636346 0.381879713091 
0.542867543932 0.383279878396 
0.625055192527 0.383457177012 
0.719685673001 0.383476265743 
0.828642772855 0.383478044614 
0.95409547635 0.383478184223 
1.09854114199 0.38347819256 
1.26485521686 0.383478193921 
1.4563484775 0.383478191713 
1.67683293681 0.383478193376 
1.93069772888 0.383478191878 
2.22299648253 0.383478192281 
2.5595479227 0.383478194441 
2.94705170255 0.383478193386 
3.3932217719 0.38347819428 
3.90693993705 0.383478192407 
4.49843266897 0.383478194479 
5.17947467923 0.383478193135 
5.96362331659 0.383478190966 
6.86648845004 0.383478192264 
7.90604321091 0.383478192914 
9.10298177992 0.383478191917 
10.4811313415 0.383478192019 
12.0679264064 0.383478192064 
13.8949549437 0.383478191799 
15.9985871961 0.383478192602 
18.4206996933 0.383478192368 
21.2095088792 0.383478192733 
24.4205309455 0.383478192239 
28.1176869797 0.383478191521 
32.3745754282 0.383478191947 
37.2759372031 0.383478192188 
42.9193426013 0.383478194306 
49.4171336132 0.383478192081 
56.8986602902 0.383478193655 
65.512855686 0.383478192205 
75.4312006335 0.383478191925 
86.8511373751 0.383478192394 
100.0 0.38347819177 
