0.1 0.0999996876351 
0.115139539933 0.115138495345 
0.132571136559 0.132567340893 
0.152641796718 0.152626946153 
0.175751062485 0.175688168389 
0.202358964773 0.202070441682 
0.232995181052 0.231578972976 
0.268269579528 0.261353202021 
0.308884359648 0.282195550248 
0.355648030622 0.289402135942 
0.409491506238 0.409154357814 
0.471486636346 0.471306782617 
0.542867543932 0.542664580543 
0.625055192527 0.624811340643 
0.719685673001 0.719390637563 
0.828642772855 0.82828555822 
0.95409547635 0.953662951657 
1.09854114199 1.09801742791 
1.26485521686 1.26422108822 
1.4563484775 1.45558065627 
1.67683293681 1.67590323758 
1.93069772888 1.92957202436 
2.22299648253 2.22163345095 
2.5595479227 2.55789753125 
2.94705170255 2.94505337107 
3.3932217719 3.39080214953 
3.90693993705 3.90401021031 
4.49843266897 4.4948853023 
5.17947467923 5.17517946867 
5.96362331659 5.95842261164 
6.86648845004 6.86019136843 
7.90604321091 7.89841863411 
9.10298177992 9.09374987244 
10.4811313415 10.4699532828 
12.0679264064 12.0543919589 
13.8949549437 13.8785674009 
15.9985871961 15.9787451585 
18.4206996933 18.3966750045 
21.2095088792 21.1804199124 
24.4205309455 24.3853102604 
28.1176869797 28.0750421658 
32.3745754282 32.3229416962 
37.2759372031 37.213419989 
42.9193426013 42.8436480767 
49.4171336132 49.325484557 
56.8986602902 56.7876942361 
65.512855686 65.3785016142 
75.4312006335 75.2685296881 
86.8511373751 86.6541821358 
100.0 99.7615356883 
