0.1 0.0999996910249 
0.115139539933 0.11513849503 
0.132571136559 0.132567342868 
0.152641796718 0.152626942717 
0.175751062485 0.175688161597 
0.202358964773 0.202070424744 
0.232995181052 0.231578878634 
0.268269579528 0.261352795581 
0.308884359648 0.308884346927 
0.355648030622 0.355648018802 
0.409491506238 0.409491492429 
0.471486636346 0.471486619711 
0.542867543932 0.542867523803 
0.625055192527 0.625055168156 
0.719685673001 0.719685643492 
0.828642772855 0.828642737123 
0.95409547635 0.954095433084 
1.09854114199 1.0985410896 
1.26485521686 1.26485515342 
1.4563484775 1.45634840069 
1.67683293681 1.67683284381 
1.93069772888 1.93069761627 
2.22299648253 2.22299634617 
2.5595479227 2.55954775759 
2.94705170255 2.94705150263 
3.3932217719 3.39322152982 
3.90693993705 3.90693964393 
4.49843266897 4.49843231404 
5.17947467923 5.17947424947 
5.96362331659 5.96362279622 
6.86648845004 6.86648781994 
7.90604321091 7.90604244795 
9.10298177992 9.10298085609 
10.4811313415 10.4811302229 
12.0679264064 12.0679250519 
13.8949549437 13.8949533037 
15.9985871961 15.9985852102 
18.4206996933 18.4206972887 
21.2095088792 21.2095059676 
24.4205309455 24.42052742 
28.1176869797 28.1176827109 
32.3745754282 32.3745702592 
37.2759372031 37.2759309443 
42.9193426013 42.9193350228 
49.4171336132 49.4171244368 
56.8986602902 56.8986491789 
65.512855686 65.5128422318 
75.4312006335 75.4311843426 
86.8511373751 86.8511176493 
100.0 99.9999761149 
