0.1 0.0999996910776 
0.115139539933 0.115138492587 
0.132571136559 0.132567342817 
0.152641796718 0.152626942559 
0.175751062485 0.17568815632 
0.202358964773 nan 
0.232995181052 0.232995180796 
0.268269579528 0.268269579437 
0.308884359648 0.308884359552 
0.355648030622 0.355648030508 
0.409491506238 0.409491506101 
0.471486636346 0.47148663618 
0.542867543932 0.542867543731 
0.625055192527 0.625055192284 
0.719685673001 0.719685672706 
0.828642772855 0.828642772497 
0.95409547635 0.954095475917 
1.09854114199 1.09854114146 
1.26485521686 1.26485521622 
1.4563484775 1.45634847673 
1.67683293681 1.67683293588 
1.93069772888 1.93069772776 
2.22299648253 2.22299648116 
2.5595479227 2.55954792105 
2.94705170255 2.94705170055 
3.3932217719 3.39322176947 
3.90693993705 3.90693993412 
4.49843266897 4.49843266542 
5.17947467923 5.17947467493 
5.96362331659 5.96362331139 
6.86648845004 6.86648844374 
7.90604321091 7.90604320328 
9.10298177992 9.10298177068 
10.4811313415 10.4811313304 
12.0679264064 12.0679263928 
13.8949549437 13.8949549273 
15.9985871961 15.9985871762 
18.4206996933 18.4206996692 
21.2095088792 21.2095088501 
24.4205309455 24.4205309102 
28.1176869797 28.1176869371 
32.3745754282 32.3745753765 
37.2759372031 37.2759371406 
42.9193426013 42.9193425255 
49.4171336132 49.4171335215 
56.8986602902 56.8986601791 
65.512855686 65.5128555514 
75.4312006335 75.4312004706 
86.8511373751 86.8511371779 
100.0 99.9999997611 
