0.1 0.0999996932865 
0.115139539933 0.115138499695 
0.132571136559 0.132567358246 
0.152641796718 0.152627018712 
0.175751062485 0.175688495908 
0.202358964773 0.20207206779 
0.232995181052 0.231587393991 
0.268269579528 0.261392819477 
0.308884359648 0.282307906523 
0.355648030622 0.28956364422 
0.409491506238 0.290907148739 
0.471486636346 0.291091852401 
0.542867543932 0.291113581819 
0.625055192527 0.291115818058 
0.719685673001 0.291116019687 
0.828642772855 0.291116044057 
0.95409547635 0.291116038597 
1.09854114199 0.291116055333 
1.26485521686 0.291116036509 
1.4563484775 0.291116035812 
1.67683293681 0.291116041092 
1.93069772888 0.291116043899 
2.22299648253 0.291116037413 
2.5595479227 0.291116038332 
2.94705170255 0.29111603804 
3.3932217719 0.291116039319 
3.90693993705 0.291116036191 
4.49843266897 0.291116034978 
5.17947467923 0.29111603693 
5.96362331659 0.291116036302 
6.86648845004 0.291116037856 
7.90604321091 0.291116055996 
9.10298177992 0.291116037763 
10.4811313415 0.291116035747 
12.0679264064 0.291116035723 
13.8949549437 0.291116034822 
15.9985871961 0.291116047553 
18.4206996933 0.291116034999 
21.2095088792 0.291116039172 
24.4205309455 0.291116035154 
28.1176869797 0.291116043994 
32.3745754282 0.291116033585 
37.2759372031 0.291116037129 
42.9193426013 0.291116036453 
49.4171336132 0.291116038189 
56.8986602902 0.291116047279 
65.512855686 0.445093541353 
75.4312006335 0.792687498308 
86.8511373751 1.99856269444 
100.0 15.0350918959 
