0.1 0.0999997036022 
0.115139539933 0.115138538027 
0.132571136559 0.132567516712 
0.152641796718 0.152627664032 
0.175751062485 0.175691435486 
0.202358964773 0.202086716755 
0.232995181052 0.231663967572 
0.268269579528 0.261756459257 
0.308884359648 0.283359117292 
0.355648030622 0.291096151419 
0.409491506238 0.292554148866 
0.471486636346 0.29275543674 
0.542867543932 0.292779133707 
0.625055192527 0.292781554383 
0.719685673001 0.292781773419 
0.828642772855 0.292781798292 
0.95409547635 0.292781789361 
1.09854114199 0.292781790041 
1.26485521686 0.29278179075 
1.4563484775 0.292781789861 
1.67683293681 0.292781789528 
1.93069772888 0.292781788436 
2.22299648253 0.292781791093 
2.5595479227 0.292781790186 
2.94705170255 0.29278178987 
3.3932217719 0.292781790299 
3.90693993705 0.292781796895 
4.49843266897 0.29278178837 
5.17947467923 0.292781792363 
5.96362331659 0.29278178881 
6.86648845004 0.29278180256 
7.90604321091 0.29278179063 
9.10298177992 0.292781799992 
10.4811313415 0.292781798935 
12.0679264064 0.292781789291 
13.8949549437 0.292781800148 
15.9985871961 0.292781798942 
18.4206996933 0.292781798783 
21.2095088792 0.292781796755 
24.4205309455 0.292781786771 
28.1176869797 0.292781799337 
32.3745754282 0.292781788585 
37.2759372031 0.292781798884 
42.9193426013 0.292781788761 
49.4171336132 0.292781805114 
56.8986602902 0.292781790508 
65.512855686 0.292781802538 
75.4312006335 0.292781792549 
86.8511373751 0.292781797838 
100.0 0.292781790634 
