0.1 0.0999996906124 
0.115139539933 0.11513849598 
0.132571136559 0.132567344975 
0.152641796718 0.152626953126 
0.175751062485 0.175688198631 
0.202358964773 0.202070590795 
0.232995181052 0.231579762077 
0.268269579528 0.261356805926 
0.308884359648 0.282205747276 
0.355648030622 0.289416765313 
0.409491506238 0.290749905797 
0.471486636346 0.290933101768 
0.542867543932 0.520944081768 
0.625055192527 0.60106584976 
0.719685673001 0.690952169742 
0.828642772855 0.793928994188 
0.95409547635 0.912127169696 
1.09854114199 1.04780299819 
1.26485521686 1.20351923561 
1.4563484775 1.38220714632 
1.67683293681 1.58722057885 
1.93069772888 1.82239583363 
2.22299648253 2.09211961036 
2.5595479227 2.40140620804 
2.94705170255 2.75598519729 
3.3932217719 3.16240091059 
3.90693993705 3.62812526991 
4.49843266897 4.16168556268 
5.17947467923 4.77280920722 
5.96362331659 5.47258737537 
6.86648845004 6.27365993589 
7.90604321091 7.19042421534 
9.10298177992 8.23927040763 
10.4811313415 9.43884673862 
12.0679264064 10.8103577958 
13.8949549437 12.3778997549 
15.9985871961 14.1688365725 
18.4206996933 16.2142215657 
21.2095088792 18.5492691627 
24.4205309455 21.2138819751 
28.1176869797 24.2532387124 
32.3745754282 27.7184488222 
37.2759372031 31.6672800837 
42.9193426013 36.1649657036 
49.4171336132 41.2850977424 
56.8986602902 47.846724849 
65.512855686 57.5560823725 
75.4312006335 68.5537341166 
86.8511373751 80.8827662749 
100.0 94.8058615897 
