0.1 0.099999690222 
0.115139539933 0.115138495496 
0.132571136559 0.132567342025 
0.152641796718 0.152626945623 
0.175751062485 0.175688164319 
0.202358964773 0.202070424657 
0.232995181052 0.231578895237 
0.268269579528 0.26135283214 
0.308884359648 0.282194521537 
0.355648030622 0.355646111901 
0.409491506238 0.409490047177 
0.471486636346 0.471484961405 
0.542867543932 0.542865529493 
0.625055192527 0.625052755228 
0.719685673001 0.719682722026 
0.828642772855 0.828639199691 
0.95409547635 0.954091149787 
1.09854114199 1.09853590317 
1.26485521686 1.26484887343 
1.4563484775 1.45634079657 
1.67683293681 1.67682363635 
1.93069772888 1.93068646743 
2.22299648253 2.22298284659 
2.5595479227 2.55953141163 
2.94705170255 2.94703171013 
3.3932217719 3.39319756407 
3.90693993705 3.90691062502 
4.49843266897 4.4983971765 
5.17947467923 5.17943170318 
5.96362331659 5.96357127906 
6.86648845004 6.8664254404 
7.90604321091 7.90596691571 
9.10298177992 9.10288939789 
10.4811313415 10.4810194808 
12.0679264064 12.0677909599 
13.8949549437 13.8947909383 
15.9985871961 15.9983886102 
18.4206996933 18.4204592357 
21.2095088792 21.2092177212 
24.4205309455 24.420178397 
28.1176869797 28.1172600966 
32.3745754282 32.374058537 
37.2759372031 37.2753113257 
42.9193426013 42.918584758 
49.4171336132 49.4162159792 
56.8986602902 56.8975491736 
65.512855686 65.5115102913 
75.4312006335 75.4295715634 
86.8511373751 86.8491648169 
100.0 99.9976115296 
