0.1 0.099999997889 
0.115139539933 0.115139533384 
0.132571136559 0.132571114771 
0.152641796718 0.152641718646 
0.175751062485 0.175750759783 
0.202358964773 0.202357688592 
0.232995181052 0.232989300483 
0.268269579528 0.268239807889 
0.308884359648 0.308718081806 
0.355648030622 0.35462827492 
0.409491506238 0.403022562969 
0.471486636346 0.439179856842 
0.542867543932 0.451244203257 
0.625055192527 0.453124271825 
0.719685673001 0.453333018617 
0.828642772855 0.453352485097 
0.95409547635 0.453354040015 
1.09854114199 0.453354137725 
1.26485521686 0.453354137306 
1.4563484775 0.453354154226 
1.67683293681 0.453354153409 
1.93069772888 0.45335415573 
2.22299648253 0.453354141604 
2.5595479227 0.453354141061 
2.94705170255 0.453354153078 
3.3932217719 0.453354145625 
3.90693993705 0.453354146841 
4.49843266897 0.453354138561 
5.17947467923 0.453354136484 
5.96362331659 0.453354139135 
6.86648845004 0.453354132374 
7.90604321091 0.453354138311 
9.10298177992 0.453354134788 
10.4811313415 0.453354138881 
12.0679264064 0.45335413281 
13.8949549437 0.453354144137 
15.9985871961 0.453354143456 
18.4206996933 0.453354138001 
21.2095088792 0.453354137327 
24.4205309455 0.453354134036 
28.1176869797 0.453354148114 
32.3745754282 0.453354145445 
37.2759372031 0.45335413368 
42.9193426013 0.453354144087 
49.4171336132 0.453354132728 
56.8986602902 0.453354140298 
65.512855686 0.453354134624 
75.4312006335 0.453354140953 
86.8511373751 0.453354138107 
100.0 0.453354150463 
