0.001 50 
 0.1  0.1 
 0.115139539933  0.115139539933 
 0.132571136559  0.132571136559 
 0.152641796718  0.152641796718 
 0.175751062485  0.175751062485 
 0.202358964773  0.202358964773 
 0.232995181052  0.232995181052 
 0.268269579528  0.268269579528 
 0.308884359648  0.308884359647 
 0.355648030622  0.355648030617 
 0.409491506238  0.409491506191 
 0.471486636346  0.471486635923 
 0.542867543932  0.542867539577 
 0.625055192527  0.625055141146 
 0.719685673001  0.719684972749 
 0.828642772855  0.828631650002 
 0.95409547635  0.953887986879 
 1.09854114199  1.09412611154 
 1.26485521686  1.24728548967 
 1.4563484775  1.43506229764 
 1.67683293681  1.65204187264 
 1.93069772888  1.90186560686 
 2.22299648253  2.18946603162 
 2.5595479227  2.52055359944 
 2.94705170255  2.90170319346 
 3.3932217719  3.34048369662 
 3.90693993705  3.84560821329 
 4.49843266897  4.42710702601 
 5.17947467923  5.09652669335 
 5.96362331659  5.86715923885 
 6.86648845004  6.75430597798 
 7.90604321091  7.77558121772 
 9.10298177992  8.95126185365 
 10.4811313415  10.3046898003 
 12.0679264064  11.8627352377 
 13.8949549437  13.6563298646 
 15.9985871961  15.7210807343 
 18.4206996933  18.0979768515 
 21.2095088792  20.8342025433 
 24.4205309455  23.9840737386 
 28.1176869797  27.6101157239 
 32.3745754282  31.7843037528 
 37.2759372031  36.589491111 
 42.9193426013  42.121052958 
 49.4171336132  48.4887785437 
 56.8986602902  55.8190493231 
 65.512855686  64.2573461566 
 75.4312006335  73.9711353125 
 86.8511373751  85.15319049 
 100.0  98.0254167315 
0.00167683293681 50 
 0.1  0.1 
 0.115139539933  0.115139539933 
 0.132571136559  0.132571136559 
 0.152641796718  0.152641796718 
 0.175751062485  0.175751062485 
 0.202358964773  0.202358964773 
 0.232995181052  0.232995181052 
 0.268269579528  0.268269579528 
 0.308884359648  0.308884359645 
 0.355648030622  0.355648030606 
 0.409491506238  0.409491506107 
 0.471486636346  0.471486635157 
 0.542867543932  0.542867531686 
 0.625055192527  0.625055048054 
 0.719685673001  0.719683704088 
 0.828642772855  0.828611505649 
 0.95409547635  0.953514503356 
 1.09854114199  1.08702817293 
 1.26485521686  1.23509534236 
 1.4563484775  1.4208258509 
 1.67683293681  1.63548485618 
 1.93069772888  1.88261304764 
 2.22299648253  2.16707925856 
 2.5595479227  2.49452244028 
 2.94705170255  2.87143443898 
 3.3932217719  3.30528759055 
 3.90693993705  3.80468274107 
 4.49843266897  4.37951964707 
 5.17947467923  5.04119310117 
 5.96362331659  5.80281866514 
 6.86648845004  6.67949247898 
 7.90604321091  7.68859028879 
 9.10298177992  8.85011161239 
 10.4811313415  10.1870758545 
 12.0679264064  11.7259782114 
 13.8949549437  13.4973143866 
 15.9985871961  15.536184503 
 18.4206996933  17.8829881591 
 21.2095088792  20.5842243842 
 24.4205309455  23.6934123195 
 28.1176869797  27.2721508387 
 32.3745754282  31.3913380729 
 37.2759372031  36.1325749617 
 42.9193426013  41.5897805952 
 49.4171336132  47.8710512955 
 56.8986602902  55.1008002082 
 65.512855686  63.4222197156 
 75.4312006335  73.0001153681 
 86.8511373751  84.0241673719 
 100.0  96.7126841197 
0.00281176869797 50 
 0.1  0.1 
 0.115139539933  0.115139539933 
 0.132571136559  0.132571136559 
 0.152641796718  0.152641796718 
 0.175751062485  0.175751062485 
 0.202358964773  0.202358964773 
 0.232995181052  0.232995181052 
 0.268269579528  0.268269579527 
 0.308884359648  0.308884359641 
 0.355648030622  0.355648030576 
 0.409491506238  0.409491505869 
 0.471486636346  0.471486633002 
 0.542867543932  0.542867509499 
 0.625055192527  0.625054786303 
 0.719685673001  0.719680137135 
 0.828642772855  0.828554917284 
 0.95409547635  0.952480803765 
 1.09854114199  1.0717486517 
 1.26485521686  1.21495758838 
 1.4563484775  1.3972930576 
 1.67683293681  1.60811923501 
 1.93069772888  1.85079680454 
 2.22299648253  2.13008894194 
 2.5595479227  2.4515167892 
 2.94705170255  2.82143543097 
 3.3932217719  3.24715822048 
 3.90693993705  3.73710118349 
 4.49843266897  4.30094922031 
 5.17947467923  4.94984735129 
 5.96362331659  5.69662077712 
 6.86648845004  6.55602809363 
 7.90604321091  7.54505265443 
 9.10298177992  8.68323782627 
 10.4811313415  9.99307274696 
 12.0679264064  11.5004361904 
 13.8949549437  13.235107288 
 15.9985871961  15.2313531736 
 18.4206996933  17.5286051309 
 21.2095088792  20.1722365702 
 24.4205309455  23.214458161 
 28.1176869797  26.7153477583 
 32.3745754282  30.7440354094 
 37.2759372031  35.3800667853 
 42.9193426013  40.7149718885 
 49.4171336132  46.8540699315 
 56.8986602902  53.9185459245 
 65.512855686  62.0478398609 
 75.4312006335  71.4023955342 
 86.8511373751  82.1668230969 
 100.0  94.5535376361 
0.00471486636346 50 
 0.1  0.1 
 0.115139539933  0.115139539933 
 0.132571136559  0.132571136559 
 0.152641796718  0.152641796718 
 0.175751062485  0.175751062485 
 0.202358964773  0.202358964772 
 0.232995181052  0.232995181052 
 0.268269579528  0.268269579525 
 0.308884359648  0.30888435963 
 0.355648030622  0.355648030493 
 0.409491506238  0.409491505201 
 0.471486636346  0.471486626945 
 0.542867543932  0.542867447113 
 0.625055192527  0.62505405033 
 0.719685673001  0.719670109501 
 0.828642772855  0.828396220632 
 0.95409547635  0.949696504901 
 1.09854114199  1.04672710416 
 1.26485521686  1.18203686121 
 1.4563484775  1.35876778565 
 1.67683293681  1.56332685662 
 1.93069772888  1.7987320485 
 2.22299648253  2.0695720967 
 2.5595479227  2.38117621277 
 2.94705170255  2.73967693738 
 3.3932217719  3.15212901498 
 3.90693993705  3.62664791294 
 4.49843266897  4.17256924901 
 5.17947467923  4.80063212112 
 5.96362331659  5.52318998609 
 6.86648845004  6.35445322146 
 7.90604321091  7.31076808337 
 9.10298177992  8.4109375564 
 10.4811313415  9.67659039624 
 12.0679264064  11.1326055266 
 13.8949549437  12.8076001474 
 15.9985871961  14.7344911926 
 18.4206996933  16.951140911 
 21.2095088792  19.501099387 
 24.4205309455  22.4344585302 
 28.1176869797  25.8088341862 
 32.3745754282  29.6904953932 
 37.2759372031  34.1556633731 
 42.9193426013  39.2920051021 
 49.4171336132  45.200351 
 56.8986602902  51.9966702008 
 65.512855686  59.8143420251 
 75.4312006335  68.8067680367 
 86.8511373751  79.1503759016 
 100.0  91.048072645 
0.00790604321091 50 
 0.1  0.1 
 0.115139539933  0.115139539933 
 0.132571136559  0.132571136559 
 0.152641796718  0.152641796718 
 0.175751062485  0.175751062485 
 0.202358964773  0.202358964773 
 0.232995181052  0.232995181052 
 0.268269579528  0.26826957952 
 0.308884359648  0.308884359597 
 0.355648030622  0.355648030259 
 0.409491506238  0.409491503321 
 0.471486636346  0.471486609912 
 0.542867543932  0.542867271698 
 0.625055192527  0.625051981015 
 0.719685673001  0.719641928372 
 0.828642772855  0.827953262515 
 0.95409547635  0.942689773102 
 1.09854114199  1.00912326102 
 1.26485521686  1.12921444204 
 1.4563484775  1.29671191474 
 1.67683293681  1.4911907521 
 1.93069772888  1.7149175022 
 2.22299648253  1.97219116173 
 2.5595479227  2.26803421345 
 2.94705170255  2.6082243153 
 3.3932217719  2.99940401517 
 3.90693993705  3.44920999876 
 4.49843266897  3.96642173881 
 5.17947467923  4.56113235249 
 5.96362331659  5.24494497895 
 6.86648845004  6.03119848464 
 7.90604321091  6.93522687154 
 9.10298177992  7.97465741586 
 10.4811313415  9.16975331337 
 12.0679264064  10.5438074677 
 13.8949549437  12.123595048 
 15.9985871961  13.9398935753 
 18.4206996933  16.0280806037 
 21.2095088792  18.4288205607 
 24.4205309455  21.1888540298 
 28.1176869797  24.3619047387 
 32.3745754282  28.0097217857 
 37.2759372031  32.2032772457 
 42.9193426013  37.0241422921 
 49.4171336132  42.5660684153 
 56.8986602902  48.9368042657 
 65.512855686  56.2601831942 
 75.4312006335  64.6785217718 
 86.8511373751  74.355375562 
 100.0  85.4787052953 
0.0132571136559 50 
 0.1  0.1 
 0.115139539933  0.115139539933 
 0.132571136559  0.132571136559 
 0.152641796718  0.152641796718 
 0.175751062485  0.175751062486 
 0.202358964773  0.202358964774 
 0.232995181052  0.232995181058 
 0.268269579528  0.268269579506 
 0.308884359648  0.308884359505 
 0.355648030622  0.355648029602 
 0.409491506238  0.409491498037 
 0.471486636346  0.471486562021 
 0.542867543932  0.542866778478 
 0.625055192527  0.625046163209 
 0.719685673001  0.719562802099 
 0.828642772855  0.826732800475 
 0.95409547635  0.927431297316 
 1.09854114199  0.961828524709 
 1.26485521686  1.04763893023 
 1.4563484775  1.19944913853 
 1.67683293681  1.37811684001 
 1.93069772888  1.58362226907 
 2.22299648253  1.81974783786 
 2.5595479227  2.0910396722 
 2.94705170255  2.40272807519 
 3.3932217719  2.76082053006 
 3.90693993705  3.17221668032 
 4.49843266897  3.64484061338 
 5.17947467923  4.18779273716 
 5.96362331659  4.81152413641 
 6.86648845004  5.52803672962 
 7.90604321091  6.3511130378 
 9.10298177992  7.29657993798 
 10.4811313415  8.38261141912 
 12.0679264064  9.63007609702 
 13.8949549437  11.0629360933 
 15.9985871961  12.7087048562 
 18.4206996933  14.5989726159 
 21.2095088792  16.7700094484 
 24.4205309455  19.2634573868 
 28.1176869797  22.1271247059 
 32.3745754282  25.4158974311 
 37.2759372031  29.1927853424 
 42.9193426013  33.5301222765 
 49.4171336132  38.5109434469 
 56.8986602902  44.2305658368 
 65.512855686  50.7984015508 
 75.4312006335  58.3400383999 
 86.8511373751  66.9996270359 
 100.0  76.9426197232 
0.0222299648253 50 
 0.1  0.1 
 0.115139539933  0.115139539933 
 0.132571136559  0.132571136559 
 0.152641796718  0.152641796718 
 0.175751062485  0.175751062486 
 0.202358964773  0.202358964775 
 0.232995181052  0.232995181083 
 0.268269579528  0.268269579466 
 0.308884359648  0.308884359248 
 0.355648030622  0.355648027752 
 0.409491506238  0.409491483178 
 0.471486636346  0.471486427363 
 0.542867543932  0.542865391699 
 0.625055192527  0.625029810212 
 0.719685673001  0.719341202085 
 0.828642772855  0.82348397838 
 0.95409547635  0.901038796844 
 1.09854114199  0.916543629528 
 1.26485521686  0.937290679781 
 1.4563484775  1.05438609637 
 1.67683293681  1.20866657458 
 1.93069772888  1.38703036852 
 2.22299648253  1.59174404725 
 2.5595479227  1.82661538792 
 2.94705170255  2.09607436712 
 3.3932217719  2.40520332474 
 3.90693993705  2.75982978521 
 4.49843266897  3.16663532531 
 5.17947467923  3.63328041737 
 5.96362331659  4.16854747504 
 6.86648845004  4.78250474432 
 7.90604321091  5.48669406806 
 9.10298177992  6.29434599127 
 10.4811313415  7.22062617594 
 12.0679264064  8.28291766873 
 13.8949549437  9.50114422174 
 15.9985871961  10.8981406185 
 18.4206996933  12.5000768174 
 21.2095088792  14.3369437089 
 24.4205309455  16.4431094084 
 28.1176869797  18.8579562956 
 32.3745754282  21.6266104819 
 37.2759372031  24.8007770781 
 42.9193426013  28.4396965562 
 49.4171336132  32.6112397126 
 56.8986602902  37.3931612608 
 65.512855686  42.874534974 
 75.4312006335  49.1573966059 
 86.8511373751  56.3586246113 
 100.0  64.61209303 
0.0372759372031 50 
 0.1  0.1 
 0.115139539933  0.115139539933 
 0.132571136559  0.132571136559 
 0.152641796718  0.152641796718 
 0.175751062485  0.175751062489 
 0.202358964773  0.202358964773 
 0.232995181052  0.232995181111 
 0.268269579528  0.268269579354 
 0.308884359648  0.308884358523 
 0.355648030622  0.355648022553 
 0.409491506238  0.4094914414 
 0.471486636346  0.471486048739 
 0.542867543932  0.542861492722 
 0.625055192527  0.624983871068 
 0.719685673001  0.718724997829 
 0.828642772855  0.815529872082 
 0.95409547635  0.865412386573 
 1.09854114199  0.871479952996 
 1.26485521686  0.871802842989 
 1.4563484775  0.879361523988 
 1.67683293681  0.974882825885 
 1.93069772888  1.11382633836 
 2.22299648253  1.27531800937 
 2.5595479227  1.46031543856 
 2.94705170255  1.67206745188 
 3.3932217719  1.91442132552 
 3.90693993705  2.19178294395 
 4.49843266897  2.5091905797 
 5.17947467923  2.87240449702 
 5.96362331659  3.28801033727 
 6.86648845004  3.7635366655 
 7.90604321091  4.30758942262 
 9.10298177992  4.93000530066 
 10.4811313415  5.642027583 
 12.0679264064  6.45650499404 
 13.8949549437  7.38812141606 
 15.9985871961  8.45365573095 
 18.4206996933  9.67228055165 
 21.2095088792  11.0658996747 
 24.4205309455  12.6595385394 
 28.1176869797  14.4817846926 
 32.3745754282  16.5652929579 
 37.2759372031  18.9473608804 
 42.9193426013  21.6705870824 
 49.4171336132  24.7836197729 
 56.8986602902  28.342012146 
 65.512855686  32.4091978364 
 75.4312006335  37.0576036286 
 86.8511373751  42.3699187195 
 100.0  48.4405420141 
0.0625055192527 50 
 0.1  0.1 
 0.115139539933  0.115139539933 
 0.132571136559  0.132571136559 
 0.152641796718  0.152641796717 
 0.175751062485  0.175751062491 
 0.202358964773  0.202358964766 
 0.232995181052  0.232995181093 
 0.268269579528  0.268269579038 
 0.308884359648  0.308884356485 
 0.355648030622  0.355648007933 
 0.409491506238  0.409491323928 
 0.471486636346  0.471484984157 
 0.542867543932  0.542850532163 
 0.625055192527  0.624855025203 
 0.719685673001  0.717044457099 
 0.828642772855  0.799063393617 
 0.95409547635  0.825154970078 
 1.09854114199  0.827357488348 
 1.26485521686  0.827469336274 
 1.4563484775  0.827473956319 
 1.67683293681  0.827474024257 
 1.93069772888  0.827637004208 
 2.22299648253  0.891587834522 
 2.5595479227  1.01165213052 
 2.94705170255  1.15385547211 
 3.3932217719  1.31638332357 
 3.90693993705  1.50170132879 
 4.49843266897  1.71295967472 
 5.17947467923  1.95376527025 
 5.96362331659  2.22822454223 
 6.86648845004  2.54101076811 
 7.90604321091  2.89744167594 
 9.10298177992  3.30356764215 
 10.4811313415  3.76627186282 
 12.0679264064  4.29338410886 
 13.8949549437  4.89380989134 
 15.9985871961  5.57767710447 
 18.4206996933  6.35650249445 
 21.2095088792  7.24338061117 
 24.4205309455  8.25319825628 
 28.1176869797  9.40287784314 
 32.3745754282  10.7116535407 
 37.2759372031  12.2013845939 
 42.9193426013  13.8969108035 
 49.4171336132  15.8264558275 
 56.8986602902  18.0220847346 
 65.512855686  20.520223135 
 75.4312006335  23.3622462352 
 86.8511373751  26.5951473727 
 100.0  30.2722969753 
0.104811313415 50 
 0.1  0.0999999999999 
 0.115139539933  0.115139539932 
 0.132571136559  0.132571136559 
 0.152641796718  0.152641796715 
 0.175751062485  0.175751062487 
 0.202358964773  0.20235896467 
 0.232995181052  0.232995180639 
 0.268269579528  0.268269577827 
 0.308884359648  0.308884350487 
 0.355648030622  0.355647966824 
 0.409491506238  0.409490993627 
 0.471486636346  0.471481990988 
 0.542867543932  0.542819734128 
 0.625055192527  0.624495283288 
 0.719685673001  0.712685490397 
 0.828642772855  0.772361290169 
 0.95409547635  0.783658312562 
 1.09854114199  0.78443233468 
 1.26485521686  0.784470886444 
 1.4563484775  0.784472520236 
 1.67683293681  0.784472556816 
 1.93069772888  0.784472566581 
 2.22299648253  0.784472573857 
 2.5595479227  0.784472581287 
 2.94705170255  0.784472553246 
 3.3932217719  0.784472535559 
 3.90693993705  0.823781342208 
 4.49843266897  0.924518659085 
 5.17947467923  1.0475809468 
 5.96362331659  1.18782198337 
 6.86648845004  1.34672674931 
 7.90604321091  1.52668269085 
 9.10298177992  1.73044350241 
 10.4811313415  1.96112318352 
 12.0679264064  2.22223844503 
 13.8949549437  2.5177598616 
 15.9985871961  2.85216965908 
 18.4206996933  3.23052677736 
 21.2095088792  3.65854009703 
 24.4205309455  4.14265084473 
 28.1176869797  4.69012531924 
 32.3745754282  5.30915922641 
 37.2759372031  6.00899507964 
 42.9193426013  6.80005429995 
 49.4171336132  7.69408589438 
 56.8986602902  8.70433383536 
 65.512855686  9.84572557879 
 75.4312006335  11.1350845326 
 86.8511373751  12.591369748 
 100.0  14.2359466824 
0.175751062485 50 
 0.1  0.0999999999994 
 0.115139539933  0.115139539931 
 0.132571136559  0.132571136555 
 0.152641796718  0.152641796704 
 0.175751062485  0.175751062312 
 0.202358964773  0.202358964313 
 0.232995181052  0.232995179181 
 0.268269579528  0.268269571903 
 0.308884359648  0.308884323628 
 0.355648030622  0.35564782661 
 0.409491506238  0.40949005873 
 0.471486636346  0.471473576572 
 0.542867543932  0.542733295893 
 0.625055192527  0.623503320307 
 0.719685673001  0.702602124898 
 0.828642772855  0.738206355611 
 0.95409547635  0.742518711197 
 1.09854114199  0.742787264319 
 1.26485521686  0.742800575481 
 1.4563484775  0.742801082271 
 1.67683293681  0.742801099854 
 1.93069772888  0.742801119469 
 2.22299648253  0.742801122656 
 2.5595479227  0.742801084871 
 2.94705170255  0.742801122926 
 3.3932217719  0.742801113604 
 3.90693993705  0.742801119034 
 4.49843266897  0.742801109453 
 5.17947467923  0.742801119356 
 5.96362331659  0.742801119176 
 6.86648845004  0.742801099029 
 7.90604321091  0.742801090255 
 9.10298177992  0.742801110694 
 10.4811313415  0.743438649512 
 12.0679264064  0.792700216986 
 13.8949549437  0.88343785082 
 15.9985871961  0.991011973134 
 18.4206996933  1.11223548051 
 21.2095088792  1.2481042327 
 24.4205309455  1.40028175258 
 28.1176869797  1.57068096171 
 32.3745754282  1.76144052714 
 37.2759372031  1.9749455321 
 42.9193426013  2.21385500471 
 49.4171336132  2.48113295534 
 56.8986602902  2.78008306043 
 65.512855686  3.11438747335 
 75.4312006335  3.488150377 
 86.8511373751  3.90594704176 
 100.0  4.3728793638 
0.294705170255 50 
 0.1  0.0999999999977 
 0.115139539933  0.11513953992 
 0.132571136559  0.132571136543 
 0.152641796718  0.152641796626 
 0.175751062485  0.175751061829 
 0.202358964773  0.202358962568 
 0.232995181052  0.232995172955 
 0.268269579528  0.2682695455 
 0.308884359648  0.308884197477 
 0.355648030622  0.355647171382 
 0.409491506238  0.409486240603 
 0.471486636346  0.471447588814 
 0.542867543932  0.542491499296 
 0.625055192527  0.620857378474 
 0.719685673001  0.683593747534 
 0.828642772855  0.700804823178 
 0.95409547635  0.702350821806 
 1.09854114199  0.702443485831 
 1.26485521686  0.702448109659 
 1.4563484775  0.702448278014 
 1.67683293681  0.702448278159 
 1.93069772888  0.702448301665 
 2.22299648253  0.702448305207 
 2.5595479227  0.702448307574 
 2.94705170255  0.702448280459 
 3.3932217719  0.702448295874 
 3.90693993705  0.702448298346 
 4.49843266897  0.702448304818 
 5.17947467923  0.702448298191 
 5.96362331659  0.702448303962 
 6.86648845004  0.702448296129 
 7.90604321091  0.702448279851 
 9.10298177992  0.702448288377 
 10.4811313415  0.702448291385 
 12.0679264064  0.702448282782 
 13.8949549437  0.702448292447 
 15.9985871961  0.702448294266 
 18.4206996933  0.702448287321 
 21.2095088792  0.702448279598 
 24.4205309455  0.702448258881 
 28.1176869797  0.702448285195 
 32.3745754282  0.702448265339 
 37.2759372031  0.702448269665 
 42.9193426013  0.702448258881 
 49.4171336132  0.702448255794 
 56.8986602902  0.702448263594 
 65.512855686  0.702448275413 
 75.4312006335  0.702448259984 
 86.8511373751  0.704276006582 
 100.0  0.745079911039 
0.494171336132 50 
 0.1  0.099999999981 
 0.115139539933  0.115139539875 
 0.132571136559  0.132571136268 
 0.152641796718  0.152641795907 
 0.175751062485  0.175751059517 
 0.202358964773  0.202358955141 
 0.232995181052  0.232995142809 
 0.268269579528  0.268269417949 
 0.308884359648  0.308883605907 
 0.355648030622  0.35564409942 
 0.409491506238  0.409468253423 
 0.471486636346  0.471329684072 
 0.542867543932  0.541628430671 
 0.625055192527  0.614174981661 
 0.719685673001  0.655807746312 
 0.828642772855  0.662829101147 
 0.95409547635  0.663368971133 
 1.09854114199  0.663400888072 
 1.26485521686  0.663402472498 
 1.4563484775  0.663402538281 
 1.67683293681  0.663402545563 
 1.93069772888  0.663402536271 
 2.22299648253  0.663402560712 
 2.5595479227  0.663402534694 
 2.94705170255  0.663402534749 
 3.3932217719  0.663402549822 
 3.90693993705  0.663402562773 
 4.49843266897  0.663402532994 
 5.17947467923  0.663402534486 
 5.96362331659  0.663402550864 
 6.86648845004  0.663402542128 
 7.90604321091  0.663402548232 
 9.10298177992  0.663402563216 
 10.4811313415  0.663402512908 
 12.0679264064  0.663402543594 
 13.8949549437  0.663402543192 
 15.9985871961  0.663402541753 
 18.4206996933  0.663402539826 
 21.2095088792  0.663402530059 
 24.4205309455  0.663402538732 
 28.1176869797  0.663402531198 
 32.3745754282  0.66340252174 
 37.2759372031  0.663402516543 
 42.9193426013  0.663402522277 
 49.4171336132  0.663402533446 
 56.8986602902  0.663402524234 
 65.512855686  0.663402526446 
 75.4312006335  0.663402529909 
 86.8511373751  0.663402531992 
 100.0  0.663402527636 
0.828642772855 50 
 0.1  0.0999999998011 
 0.115139539933  0.115139539402 
 0.132571136559  0.132571135179 
 0.152641796718  0.152641792401 
 0.175751062485  0.17575104915 
 0.202358964773  0.202358917855 
 0.232995181052  0.232995000735 
 0.268269579528  0.268268817538 
 0.308884359648  0.308880798339 
 0.355648030622  0.355629570249 
 0.409491506238  0.409383505029 
 0.471486636346  0.470779268408 
 0.542867543932  0.537816795367 
 0.625055192527  0.593929797557 
 0.719685673001  0.61498230844 
 0.828642772855  0.618162731433 
 0.95409547635  0.618450214868 
 1.09854114199  0.618467139868 
 1.26485521686  0.61846795409 
 1.4563484775  0.618468028145 
 1.67683293681  0.618468021171 
 1.93069772888  0.6184679476 
 2.22299648253  0.618468009492 
 2.5595479227  0.618467984646 
 2.94705170255  0.61846793102 
 3.3932217719  0.618467992869 
 3.90693993705  0.618468020128 
 4.49843266897  0.618467995098 
 5.17947467923  0.618468001437 
 5.96362331659  0.618467993737 
 6.86648845004  0.618468036957 
 7.90604321091  0.618468015911 
 9.10298177992  0.618468012419 
 10.4811313415  0.618468009858 
 12.0679264064  0.618467987646 
 13.8949549437  0.618468012395 
 15.9985871961  0.618468007001 
 18.4206996933  0.618468017632 
 21.2095088792  0.618467974183 
 24.4205309455  0.618468014963 
 28.1176869797  0.618468010405 
 32.3745754282  0.61846795353 
 37.2759372031  0.618468000349 
 42.9193426013  0.618468011429 
 49.4171336132  0.618468005909 
 56.8986602902  0.618467941342 
 65.512855686  0.618468003116 
 75.4312006335  0.618468010276 
 86.8511373751  0.618468002678 
 100.0  0.618468017219 
1.38949549437 50 
 0.1  0.0999999992276 
 0.115139539933  0.11513953742 
 0.132571136559  0.132571130732 
 0.152641796718  0.152641777332 
 0.175751062485  0.175751001499 
 0.202358964773  0.202358744076 
 0.232995181052  0.23299433071 
 0.268269579528  0.268265987428 
 0.308884359648  0.308867590062 
 0.355648030622  0.35556085436 
 0.409491506238  0.408987028505 
 0.471486636346  0.468297175278 
 0.542867543932  0.52380743998 
 0.625055192527  0.552320629646 
 0.719685673001  0.558292020691 
 0.828642772855  0.559017200483 
 0.95409547635  0.559086857828 
 1.09854114199  0.559092454967 
 1.26485521686  0.559092765876 
 1.4563484775  0.55909278243 
 1.67683293681  0.559092783171 
 1.93069772888  0.559092782873 
 2.22299648253  0.559092781983 
 2.5595479227  0.559092791537 
 2.94705170255  0.559092782919 
 3.3932217719  0.559092795278 
 3.90693993705  0.559092782541 
 4.49843266897  0.559092779154 
 5.17947467923  0.559092773276 
 5.96362331659  0.559092776646 
 6.86648845004  0.559092764742 
 7.90604321091  0.559092798037 
 9.10298177992  0.559092786205 
 10.4811313415  0.559092778573 
 12.0679264064  0.559092780659 
 13.8949549437  0.55909278407 
 15.9985871961  0.559092753965 
 18.4206996933  0.559092756605 
 21.2095088792  0.559092795917 
 24.4205309455  0.559092766227 
 28.1176869797  0.559092775872 
 32.3745754282  0.559092770194 
 37.2759372031  0.559092776986 
 42.9193426013  0.559092776467 
 49.4171336132  0.559092782336 
 56.8986602902  0.559092769614 
 65.512855686  0.559092782841 
 75.4312006335  0.559092789974 
 86.8511373751  0.559092782078 
 100.0  0.559092778193 
2.32995181052 50 
 0.1  0.0999999956419 
 0.115139539933  0.11513952895 
 0.132571136559  0.132571106422 
 0.152641796718  0.15264170534 
 0.175751062485  0.175750767513 
 0.202358964773  0.202357923025 
 0.232995181052  0.232991174792 
 0.268269579528  0.268252652322 
 0.308884359648  0.308805334818 
 0.355648030622  0.355239519963 
 0.409491506238  0.40718218404 
 0.471486636346  0.458554866065 
 0.542867543932  0.490579771789 
 0.625055192527  0.499372416706 
 0.719685673001  0.50067863531 
 0.828642772855  0.500826548004 
 0.95409547635  0.500840704587 
 1.09854114199  0.500841830591 
 1.26485521686  0.500841974138 
 1.4563484775  0.500841914962 
 1.67683293681  0.500841917941 
 1.93069772888  0.500841904495 
 2.22299648253  0.500841904391 
 2.5595479227  0.500841824552 
 2.94705170255  0.500841922326 
 3.3932217719  0.500841915753 
 3.90693993705  0.500841875164 
 4.49843266897  0.500841913279 
 5.17947467923  0.500841883457 
 5.96362331659  0.500841921346 
 6.86648845004  0.500841921986 
 7.90604321091  0.500841923862 
 9.10298177992  0.500842044318 
 10.4811313415  0.500841919212 
 12.0679264064  0.500841919662 
 13.8949549437  0.500841919206 
 15.9985871961  0.500841913961 
 18.4206996933  0.500841923697 
 21.2095088792  0.500841921293 
 24.4205309455  0.500841918016 
 28.1176869797  0.500841972051 
 32.3745754282  0.500841922666 
 37.2759372031  0.500841921863 
 42.9193426013  0.500841855462 
 49.4171336132  0.500841915872 
 56.8986602902  0.500841915026 
 65.512855686  0.500841917086 
 75.4312006335  0.50084180312 
 86.8511373751  0.500841918491 
 100.0  0.5008419138 
3.90693993705 50 
 0.1  0.0999999809212 
 0.115139539933  0.115139489675 
 0.132571136559  0.132570995861 
 0.152641796718  0.152641372517 
 0.175751062485  0.175749682888 
 0.202358964773  0.202354092858 
 0.232995181052  0.232976403692 
 0.268269579528  0.26819017116 
 0.308884359648  0.308514770936 
 0.355648030622  0.35377310494 
 0.409491506238  0.399848331183 
 0.471486636346  0.432343291488 
 0.542867543932  0.443438548806 
 0.625055192527  0.44543990933 
 0.719685673001  0.445705742475 
 0.828642772855  0.445735344494 
 0.95409547635  0.445738163376 
 1.09854114199  0.445738384452 
 1.26485521686  0.445738396295 
 1.4563484775  0.445738406684 
 1.67683293681  0.445738397195 
 1.93069772888  0.445738411887 
 2.22299648253  0.445738396418 
 2.5595479227  0.445738400213 
 2.94705170255  0.445738410596 
 3.3932217719  0.44573845276 
 3.90693993705  0.445738381288 
 4.49843266897  0.445738433538 
 5.17947467923  0.445738406559 
 5.96362331659  0.445738403812 
 6.86648845004  0.445738406108 
 7.90604321091  0.445738403645 
 9.10298177992  0.445738416291 
 10.4811313415  0.445738404909 
 12.0679264064  0.445738410045 
 13.8949549437  0.445738404389 
 15.9985871961  0.445738402081 
 18.4206996933  0.445738374269 
 21.2095088792  0.445738414776 
 24.4205309455  0.445738403804 
 28.1176869797  0.445738447539 
 32.3745754282  0.445738407607 
 37.2759372031  0.445738412266 
 42.9193426013  0.445738379877 
 49.4171336132  0.445738403586 
 56.8986602902  0.445738412534 
 65.512855686  0.445738414752 
 75.4312006335  0.445738395179 
 86.8511373751  0.445738421513 
 100.0  0.445738401523 
6.5512855686 50 
 0.1  0.0999999319281 
 0.115139539933  0.115139348006 
 0.132571136559  0.132570568777 
 0.152641796718  0.152640013548 
 0.175751062485  0.17574507708 
 0.202358964773  0.202337338884 
 0.232995181052  0.232910464976 
 0.268269579528  0.267908329381 
 0.308884359648  0.30721890189 
 0.355648030622  0.347807029769 
 0.409491506238  0.378659035681 
 0.471486636346  0.391054109741 
 0.542867543932  0.393712702183 
 0.625055192527  0.394122575049 
 0.719685673001  0.394175131779 
 0.828642772855  0.39418104433 
 0.95409547635  0.394181831338 
 1.09854114199  0.394181564663 
 1.26485521686  0.394181658456 
 1.4563484775  0.394181637806 
 1.67683293681  0.394181645183 
 1.93069772888  0.394181645169 
 2.22299648253  0.394181551054 
 2.5595479227  0.394181662192 
 2.94705170255  0.394181656515 
 3.3932217719  0.394181648794 
 3.90693993705  0.394181657187 
 4.49843266897  0.394181653183 
 5.17947467923  0.394181663092 
 5.96362331659  0.394181692007 
 6.86648845004  0.394181637186 
 7.90604321091  0.394181657756 
 9.10298177992  0.3941816557 
 10.4811313415  0.394181654989 
 12.0679264064  0.39418165866 
 13.8949549437  0.394181666792 
 15.9985871961  0.394181643282 
 18.4206996933  0.394181609021 
 21.2095088792  0.39418166652 
 24.4205309455  0.394181662038 
 28.1176869797  0.394181654857 
 32.3745754282  0.394181641988 
 37.2759372031  0.394181688693 
 42.9193426013  0.394181615093 
 49.4171336132  0.394181671324 
 56.8986602902  0.394181654707 
 65.512855686  0.394181682432 
 75.4312006335  0.394181712533 
 86.8511373751  0.394181805366 
 100.0  0.394181657122 
10.9854114199 50 
 0.1  0.099999854409 
 0.115139539933  0.11513908915 
 0.132571136559  0.132569665054 
 0.152641796718  0.152636699971 
 0.175751062485  0.175732311919 
 0.202358964773  0.202285372903 
 0.232995181052  0.232686397297 
 0.268269579528  0.266892643627 
 0.308884359648  0.302653237002 
 0.355648030622  0.331398703422 
 0.409491506238  0.344413850065 
 0.471486636346  0.347584587846 
 0.542867543932  0.348128485482 
 0.625055192527  0.348206676918 
 0.719685673001  0.348216479195 
 0.828642772855  0.348217547745 
 0.95409547635  0.348217635659 
 1.09854114199  0.34821765201 
 1.26485521686  0.348217661871 
 1.4563484775  0.34821765004 
 1.67683293681  0.348217643077 
 1.93069772888  0.348217655642 
 2.22299648253  0.348217659809 
 2.5595479227  0.34821764911 
 2.94705170255  0.348217674708 
 3.3932217719  0.348217642123 
 3.90693993705  0.348217654988 
 4.49843266897  0.348217666 
 5.17947467923  0.34821765373 
 5.96362331659  0.348217648296 
 6.86648845004  0.34821764466 
 7.90604321091  0.348217692057 
 9.10298177992  0.348217649863 
 10.4811313415  0.348217654054 
 12.0679264064  0.34821765067 
 13.8949549437  0.348217660629 
 15.9985871961  0.348217648154 
 18.4206996933  0.348217658622 
 21.2095088792  0.348217651146 
 24.4205309455  0.348217641831 
 28.1176869797  0.348217677577 
 32.3745754282  0.348217707964 
 37.2759372031  0.348217648889 
 42.9193426013  0.348217678513 
 49.4171336132  0.348217648063 
 56.8986602902  0.34821765288 
 65.512855686  0.348217699504 
 75.4312006335  0.348217654735 
 86.8511373751  0.348217645253 
 100.0  0.348217649359 
18.4206996933 50 
 0.1  0.0999997936628 
 0.115139539933  0.115138869329 
 0.132571136559  0.132568801855 
 0.152641796718  0.152633139049 
 0.175751062485  0.175716654449 
 0.202358964773  0.202211997318 
 0.232995181052  0.232322939327 
 0.268269579528  0.265068841256 
 0.308884359648  0.29483853069 
 0.355648030622  0.311340375346 
 0.409491506238  0.315897847402 
 0.471486636346  0.316684542904 
 0.542867543932  0.316795082474 
 0.625055192527  0.316808870585 
 0.719685673001  0.316810411385 
 0.828642772855  0.316810570679 
 0.95409547635  0.316810579121 
 1.09854114199  0.316810578548 
 1.26485521686  0.3168105831 
 1.4563484775  0.31681058268 
 1.67683293681  0.316810580267 
 1.93069772888  0.31681058098 
 2.22299648253  0.316810582809 
 2.5595479227  0.31681057555 
 2.94705170255  0.316810597367 
 3.3932217719  0.316810587601 
 3.90693993705  0.316810574781 
 4.49843266897  0.316810577658 
 5.17947467923  0.316810583622 
 5.96362331659  0.316810581781 
 6.86648845004  0.316810586798 
 7.90604321091  0.316810578177 
 9.10298177992  0.31681058351 
 10.4811313415  0.316810581235 
 12.0679264064  0.316810584382 
 13.8949549437  0.31681056873 
 15.9985871961  0.31681057909 
 18.4206996933  0.316810581214 
 21.2095088792  0.316810583371 
 24.4205309455  0.316810601552 
 28.1176869797  0.31681057881 
 32.3745754282  0.316810587749 
 37.2759372031  0.316810609276 
 42.9193426013  0.316810608888 
 49.4171336132  0.316810570125 
 56.8986602902  0.316810578618 
 65.512855686  0.316810583069 
 75.4312006335  0.316810580458 
 86.8511373751  0.316810581689 
 100.0  0.316810577898 
30.8884359648 50 
 0.1  0.0999997548333 
 0.115139539933  0.115138724526 
 0.132571136559  0.132568236557 
 0.152641796718  0.152630732722 
 0.175751062485  0.175705583432 
 0.202358964773  0.202157120006 
 0.232995181052  0.232033928644 
 0.268269579528  0.263576055228 
 0.308884359648  0.289159038929 
 0.355648030622  0.30029530854 
 0.409491506238  0.302695361706 
 0.471486636346  0.303045928971 
 0.542867543932  0.303088795261 
 0.625055192527  0.303093412294 
 0.719685673001  0.303093852035 
 0.828642772855  0.303093887527 
 0.95409547635  0.303093893137 
 1.09854114199  0.303093899331 
 1.26485521686  0.303093894848 
 1.4563484775  0.303093896613 
 1.67683293681  0.303093887384 
 1.93069772888  0.303093898666 
 2.22299648253  0.303093891319 
 2.5595479227  0.303093899056 
 2.94705170255  0.303093892575 
 3.3932217719  0.303093891167 
 3.90693993705  0.303093891295 
 4.49843266897  0.30309389281 
 5.17947467923  0.303093890828 
 5.96362331659  0.303093898797 
 6.86648845004  0.303093883529 
 7.90604321091  0.303093886708 
 9.10298177992  0.303093886507 
 10.4811313415  0.303093889448 
 12.0679264064  0.3030939069 
 13.8949549437  0.303093896564 
 15.9985871961  0.303093895256 
 18.4206996933  0.303093886418 
 21.2095088792  0.30309391636 
 24.4205309455  0.30309389734 
 28.1176869797  0.303093885295 
 32.3745754282  0.303093878721 
 37.2759372031  0.303093886722 
 42.9193426013  0.303093915194 
 49.4171336132  0.303093914898 
 56.8986602902  0.303093902936 
 65.512855686  0.30309389141 
 75.4312006335  0.30309389654 
 86.8511373751  0.303093886094 
 100.0  0.30309388848 
51.7947467923 50 
 0.1  0.099999730937 
 0.115139539933  0.115138634625 
 0.132571136559  0.132567897073 
 0.152641796718  0.152629265327 
 0.175751062485  0.175698821284 
 0.202358964773  0.202123295692 
 0.232995181052  0.231854896863 
 0.268269579528  0.26267552667 
 0.308884359648  0.286128217978 
 0.355648030622  0.295261441356 
 0.409491506238  0.297067535565 
 0.471486636346  0.297320498535 
 0.542867543932  0.297350466092 
 0.625055192527  0.297353577157 
 0.719685673001  0.297353851643 
 0.828642772855  0.29735387336 
 0.95409547635  0.297353871208 
 1.09854114199  0.297353872412 
 1.26485521686  0.297353874121 
 1.4563484775  0.297353874367 
 1.67683293681  0.297353875697 
 1.93069772888  0.297353872028 
 2.22299648253  0.297353874158 
 2.5595479227  0.297353886037 
 2.94705170255  0.29735386764 
 3.3932217719  0.297353872158 
 3.90693993705  0.297353872814 
 4.49843266897  0.297353872649 
 5.17947467923  0.297353870586 
 5.96362331659  0.297353873522 
 6.86648845004  0.297353873145 
 7.90604321091  0.297353868365 
 9.10298177992  0.297353864078 
 10.4811313415  0.297353874927 
 12.0679264064  0.297353873672 
 13.8949549437  0.297353873924 
 15.9985871961  0.297353875754 
 18.4206996933  0.297353873466 
 21.2095088792  0.297353870363 
 24.4205309455  0.297353874899 
 28.1176869797  0.297353877952 
 32.3745754282  0.297353866306 
 37.2759372031  0.297353871747 
 42.9193426013  0.297353892208 
 49.4171336132  0.297353862068 
 56.8986602902  0.297353889432 
 65.512855686  0.297353879105 
 75.4312006335  0.297353867452 
 86.8511373751  0.297353871032 
 100.0  0.297353879745 
86.8511373751 50 
 0.1  0.099999717262 
 0.115139539933  0.115138585137 
 0.132571136559  0.132567688001 
 0.152641796718  0.152628393478 
 0.175751062485  0.175694760732 
 0.202358964773  0.20210305762 
 0.232995181052  0.231748239749 
 0.268269579528  0.262152352116 
 0.308884359648  0.284494553743 
 0.355648030622  0.292737941899 
 0.409491506238  0.294313536961 
 0.471486636346  0.294531772485 
 0.542867543932  0.294557496343 
 0.625055192527  0.294560147945 
 0.719685673001  0.294560378476 
 0.828642772855  0.294560400354 
 0.95409547635  0.294560387332 
 1.09854114199  0.294560391525 
 1.26485521686  0.294560399943 
 1.4563484775  0.294560399488 
 1.67683293681  0.294560401559 
 1.93069772888  0.29456040652 
 2.22299648253  0.294560418683 
 2.5595479227  0.294560407736 
 2.94705170255  0.29456039598 
 3.3932217719  0.294560397193 
 3.90693993705  0.294560397003 
 4.49843266897  0.294560383977 
 5.17947467923  0.294560396618 
 5.96362331659  0.294560391809 
 6.86648845004  0.294560388254 
 7.90604321091  0.294560387659 
 9.10298177992  0.29456038828 
 10.4811313415  0.294560390799 
 12.0679264064  0.294560390901 
 13.8949549437  0.294560403419 
 15.9985871961  0.294560393734 
 18.4206996933  0.294560402349 
 21.2095088792  0.294560388622 
 24.4205309455  0.294560402165 
 28.1176869797  0.294560407221 
 32.3745754282  0.294560400351 
 37.2759372031  0.294560394211 
 42.9193426013  0.294560396743 
 49.4171336132  0.294560401205 
 56.8986602902  0.2945604097 
 65.512855686  0.294560384645 
 75.4312006335  0.294560390848 
 86.8511373751  0.294560385495 
 100.0  0.294560389026 
145.63484775 50 
 0.1  0.099999708717 
 0.115139539933  0.115138551706 
 0.132571136559  0.132567562198 
 0.152641796718  0.152627870959 
 0.175751062485  0.175692345526 
 0.202358964773  0.20209099108 
 0.232995181052  0.231684863238 
 0.268269579528  0.261846410754 
 0.308884359648  0.283578187002 
 0.355648030622  0.291370827213 
 0.409491506238  0.292836390467 
 0.471486636346  0.293038544637 
 0.542867543932  0.293062343854 
 0.625055192527  0.293064779112 
 0.719685673001  0.29306499318 
 0.828642772855  0.293065021864 
 0.95409547635  0.293065027046 
 1.09854114199  0.29306502437 
 1.26485521686  0.293065032502 
 1.4563484775  0.293065028837 
 1.67683293681  0.293065032843 
 1.93069772888  0.293065026483 
 2.22299648253  0.293065043056 
 2.5595479227  0.293065024405 
 2.94705170255  0.293065035999 
 3.3932217719  0.293065020095 
 3.90693993705  0.293065023148 
 4.49843266897  0.29306505644 
 5.17947467923  0.293065034107 
 5.96362331659  0.293065026453 
 6.86648845004  0.293065030491 
 7.90604321091  0.293065029712 
 9.10298177992  0.293065022752 
 10.4811313415  0.293065029534 
 12.0679264064  0.293065027073 
 13.8949549437  0.293065044933 
 15.9985871961  0.293065032312 
 18.4206996933  0.293065033026 
 21.2095088792  0.293065036631 
 24.4205309455  0.293065027223 
 28.1176869797  0.293065027793 
 32.3745754282  0.293065022963 
 37.2759372031  0.293065017222 
 42.9193426013  0.293065019046 
 49.4171336132  0.293065029207 
 56.8986602902  0.293065042505 
 65.512855686  0.293065053891 
 75.4312006335  0.293065033765 
 86.8511373751  0.293065036422 
 100.0  0.293065027082 
244.205309455 50 
 0.1  0.0999997033083 
 0.115139539933  0.115138533312 
 0.132571136559  0.132567489161 
 0.152641796718  0.152627552859 
 0.175751062485  0.175690903237 
 0.202358964773  0.202083785785 
 0.232995181052  0.231647180743 
 0.268269579528  0.261666157018 
 0.308884359648  0.283050748653 
 0.355648030622  0.290598015743 
 0.409491506238  0.292005401218 
 0.471486636346  0.292199157072 
 0.542867543932  0.292221948903 
 0.625055192527  0.292224295011 
 0.719685673001  0.29222451126 
 0.828642772855  0.292224534026 
 0.95409547635  0.292224546395 
 1.09854114199  0.292224532463 
 1.26485521686  0.292224543684 
 1.4563484775  0.292224523046 
 1.67683293681  0.292224538935 
 1.93069772888  0.292224517308 
 2.22299648253  0.292224535719 
 2.5595479227  0.292224526801 
 2.94705170255  0.292224535271 
 3.3932217719  0.292224528205 
 3.90693993705  0.292224537043 
 4.49843266897  0.292224519309 
 5.17947467923  0.292224533869 
 5.96362331659  0.292224524928 
 6.86648845004  0.292224522137 
 7.90604321091  0.292224520772 
 9.10298177992  0.292224539899 
 10.4811313415  0.292224536601 
 12.0679264064  0.292224537895 
 13.8949549437  0.292224519003 
 15.9985871961  0.292224529068 
 18.4206996933  0.292224536421 
 21.2095088792  0.29222453997 
 24.4205309455  0.292224522601 
 28.1176869797  0.292224524876 
 32.3745754282  0.292224518028 
 37.2759372031  0.292224518232 
 42.9193426013  0.292224518348 
 49.4171336132  0.292224541592 
 56.8986602902  0.292224537739 
 65.512855686  0.292224542013 
 75.4312006335  0.292224518041 
 86.8511373751  0.292224556059 
 100.0  0.292224525266 
409.491506238 50 
 0.1  0.0999996993767 
 0.115139539933  0.11513852154 
 0.132571136559  0.132567444067 
 0.152641796718  0.152627368544 
 0.175751062485  0.175690044084 
 0.202358964773  0.202079496099 
 0.232995181052  0.231624715224 
 0.268269579528  0.261559430392 
 0.308884359648  0.282742630287 
 0.355648030622  0.290151035575 
 0.409491506238  0.29152598191 
 0.471486636346  0.291715054058 
 0.542867543932  0.291737291894 
 0.625055192527  0.291739590168 
 0.719685673001  0.29173981841 
 0.828642772855  0.291739810009 
 0.95409547635  0.291739814462 
 1.09854114199  0.29173982736 
 1.26485521686  0.291739814062 
 1.4563484775  0.291739806993 
 1.67683293681  0.291739826832 
 1.93069772888  0.291739809061 
 2.22299648253  0.291739814365 
 2.5595479227  0.291739823796 
 2.94705170255  0.291739809064 
 3.3932217719  0.291739808386 
 3.90693993705  0.291739810264 
 4.49843266897  0.291739807569 
 5.17947467923  0.291739807304 
 5.96362331659  0.291739808645 
 6.86648845004  0.291739808564 
 7.90604321091  0.29173982426 
 9.10298177992  0.291739812437 
 10.4811313415  0.291739810473 
 12.0679264064  0.291739805333 
 13.8949549437  0.291739831563 
 15.9985871961  0.29173980424 
 18.4206996933  0.29173981241 
 21.2095088792  0.291739801291 
 24.4205309455  0.291739806783 
 28.1176869797  0.291739805774 
 32.3745754282  0.291739831644 
 37.2759372031  0.291739806063 
 42.9193426013  0.291739827722 
 49.4171336132  0.291739830638 
 56.8986602902  0.291739804864 
 65.512855686  0.291739832393 
 75.4312006335  0.291739831647 
 86.8511373751  0.291739830417 
 100.0  0.291739833274 
686.648845004 50 
 0.1  0.0999996974363 
 0.115139539933  0.115138517394 
 0.132571136559  0.132567418139 
 0.152641796718  0.152627252576 
 0.175751062485  0.175689529795 
 0.202358964773  0.202076936434 
 0.232995181052  0.231611343126 
 0.268269579528  0.261496043597 
 0.308884359648  0.282561084335 
 0.355648030622  0.289889164219 
 0.409491506238  0.291245496996 
 0.471486636346  0.291431916881 
 0.542867543932  0.291453833547 
 0.625055192527  0.291456095345 
 0.719685673001  0.291456307774 
 0.828642772855  0.291456322402 
 0.95409547635  0.291456305162 
 1.09854114199  0.291456321226 
 1.26485521686  0.291456300759 
 1.4563484775  0.29145629884 
 1.67683293681  0.291456308392 
 1.93069772888  0.291456319758 
 2.22299648253  0.291456308885 
 2.5595479227  0.291456319313 
 2.94705170255  0.291456308386 
 3.3932217719  0.2914563228 
 3.90693993705  0.29145630637 
 4.49843266897  0.291456324882 
 5.17947467923  0.291456305619 
 5.96362331659  0.291456308112 
 6.86648845004  0.291456310025 
 7.90604321091  0.29145632333 
 9.10298177992  0.291456323017 
 10.4811313415  0.291456305235 
 12.0679264064  0.291456320499 
 13.8949549437  0.29145630471 
 15.9985871961  0.291456296782 
 18.4206996933  0.291456323039 
 21.2095088792  0.291456318596 
 24.4205309455  0.291456321084 
 28.1176869797  0.291456319266 
 32.3745754282  0.291456305177 
 37.2759372031  0.291456308092 
 42.9193426013  0.291456321826 
 49.4171336132  0.291456309633 
 56.8986602902  0.291456308111 
 65.512855686  0.291456296606 
 75.4312006335  0.291456303421 
 86.8511373751  0.291456305609 
 100.0  0.291456302836 
1151.39539933 50 
 0.1  0.0999996952921 
 0.115139539933  0.115138511296 
 0.132571136559  0.132567401419 
 0.152641796718  0.15262718777 
 0.175751062485  0.175689223425 
 0.202358964773  0.202075408306 
 0.232995181052  0.231603370934 
 0.268269579528  0.261458344056 
 0.308884359648  0.282453587151 
 0.355648030622  0.289734616444 
 0.409491506238  0.291080107409 
 0.471486636346  0.29126494287 
 0.542867543932  0.291286718415 
 0.625055192527  0.291288919943 
 0.719685673001  0.291289130782 
 0.828642772855  0.291289137783 
 0.95409547635  0.291289140142 
 1.09854114199  0.291289162465 
 1.26485521686  0.291289140726 
 1.4563484775  0.291289141012 
 1.67683293681  0.291289137825 
 1.93069772888  0.291289140943 
 2.22299648253  0.291289138129 
 2.5595479227  0.291289137816 
 2.94705170255  0.291289154731 
 3.3932217719  0.291289132972 
 3.90693993705  0.291289137144 
 4.49843266897  0.291289152917 
 5.17947467923  0.291289161205 
 5.96362331659  0.291289139768 
 6.86648845004  0.291289144963 
 7.90604321091  0.291289145355 
 9.10298177992  0.291289156961 
 10.4811313415  0.291289163463 
 12.0679264064  0.291289157677 
 13.8949549437  0.291289142379 
 15.9985871961  0.29128915708 
 18.4206996933  0.291289170971 
 21.2095088792  0.29128915055 
 24.4205309455  0.291289135722 
 28.1176869797  0.291289137416 
 32.3745754282  0.291289140792 
 37.2759372031  0.29128913716 
 42.9193426013  0.291289134371 
 49.4171336132  0.291289155183 
 56.8986602902  0.291289151598 
 65.512855686  0.291289147889 
 75.4312006335  0.291289157119 
 86.8511373751  0.503350056321 
 100.0  1.23395063406 
1930.69772888 50 
 0.1  0.0999996957868 
 0.115139539933  0.11513850705 
 0.132571136559  0.132567393159 
 0.152641796718  0.15262714707 
 0.175751062485  0.175689039491 
 0.202358964773  0.202074497773 
 0.232995181052  0.231598612607 
 0.268269579528  0.261435890591 
 0.308884359648  0.282389753789 
 0.355648030622  0.28964300813 
 0.409491506238  0.290982092563 
 0.471486636346  0.291166029903 
 0.542867543932  0.291187693834 
 0.625055192527  0.291189912787 
 0.719685673001  0.291190117269 
 0.828642772855  0.291190123422 
 0.95409547635  0.291190145496 
 1.09854114199  0.291190119957 
 1.26485521686  0.29119011853 
 1.4563484775  0.291190111691 
 1.67683293681  0.291190122874 
 1.93069772888  0.291190122806 
 2.22299648253  0.291190120639 
 2.5595479227  0.291190139693 
 2.94705170255  0.291190120161 
 3.3932217719  0.29119013963 
 3.90693993705  0.439406326013 
 4.49843266897  0.484948993899 
 5.17947467923  0.520604639955 
 5.96362331659  0.55488460989 
 6.86648845004  0.589419961302 
 7.90604321091  0.624680794378 
 9.10298177992  0.660794539847 
 10.4811313415  0.697768242349 
 12.0679264064  0.735562609512 
 13.8949549437  0.774118797765 
 15.9985871961  0.813368626128 
 18.4206996933  0.853238720139 
 21.2095088792  0.893652501509 
 24.4205309455  0.934531368997 
 28.1176869797  0.982093594349 
 32.3745754282  1.04956413929 
 37.2759372031  1.14801950185 
 42.9193426013  1.29724824427 
 49.4171336132  1.53599332414 
 56.8986602902  1.94950880402 
 65.512855686  2.75890481705 
 75.4312006335  4.70053950808 
 86.8511373751  11.5709384303 
 100.0  42.5056383973 
3237.45754282 50 
 0.1  0.0999996955988 
 0.115139539933  0.115138506508 
 0.132571136559  0.13256738789 
 0.152641796718  0.152627122591 
 0.175751062485  0.1756889258 
 0.202358964773  0.202073951954 
 0.232995181052  0.231595764132 
 0.268269579528  0.261422514409 
 0.308884359648  0.282351771652 
 0.355648030622  0.28958856752 
 0.409491506238  0.290923889769 
 0.471486636346  0.291107285292 
 0.542867543932  0.291128879717 
 0.625055192527  0.291131102439 
 0.719685673001  0.291131273073 
 0.828642772855  0.291131294386 
 0.95409547635  0.510295862695 
 1.09854114199  0.575355701176 
 1.26485521686  0.643780531058 
 1.4563484775  0.71885507354 
 1.67683293681  0.801602444482 
 1.93069772888  0.892732320444 
 2.22299648253  0.992931202646 
 2.5595479227  1.10290683096 
 2.94705170255  1.2233927199 
 3.3932217719  1.35514625083 
 3.90693993705  1.49894505016 
 4.49843266897  1.65558284897 
 5.17947467923  1.82586456313 
 5.96362331659  2.01060073044 
 6.86648845004  2.21060132681 
 7.90604321091  2.42666898046 
 9.10298177992  2.65959163852 
 10.4811313415  2.91013475555 
 12.0679264064  3.17903310992 
 13.8949549437  3.46698223092 
 15.9985871961  3.77462970816 
 18.4206996933  4.10256673701 
 21.2095088792  4.45131916616 
 24.4205309455  4.82133922322 
 28.1176869797  5.21299787241 
 32.3745754282  5.6334512982 
 37.2759372031  6.21084957956 
 42.9193426013  7.09751716 
 49.4171336132  8.54313851586 
 56.8986602902  11.1193719778 
 65.512855686  16.3975888206 
 75.4312006335  30.1309486861 
 86.8511373751  51.6930243466 
 100.0  71.1126069442 
5428.67543932 50 
 0.1  0.0999996927316 
 0.115139539933  0.11513850515 
 0.132571136559  0.132567384264 
 0.152641796718  0.152627109757 
 0.175751062485  0.175688859464 
 0.202358964773  0.202073626955 
 0.232995181052  0.231594079782 
 0.268269579528  0.261414539576 
 0.308884359648  0.282329166515 
 0.355648030622  0.28955616597 
 0.409491506238  0.290889261685 
 0.471486636346  0.291072331726 
 0.542867543932  0.291093892152 
 0.625055192527  0.501847410753 
 0.719685673001  0.580353810972 
 0.828642772855  0.662074657335 
 0.95409547635  0.75399057844 
 1.09854114199  0.858110865439 
 1.26485521686  0.976063033272 
 1.4563484775  1.10959246876 
 1.67683293681  1.2606374037 
 1.93069772888  1.43135437179 
 2.22299648253  1.62413951537 
 2.5595479227  1.84165063481 
 2.94705170255  2.08683043152 
 3.3932217719  2.36293084451 
 3.90693993705  2.67353839564 
 4.49843266897  3.02260035137 
 5.17947467923  3.4144515742 
 5.96362331659  3.85384168036 
 6.86648845004  4.34596234785 
 7.90604321091  4.89647420205 
 9.10298177992  5.5115330002 
 10.4811313415  6.19781470323 
 12.0679264064  6.96253848804 
 13.8949549437  7.81348751812 
 15.9985871961  8.75902649703 
 18.4206996933  9.80811535343 
 21.2095088792  10.9703182329 
 24.4205309455  12.2558069634 
 28.1176869797  13.6753581587 
 32.3745754282  15.2403430455 
 37.2759372031  16.9627092267 
 42.9193426013  19.0302859417 
 49.4171336132  22.2527566794 
 56.8986602902  27.7158282401 
 65.512855686  38.0542861687 
 75.4312006335  52.9327877707 
 86.8511373751  67.9467345406 
 100.0  83.8907243597 
9102.98177992 50 
 0.1  0.0999996898498 
 0.115139539933  0.115138507003 
 0.132571136559  0.13256738305 
 0.152641796718  0.152627104448 
 0.175751062485  0.175688819781 
 0.202358964773  0.202073428843 
 0.232995181052  0.231593068958 
 0.268269579528  0.261409774573 
 0.308884359648  0.282315683311 
 0.355648030622  0.289536876797 
 0.409491506238  0.290868639194 
 0.471486636346  0.291051528279 
 0.542867543932  0.499749766024 
 0.625055192527  0.579776910758 
 0.719685673001  0.665701750518 
 0.828642772855  0.763526532868 
 0.95409547635  0.875477067661 
 1.09854114199  1.00362581297 
 1.26485521686  1.15028072085 
 1.4563484775  1.31806392865 
 1.67683293681  1.50995834251 
 1.93069772888  1.72935570989 
 2.22299648253  1.98011025634 
 2.5595479227  2.26659884741 
 2.94705170255  2.5937884058 
 3.3932217719  2.96731134947 
 3.90693993705  3.39354987416 
 4.49843266897  3.87972996228 
 5.17947467923  4.43402605798 
 5.96362331659  5.06567740309 
 6.86648845004  5.78511707975 
 7.90604321091  6.60411484927 
 9.10298177992  7.53593491268 
 10.4811313415  8.59550974121 
 12.0679264064  9.79963113313 
 13.8949549437  11.1671596421 
 15.9985871961  12.7192534872 
 18.4206996933  14.4796179905 
 21.2095088792  16.4747764922 
 24.4205309455  18.7343635545 
 28.1176869797  21.291441082 
 32.3745754282  24.1828377537 
 37.2759372031  27.449511865 
 42.9193426013  31.1369372499 
 49.4171336132  35.3030699118 
 56.8986602902  41.1217913663 
 65.512855686  50.813353037 
 75.4312006335  62.9187452929 
 86.8511373751  76.1034684591 
 100.0  90.7131054051 
15264.1796718 50 
 0.1  0.0999996902867 
 0.115139539933  0.115138504337 
 0.132571136559  0.132567381556 
 0.152641796718  0.1526270921 
 0.175751062485  0.175688793175 
 0.202358964773  0.202073313753 
 0.232995181052  0.231592464779 
 0.268269579528  0.261406938248 
 0.308884359648  0.282307664323 
 0.355648030622  0.289525388569 
 0.409491506238  0.2908563378 
 0.471486636346  0.441336416419 
 0.542867543932  0.528392212881 
 0.625055192527  0.608556700375 
 0.719685673001  0.699842825773 
 0.828642772855  0.804651636003 
 0.95409547635  0.925076554889 
 1.09854114199  1.06344132539 
 1.26485521686  1.22240247278 
 1.4563484775  1.40500540185 
 1.67683293681  1.61474147392 
 1.93069772888  1.85561250138 
 2.22299648253  2.13220432408 
 2.5595479227  2.44977076428 
 2.94705170255  2.81432939149 
 3.3932217719  3.23277069726 
 3.90693993705  3.71298251003 
 4.49843266897  4.26399165022 
 5.17947467923  4.89612523469 
 5.96362331659  5.62119409228 
 6.86648845004  6.45270126062 
 7.90604321091  7.40607898446 
 9.10298177992  8.49895758251 
 10.4811313415  9.75147049999 
 12.0679264064  11.1866002131 
 13.8949549437  12.8305698149 
 15.9985871961  14.7132862109 
 18.4206996933  16.8688411479 
 21.2095088792  19.3360770919 
 24.4205309455  22.159225695 
 28.1176869797  25.3886273817 
 32.3745754282  29.0815414374 
 37.2759372031  33.3030568813 
 42.9193426013  38.127115358 
 49.4171336132  43.6376582782 
 56.8986602902  49.9299114725 
 65.512855686  57.439534242 
 75.4312006335  68.2260165029 
 86.8511373751  80.6018730562 
 100.0  94.5635891312 
25595.479227 50 
 0.1  0.0999996912593 
 0.115139539933  0.115138504018 
 0.132571136559  0.132567380519 
 0.152641796718  0.152627092091 
 0.175751062485  0.175688776837 
 0.202358964773  0.202073240775 
 0.232995181052  0.231592096715 
 0.268269579528  0.261405234946 
 0.308884359648  0.282302866151 
 0.355648030622  0.289518542308 
 0.409491506238  0.290849029213 
 0.471486636346  0.46563510717 
 0.542867543932  0.537818237763 
 0.625055192527  0.619136435385 
 0.719685673001  0.712544003932 
 0.828642772855  0.82000067405 
 0.95409547635  0.943635236401 
 1.09854114199  1.08588025149 
 1.26485521686  1.24953098172 
 1.4563484775  1.43780102083 
 1.67683293681  1.65438479282 
 1.93069772888  1.90352917364 
 2.22299648253  2.19011569791 
 2.5595479227  2.51975491283 
 2.94705170255  2.89889465688 
 3.3932217719  3.33494429736 
 3.90693993705  3.83641725291 
 4.49843266897  4.41309446116 
 5.17947467923  5.0762118319 
 5.96362331659  5.83867516022 
 6.86648845004  6.71530646715 
 7.90604321091  7.72312629816 
 9.10298177992  8.88167714854 
 10.4811313415  10.2133939118 
 12.0679264064  11.7440280722 
 13.8949549437  13.5031333003 
 15.9985871961  15.5246211717 
 18.4206996933  17.8473969346 
 21.2095088792  20.5160866138 
 24.4205309455  23.5818682826 
 28.1176869797  27.103422071 
 32.3745754282  31.1480154556 
 37.2759372031  35.7927425809 
 42.9193426013  41.1259388677 
 49.4171336132  47.2487950062 
 56.8986602902  54.2771972833 
 65.512855686  62.3438257446 
 75.4312006335  71.6005437488 
 86.8511373751  83.1767847869 
 100.0  96.7920516647 
42919.3426013 50 
 0.1  0.0999996905376 
 0.115139539933  0.115138502687 
 0.132571136559  0.132567380285 
 0.152641796718  0.152627090586 
 0.175751062485  0.175688771423 
 0.202358964773  0.202073199455 
 0.232995181052  0.231591900128 
 0.268269579528  0.261404234698 
 0.308884359648  0.282299987881 
 0.355648030622  0.289514460309 
 0.409491506238  0.290844643587 
 0.471486636346  0.469735063783 
 0.542867543932  0.541091738232 
 0.625055192527  0.622944559014 
 0.719685673001  0.717134992972 
 0.828642772855  0.825555155324 
 0.95409547635  0.950357366867 
 1.09854114199  1.09401547697 
 1.26485521686  1.25937610681 
 1.4563484775  1.44971510441 
 1.67683293681  1.66880219937 
 1.93069772888  1.92097534297 
 2.22299648253  2.21122620979 
 2.5595479227  2.54529853359 
 2.94705170255  2.92980119762 
 3.3932217719  3.3723382852 
 3.90693993705  3.88165862457 
 4.49843266897  4.46782773856 
 5.17947467923  5.14242554181 
 5.96362331659  5.91877362398 
 6.86648845004  6.81219652613 
 7.90604321091  7.84032206963 
 9.10298177992  9.0234265449 
 10.4811313415  10.3848314243 
 12.0679264064  11.9513592465 
 13.8949549437  13.7538574445 
 15.9985871961  15.8278001802 
 18.4206996933  18.2139797255 
 21.2095088792  20.9593006175 
 24.4205309455  24.1176917566 
 28.1176869797  27.7511538242 
 32.3745754282  31.9309619332 
 37.2759372031  36.73904632 
 42.9193426013  42.2695771936 
 49.4171336132  48.6307836423 
 56.8986602902  55.9470408151 
 65.512855686  64.361264523 
 75.4312006335  74.0376580335 
 86.8511373751  85.1648622433 
 100.0  98.0986235046 
71968.5673001 50 
 0.1  0.0999996911547 
 0.115139539933  0.115138501561 
 0.132571136559  0.132567375297 
 0.152641796718  0.152627089414 
 0.175751062485  0.175688767247 
 0.202358964773  0.202073177118 
 0.232995181052  0.231591758543 
 0.268269579528  0.261403627248 
 0.308884359648  0.282298302544 
 0.355648030622  0.289512028007 
 0.409491506238  0.406948491028 
 0.471486636346  0.470914220302 
 0.542867543932  0.542240409142 
 0.625055192527  0.624304059539 
 0.719685673001  0.718777184174 
 0.828642772855  0.827542880546 
 0.95409547635  0.952763742832 
 1.09854114199  1.09692869192 
 1.26485521686  1.26290288204 
 1.4563484775  1.4539846206 
 1.67683293681  1.6739708233 
 1.93069772888  1.92723234581 
 2.22299648253  2.2188006871 
 2.5595479227  2.55446777954 
 2.94705170255  2.9409008387 
 3.3932217719  3.38577454271 
 3.90693993705  3.89792315266 
 4.49843266897  4.48751557805 
 5.17947467923  5.16625684328 
 5.96362331659  5.94761993054 
 6.86648845004  6.84711257152 
 7.90604321091  7.88258424756 
 9.10298177992  9.0745794469 
 10.4811313415  10.446744136 
 12.0679264064  12.026293445 
 13.8949549437  13.8445497664 
 15.9985871961  15.9375618455 
 18.4206996933  18.346817025 
 21.2095088792  21.1200606255 
 24.4205309455  24.312238537 
 28.1176869797  27.9865814983 
 32.3745754282  32.2158523027 
 37.2759372031  37.083780338 
 42.9193426013  42.6867115112 
 49.4171336132  49.135505787 
 56.8986602902  56.5577193788 
 65.512855686  65.1001141254 
 75.4312006335  74.931542932 
 86.8511373751  86.2462673983 
 100.0  99.267772094 
120679.264064 50 
 0.1  0.0999996934585 
 0.115139539933  0.115138501288 
 0.132571136559  0.13256737576 
 0.152641796718  0.152627090225 
 0.175751062485  0.175688762993 
 0.202358964773  0.202073158423 
 0.232995181052  0.231591697535 
 0.268269579528  0.261403274324 
 0.308884359648  0.28229728756 
 0.355648030622  0.28951055249 
 0.409491506238  0.409195926198 
 0.471486636346  0.47129230664 
 0.542867543932  0.542645484801 
 0.625055192527  0.624788041477 
 0.719685673001  0.719362405536 
 0.828642772855  0.828251372299 
 0.95409547635  0.953621558745 
 1.09854114199  1.09796730895 
 1.26485521686  1.2641604038 
 1.4563484775  1.45550717924 
 1.67683293681  1.67581427136 
 1.93069772888  1.92946430398 
 2.22299648253  2.22150302331 
 2.5595479227  2.55773961004 
 2.94705170255  2.94486216122 
 3.3932217719  3.3905706346 
 3.90693993705  3.90372989511 
 4.49843266897  4.4945459013 
 5.17947467923  5.17476852875 
 5.96362331659  5.9579250553 
 6.86648845004  6.85958894088 
 7.90604321091  7.8976892338 
 9.10298177992  9.09286674056 
 10.4811313415  10.4688840222 
 12.0679264064  12.0530973459 
 13.8949549437  13.8769999478 
 15.9985871961  15.9768473722 
 18.4206996933  18.3943772792 
 21.2095088792  21.177637978 
 24.4205309455  24.3819420944 
 28.1176869797  28.0709642537 
 32.3745754282  32.3180045061 
 37.2759372031  37.2074424923 
 42.9193426013  42.8364111161 
 49.4171336132  49.3167228181 
 56.8986602902  56.7770865292 
 65.512855686  65.3656591117 
 75.4312006335  75.2529816859 
 86.8511373751  86.6353588189 
 100.0  99.738747271 
202358.964773 50 
 0.1  0.0999996891392 
 0.115139539933  0.115138500338 
 0.132571136559  0.132567375489 
 0.152641796718  0.152627081399 
 0.175751062485  0.175688765606 
 0.202358964773  0.202073154944 
 0.232995181052  0.231591628087 
 0.268269579528  0.261403060853 
 0.308884359648  0.282296687249 
 0.355648030622  0.289509681214 
 0.409491506238  0.409415907352 
 0.471486636346  0.471419340833 
 0.542867543932  0.542788783211 
 0.625055192527  0.624960190009 
 0.719685673001  0.719570683765 
 0.828642772855  0.828503543509 
 0.95409547635  0.953926891889 
 1.09854114199  1.09833701277 
 1.26485521686  1.26460804859 
 1.4563484775  1.45604919583 
 1.67683293681  1.67647055418 
 1.93069772888  1.93025894117 
 2.22299648253  2.22246518061 
 2.5595479227  2.55890460112 
 2.94705170255  2.94627274341 
 3.3932217719  3.39227857789 
 3.90693993705  3.90579788163 
 4.49843266897  4.49704982522 
 5.17947467923  5.17780028078 
 5.96362331659  5.96159589405 
 6.86648845004  6.86403357451 
 7.90604321091  7.90307076188 
 9.10298177992  9.09938263716 
 10.4811313415  10.4767733796 
 12.0679264064  12.0626496446 
 13.8949549437  13.8885656742 
 15.9985871961  15.9908508731 
 18.4206996933  18.4113323246 
 21.2095088792  21.1981666022 
 24.4205309455  24.4067974057 
 28.1176869797  28.1010580495 
 32.3745754282  32.3544407038 
 37.2759372031  37.2515576016 
 42.9193426013  42.8898232351 
 49.4171336132  49.3813909476 
 56.8986602902  56.8553823772 
 65.512855686  65.4604540178 
 75.4312006335  75.3677518475 
 86.8511373751  86.7743126714 
 100.0  99.9069796841 
339322.17719 50 
 0.1  0.0999996927637 
 0.115139539933  0.115138502481 
 0.132571136559  0.132567373912 
 0.152641796718  0.15262708408 
 0.175751062485  0.175688760753 
 0.202358964773  0.202073146133 
 0.232995181052  0.231591601582 
 0.268269579528  0.261402924324 
 0.308884359648  0.28229632372 
 0.355648030622  0.28950919016 
 0.409491506238  0.409468464285 
 0.471486636346  0.471463072389 
 0.542867543932  0.542839579133 
 0.625055192527  0.625021408528 
 0.719685673001  0.719644775038 
 0.828642772855  0.828593252626 
 0.95409547635  0.95403551499 
 1.09854114199  1.09846853794 
 1.26485521686  1.26476730444 
 1.4563484775  1.456242029 
 1.67683293681  1.67670404396 
 1.93069772888  1.93054165939 
 2.22299648253  2.2228075063 
 2.5595479227  2.5593191015 
 2.94705170255  2.94677463525 
 3.3932217719  3.39288628603 
 3.90693993705  3.90653371537 
 4.49843266897  4.4979407972 
 5.17947467923  5.17887909853 
 5.96362331659  5.96290216056 
 6.86648845004  6.86561524189 
 7.90604321091  7.90498589144 
 9.10298177992  9.10170153055 
 10.4811313415  10.4795811591 
 12.0679264064  12.0660493776 
 13.8949549437  13.8926821556 
 15.9985871961  15.9958352061 
 18.4206996933  18.4173674661 
 21.2095088792  21.2054740772 
 24.4205309455  24.4156454377 
 28.1176869797  28.1117714036 
 32.3745754282  32.3674126051 
 37.2759372031  37.2672641654 
 42.9193426013  42.9088409384 
 49.4171336132  49.4044177828 
 56.8986602902  56.8832634646 
 65.512855686  65.494212615 
 75.4312006335  75.4086268945 
 86.8511373751  86.8238042478 
 100.0  99.9669040452 
568986.602902 50 
 0.1  0.0999996932542 
 0.115139539933  0.115138502435 
 0.132571136559  0.132567373697 
 0.152641796718  0.1526270796 
 0.175751062485  0.175688760934 
 0.202358964773  0.202073145267 
 0.232995181052  0.231591588405 
 0.268269579528  0.261402849586 
 0.308884359648  0.282296100569 
 0.355648030622  0.355628199955 
 0.409491506238  0.409483954699 
 0.471486636346  0.471478332398 
 0.542867543932  0.542857608241 
 0.625055192527  0.625043178239 
 0.719685673001  0.719671127484 
 0.828642772855  0.828625160634 
 0.95409547635  0.954074150625 
 1.09854114199  1.09851531975 
 1.26485521686  1.26482395003 
 1.4563484775  1.45631061809 
 1.67683293681  1.67678709478 
 1.93069772888  1.93064222111 
 2.22299648253  2.222929271 
 2.5595479227  2.55946653971 
 2.94705170255  2.94695316006 
 3.3932217719  3.39310245185 
 3.90693993705  3.90679545854 
 4.49843266897  4.49825772738 
 5.17947467923  5.17926285148 
 5.96362331659  5.96336682531 
 6.86648845004  6.86617787801 
 7.90604321091  7.90566715533 
 9.10298177992  9.10252643375 
 10.4811313415  10.4805799866 
 12.0679264064  12.0672587994 
 13.8949549437  13.8941465733 
 15.9985871961  15.9976083826 
 18.4206996933  18.4195144995 
 21.2095088792  21.2080737904 
 24.4205309455  24.4187932723 
 28.1176869797  28.1155829232 
 32.3745754282  32.3720277378 
 37.2759372031  37.2728523405 
 42.9193426013  42.9156073059 
 49.4171336132  49.4126107443 
 56.8986602902  56.8931837915 
 65.512855686  65.5062244894 
 75.4312006335  75.423171277 
 86.8511373751  86.8414150643 
 100.0  99.9882277852 
954095.47635 50 
 0.1  0.099999694299 
 0.115139539933  0.115138504823 
 0.132571136559  0.132567373722 
 0.152641796718  0.152627083007 
 0.175751062485  0.175688753039 
 0.202358964773  0.202073138123 
 0.232995181052  0.231591574403 
 0.268269579528  0.261402799486 
 0.308884359648  0.28229595519 
 0.355648030622  0.355644552893 
 0.409491506238  0.409488940685 
 0.471486636346  0.471483699068 
 0.542867543932  0.542864012446 
 0.625055192527  0.62505091989 
 0.719685673001  0.719680499898 
 0.828642772855  0.828636509047 
 0.95409547635  0.954087891824 
 1.09854114199  1.09853195827 
 1.26485521686  1.26484409675 
 1.4563484775  1.45633501272 
 1.67683293681  1.67681663299 
 1.93069772888  1.93067798741 
 2.22299648253  2.22297257856 
 2.5595479227  2.5595189786 
 2.94705170255  2.9470166556 
 3.3932217719  3.3931793353 
 3.90693993705  3.90688855273 
 4.49843266897  4.49837045028 
 5.17947467923  5.17939934176 
 5.96362331659  5.96353209426 
 6.86648845004  6.86637799353 
 7.90604321091  7.9059094647 
 9.10298177992  9.10281983341 
 10.4811313415  10.4809352487 
 12.0679264064  12.0676889675 
 13.8949549437  13.8946674411 
 15.9985871961  15.9982390737 
 18.4206996933  18.4202781696 
 21.2095088792  21.2089984776 
 24.4205309455  24.4199129262 
 28.1176869797  28.1169386517 
 32.3745754282  32.3736693159 
 37.2759372031  37.2748400381 
 42.9193426013  42.9180141003 
 49.4171336132  49.4155249994 
 56.8986602902  56.8967125022 
 65.512855686  65.5104972096 
 75.4312006335  75.4283448758 
 86.8511373751  86.8476794852 
 100.0  99.9958130195 
1599858.71961 50 
 0.1  0.0999996939774 
 0.115139539933  0.115138505603 
 0.132571136559  0.132567375436 
 0.152641796718  0.152627082179 
 0.175751062485  0.175688756613 
 0.202358964773  0.20207313717 
 0.232995181052  0.231591566388 
 0.268269579528  0.261402779451 
 0.308884359648  0.282295897781 
 0.355648030622  0.355647080368 
 0.409491506238  0.409490617518 
 0.471486636346  0.471485595076 
 0.542867543932  0.542866288418 
 0.625055192527  0.625053673022 
 0.719685673001  0.719683833197 
 0.828642772855  0.828640545137 
 0.95409547635  0.954092778919 
 1.09854114199  1.0985378758 
 1.26485521686  1.264851262 
 1.4563484775  1.45634368876 
 1.67683293681  1.67682713836 
 1.93069772888  1.93069070783 
 2.22299648253  2.22298798109 
 2.5595479227  2.55953762874 
 2.94705170255  2.94703923811 
 3.3932217719  3.39320667932 
 3.90693993705  3.90692166221 
 4.49843266897  4.49841054088 
 5.17947467923  5.17944788544 
 5.96362331659  5.96359087333 
 6.86648845004  6.86644916612 
 7.90604321091  7.90599564398 
 9.10298177992  9.10292418351 
 10.4811313415  10.4810616009 
 12.0679264064  12.067841961 
 13.8949549437  13.894852693 
 15.9985871961  15.9984633858 
 18.4206996933  18.4205497777 
 21.2095088792  21.209327354 
 24.4205309455  24.4203111457 
 28.1176869797  28.1174208352 
 32.3745754282  32.3742531672 
 37.2759372031  37.2755469935 
 42.9193426013  42.9188701161 
 49.4171336132  49.4165615048 
 56.8986602902  56.8979675529 
 65.512855686  65.5120168853 
 75.4312006335  75.4301849721 
 86.8511373751  86.849907562 
 100.0  99.9985108814 
2682695.79528 50 
 0.1  0.0999996941591 
 0.115139539933  0.115138503376 
 0.132571136559  0.132567373637 
 0.152641796718  0.152627081313 
 0.175751062485  0.175688753566 
 0.202358964773  0.202073139345 
 0.232995181052  0.231591559232 
 0.268269579528  0.261402754379 
 0.308884359648  0.308880920273 
 0.355648030622  0.355647733913 
 0.409491506238  0.409491194989 
 0.471486636346  0.471486266731 
 0.542867543932  0.542867097507 
 0.625055192527  0.625054652129 
 0.719685673001  0.719685018679 
 0.828642772855  0.82864198057 
 0.95409547635  0.954094517013 
 1.09854114199  1.09853998037 
 1.26485521686  1.26485381032 
 1.4563484775  1.45634677439 
 1.67683293681  1.6768308746 
 1.93069772888  1.93069523186 
 2.22299648253  2.222993459 
 2.5595479227  2.55954426167 
 2.94705170255  2.94704726959 
 3.3932217719  3.39321640424 
 3.90693993705  3.90693343763 
 4.49843266897  4.49842479914 
 5.17947467923  5.17946515005 
 5.96362331659  5.96361177819 
 6.86648845004  6.86647447876 
 7.90604321091  7.90602629378 
 9.10298177992  9.10296129581 
 10.4811313415  10.4811065384 
 12.0679264064  12.0678963735 
 13.8949549437  13.8949185784 
 15.9985871961  15.9985431631 
 18.4206996933  18.4206463759 
 21.2095088792  21.2094443199 
 24.4205309455  24.4204527738 
 28.1176869797  28.1175923256 
 32.3745754282  32.3744608162 
 37.2759372031  37.2757984252 
 42.9193426013  42.9191745621 
 49.4171336132  49.416930143 
 56.8986602902  56.8984139182 
 65.512855686  65.5125573665 
 75.4312006335  75.4308394134 
 86.8511373751  86.8506999918 
 100.0  99.9994703944 
4498432.66897 50 
 0.1  0.0999996916004 
 0.115139539933  0.11513850325 
 0.132571136559  0.132567375747 
 0.152641796718  0.152627081398 
 0.175751062485  0.175688755162 
 0.202358964773  0.202073133335 
 0.232995181052  0.231591563062 
 0.268269579528  0.261402748951 
 0.308884359648  0.308884189827 
 0.355648030622  0.355647932245 
 0.409491506238  0.409491396541 
 0.471486636346  0.471486505043 
 0.542867543932  0.542867385183 
 0.625055192527  0.625055000338 
 0.719685673001  0.719685440293 
 0.828642772855  0.82864249108 
 0.95409547635  0.954095135163 
 1.09854114199  1.09854072886 
 1.26485521686  1.26485471662 
 1.4563484775  1.45634787179 
 1.67683293681  1.67683220339 
 1.93069772888  1.93069684082 
 2.22299648253  2.22299540722 
 2.5595479227  2.55954662066 
 2.94705170255  2.94705012598 
 3.3932217719  3.3932198629 
 3.90693993705  3.90693762555 
 4.49843266897  4.49842987008 
 5.17947467923  5.17947129019 
 5.96362331659  5.96361921298 
 6.86648845004  6.86648348118 
 7.90604321091  7.90603719436 
 9.10298177992  9.10297449478 
 10.4811313415  10.4811225203 
 12.0679264064  12.0679157252 
 13.8949549437  13.8949420104 
 15.9985871961  15.9985715358 
 18.4206996933  18.420680731 
 21.2095088792  21.2094859188 
 24.4205309455  24.4205031438 
 28.1176869797  28.1176533161 
 32.3745754282  32.3745346666 
 37.2759372031  37.275887847 
 42.9193426013  42.9192828384 
 49.4171336132  49.4170612493 
 56.8986602902  56.8985726683 
 65.512855686  65.512749589 
 75.4312006335  75.4310721661 
 86.8511373751  86.8509818203 
 100.0  99.9998116464 
7543120.06335 50 
 0.1  0.0999996926065 
 0.115139539933  0.115138504713 
 0.132571136559  0.132567376386 
 0.152641796718  0.152627081096 
 0.175751062485  0.175688755431 
 0.202358964773  0.202073132321 
 0.232995181052  0.231591556463 
 0.268269579528  0.261402743187 
 0.308884359648  0.308884319984 
 0.355648030622  0.355647997003 
 0.409491506238  0.409491467433 
 0.471486636346  0.47148658968 
 0.542867543932  0.542867487478 
 0.625055192527  0.625055124176 
 0.719685673001  0.719685590239 
 0.828642772855  0.828642672642 
 0.95409547635  0.954095355008 
 1.09854114199  1.09854099506 
 1.26485521686  1.26485503895 
 1.4563484775  1.45634826208 
 1.67683293681  1.67683267597 
 1.93069772888  1.93069741305 
 2.22299648253  2.22299610009 
 2.5595479227  2.55954745963 
 2.94705170255  2.94705114185 
 3.3932217719  3.39322109296 
 3.90693993705  3.90693911497 
 4.49843266897  4.49843167355 
 5.17947467923  5.17947347393 
 5.96362331659  5.96362185715 
 6.86648845004  6.86648668288 
 7.90604321091  7.90604107113 
 9.10298177992  9.10297918897 
 10.4811313415  10.4811282043 
 12.0679264064  12.0679226077 
 13.8949549437  13.894950344 
 15.9985871961  15.9985816265 
 18.4206996933  18.4206929494 
 21.2095088792  21.2095007134 
 24.4205309455  24.4205210579 
 28.1176869797  28.1176750073 
 32.3745754282  32.3745609314 
 37.2759372031  37.2759196497 
 42.9193426013  42.9193213467 
 49.4171336132  49.4171078771 
 56.8986602902  56.8986291276 
 65.512855686  65.5128179528 
 75.4312006335  75.4311549443 
 86.8511373751  86.8510820523 
 100.0  99.9999330124 
12648552.1686 50 
 0.1  0.0999996938372 
 0.115139539933  0.115138503142 
 0.132571136559  0.132567375225 
 0.152641796718  0.152627083671 
 0.175751062485  0.175688751585 
 0.202358964773  0.202073133745 
 0.232995181052  0.231591556401 
 0.268269579528  0.261402736666 
 0.308884359648  0.308884347955 
 0.355648030622  0.355648018936 
 0.409491506238  0.409491492481 
 0.471486636346  0.471486619756 
 0.542867543932  0.542867523855 
 0.625055192527  0.625055168219 
 0.719685673001  0.719685643567 
 0.828642772855  0.828642737214 
 0.95409547635  0.954095433195 
 1.09854114199  1.09854108973 
 1.26485521686  1.26485515358 
 1.4563484775  1.45634840089 
 1.67683293681  1.67683284404 
 1.93069772888  1.93069761656 
 2.22299648253  2.22299634651 
 2.5595479227  2.55954775801 
 2.94705170255  2.94705150314 
 3.3932217719  3.39322153043 
 3.90693993705  3.90693964468 
 4.49843266897  4.49843231495 
 5.17947467923  5.17947425057 
 5.96362331659  5.96362279755 
 6.86648845004  6.86648782155 
 7.90604321091  7.9060424499 
 9.10298177992  9.10298085845 
 10.4811313415  10.4811302258 
 12.0679264064  12.0679250554 
 13.8949549437  13.8949533079 
 15.9985871961  15.9985852153 
 18.4206996933  18.4206972948 
 21.2095088792  21.209505975 
 24.4205309455  24.420527429 
 28.1176869797  28.1176827218 
 32.3745754282  32.3745702724 
 37.2759372031  37.2759309603 
 42.9193426013  42.9193350421 
 49.4171336132  49.4171244602 
 56.8986602902  56.8986492073 
 65.512855686  65.5128422662 
 75.4312006335  75.4311843843 
 86.8511373751  86.8511176997 
 100.0  99.999976176 
21209508.8792 50 
 0.1  0.0999996934456 
 0.115139539933  0.115138505663 
 0.132571136559  0.132567378459 
 0.152641796718  0.152627087753 
 0.175751062485  0.175688752152 
 0.202358964773  0.202073132894 
 0.232995181052  0.231591557419 
 0.268269579528  0.268269571199 
 0.308884359648  0.308884355844 
 0.355648030622  0.355648026522 
 0.409491506238  0.409491501355 
 0.471486636346  0.471486630447 
 0.542867543932  0.542867536792 
 0.625055192527  0.625055183882 
 0.719685673001  0.719685662533 
 0.828642772855  0.828642760179 
 0.95409547635  0.954095461002 
 1.09854114199  1.0985411234 
 1.26485521686  1.26485519435 
 1.4563484775  1.45634845025 
 1.67683293681  1.67683290382 
 1.93069772888  1.93069768893 
 2.22299648253  2.22299643415 
 2.5595479227  2.55954786413 
 2.94705170255  2.94705163163 
 3.3932217719  3.39322168602 
 3.90693993705  3.90693983307 
 4.49843266897  4.49843254306 
 5.17947467923  5.17947452678 
 5.96362331659  5.963623132 
 6.86648845004  6.86648822652 
 7.90604321091  7.90604294026 
 9.10298177992  9.1029814522 
 10.4811313415  10.4811309447 
 12.0679264064  12.0679259259 
 13.8949549437  13.8949543619 
 15.9985871961  15.9985864916 
 18.4206996933  18.4206988403 
 21.2095088792  21.2095078463 
 24.4205309455  24.4205296948 
 28.1176869797  28.1176854654 
 32.3745754282  32.3745735945 
 37.2759372031  37.2759349829 
 42.9193426013  42.9193399129 
 49.4171336132  49.417130358 
 56.8986602902  56.8986563486 
 65.512855686  65.5128509133 
 75.4312006335  75.4311948545 
 86.8511373751  86.8511303776 
 100.0  99.999991527 
35564803.0622 50 
 0.1  0.09999969453 
 0.115139539933  0.11513850349 
 0.132571136559  0.132567378139 
 0.152641796718  0.1526270843 
 0.175751062485  0.175688756231 
 0.202358964773  0.202073132867 
 0.232995181052  0.231591550469 
 0.268269579528  0.268269577908 
 0.308884359648  0.308884358373 
 0.355648030622  0.355648029175 
 0.409491506238  0.409491504503 
 0.471486636346  0.471486634248 
 0.542867543932  0.542867541393 
 0.625055192527  0.625055189453 
 0.719685673001  0.719685669278 
 0.828642772855  0.828642768347 
 0.95409547635  0.954095470891 
 1.09854114199  1.09854113538 
 1.26485521686  1.26485520885 
 1.4563484775  1.45634846781 
 1.67683293681  1.67683292508 
 1.93069772888  1.93069771468 
 2.22299648253  2.22299646532 
 2.5595479227  2.55954790187 
 2.94705170255  2.94705167733 
 3.3932217719  3.39322174135 
 3.90693993705  3.90693990007 
 4.49843266897  4.49843262419 
 5.17947467923  5.17947462501 
 5.96362331659  5.96362325094 
 6.86648845004  6.86648837055 
 7.90604321091  7.90604311465 
 9.10298177992  9.10298166336 
 10.4811313415  10.4811312004 
 12.0679264064  12.0679262355 
 13.8949549437  13.8949547368 
 15.9985871961  15.9985869455 
 18.4206996933  18.4206993899 
 21.2095088792  21.2095085119 
 24.4205309455  24.4205305007 
 28.1176869797  28.1176864412 
 32.3745754282  32.374574776 
 37.2759372031  37.2759364135 
 42.9193426013  42.9193416452 
 49.4171336132  49.4171324555 
 56.8986602902  56.8986588884 
 65.512855686  65.5128539886 
 75.4312006335  75.4311985782 
 86.8511373751  86.8511348865 
 100.0  99.9999969866 
59636233.1659 50 
 0.1  0.0999996952101 
 0.115139539933  0.115138504572 
 0.132571136559  0.132567376204 
 0.152641796718  0.15262707993 
 0.175751062485  0.175688759132 
 0.202358964773  0.20207313094 
 0.232995181052  0.231591560024 
 0.268269579528  0.268269579067 
 0.308884359648  0.308884359209 
 0.355648030622  0.35564803011 
 0.409491506238  0.409491505621 
 0.471486636346  0.4714866356 
 0.542867543932  0.542867543029 
 0.625055192527  0.625055191434 
 0.719685673001  0.719685671677 
 0.828642772855  0.828642771251 
 0.95409547635  0.954095474409 
 1.09854114199  1.09854113964 
 1.26485521686  1.26485521401 
 1.4563484775  1.45634847405 
 1.67683293681  1.67683293264 
 1.93069772888  1.93069772383 
 2.22299648253  2.22299647641 
 2.5595479227  2.55954791529 
 2.94705170255  2.94705169358 
 3.3932217719  3.39322176103 
 3.90693993705  3.9069399239 
 4.49843266897  4.49843265304 
 5.17947467923  5.17947465995 
 5.96362331659  5.96362329325 
 6.86648845004  6.86648842177 
 7.90604321091  7.90604317667 
 9.10298177992  9.10298173846 
 10.4811313415  10.4811312914 
 12.0679264064  12.0679263456 
 13.8949549437  13.8949548701 
 15.9985871961  15.998587107 
 18.4206996933  18.4206995854 
 21.2095088792  21.2095087486 
 24.4205309455  24.4205307873 
 28.1176869797  28.1176867882 
 32.3745754282  32.3745751962 
 37.2759372031  37.2759369223 
 42.9193426013  42.9193422612 
 49.4171336132  49.4171332015 
 56.8986602902  56.8986597916 
 65.512855686  65.5128550823 
 75.4312006335  75.4311999026 
 86.8511373751  86.85113649 
 100.0  99.9999989283 
100000000.0 50 
 0.1  0.09999969255 
 0.115139539933  0.115138502613 
 0.132571136559  0.132567377378 
 0.152641796718  0.152627082986 
 0.175751062485  0.17568875802 
 0.202358964773  0.202073133692 
 0.232995181052  0.232995180548 
 0.268269579528  0.268269579382 
 0.308884359648  0.308884359494 
 0.355648030622  0.355648030441 
 0.409491506238  0.409491506019 
 0.471486636346  0.47148663608 
 0.542867543932  0.542867543611 
 0.625055192527  0.625055192138 
 0.719685673001  0.71968567253 
 0.828642772855  0.828642772284 
 0.95409547635  0.95409547566 
 1.09854114199  1.09854114115 
 1.26485521686  1.26485521584 
 1.4563484775  1.45634847628 
 1.67683293681  1.67683293533 
 1.93069772888  1.93069772709 
 2.22299648253  2.22299648035 
 2.5595479227  2.55954792006 
 2.94705170255  2.94705169936 
 3.3932217719  3.39322176803 
 3.90693993705  3.90693993238 
 4.49843266897  4.49843266331 
 5.17947467923  5.17947467237 
 5.96362331659  5.96362330829 
 6.86648845004  6.86648843999 
 7.90604321091  7.90604319873 
 9.10298177992  9.10298176517 
 10.4811313415  10.4811313237 
 12.0679264064  12.0679263848 
 13.8949549437  13.8949549176 
 15.9985871961  15.9985871644 
 18.4206996933  18.4206996549 
 21.2095088792  21.2095088327 
 24.4205309455  24.4205308892 
 28.1176869797  28.1176869116 
 32.3745754282  32.3745753457 
 37.2759372031  37.2759371033 
 42.9193426013  42.9193424804 
 49.4171336132  49.4171334668 
 56.8986602902  56.8986601129 
 65.512855686  65.5128554713 
 75.4312006335  75.4312003736 
 86.8511373751  86.8511370604 
 100.0  99.9999996188 
