1e-05 20 
 0.1  0.1 
 0.143844988829  0.143844988829 
 0.206913808111  0.206913808107 
 0.297635144163  0.297635143851 
 0.428133239872  0.428133199173 
 0.615848211066  0.615836212543 
 0.88586679041  0.877516204088 
 1.2742749857  0.962626652652 
 1.83298071083  0.962582910113 
 2.63665089873  0.962675498496 
 3.79269019073  0.962721500682 
 5.45559478117  0.962582430404 
 7.84759970351  0.962644759333 
 11.2883789168  0.962413307129 
 16.2377673919  0.962448989304 
 23.3572146909  0.962195213488 
 33.5981828628  0.962141060997 
 48.3293023857  0.961909775238 
 69.5192796178  0.961730990921 
 100.0  50.0957170329 
3.35981828628e-05 20 
 0.1  0.1 
 0.143844988829  0.143844988828 
 0.206913808111  0.206913808095 
 0.297635144163  0.297635143114 
 0.428133239872  0.428133103132 
 0.615848211066  0.61580791376 
 0.88586679041  0.862414581431 
 1.2742749857  0.904821787605 
 1.83298071083  0.90478193684 
 2.63665089873  0.904791449762 
 3.79269019073  0.904797139401 
 5.45559478117  0.904720006318 
 7.84759970351  0.904705123098 
 11.2883789168  0.904585197664 
 16.2377673919  0.904541576442 
 23.3572146909  0.904383626852 
 33.5981828628  0.904287823922 
 48.3293023857  0.90407219509 
 69.5192796178  0.903980203185 
 100.0  48.1732367597 
0.000112883789168 20 
 0.1  0.0999999999999 
 0.143844988829  0.143844988827 
 0.206913808111  0.206913808057 
 0.297635144163  0.29763514064 
 0.428133239872  0.428132780452 
 0.615848211066  0.615712994595 
 0.88586679041  0.832425850461 
 1.2742749857  0.849035445184 
 1.83298071083  0.849011275407 
 2.63665089873  0.849002072029 
 3.79269019073  0.848984710914 
 5.45559478117  0.848940340521 
 7.84759970351  0.848902162825 
 11.2883789168  0.848824042763 
 16.2377673919  0.848752348325 
 23.3572146909  0.848642456025 
 33.5981828628  0.848530510328 
 48.3293023857  0.848394150785 
 69.5192796178  0.848272603893 
 100.0  42.0891367516 
0.000379269019073 20 
 0.1  0.0999999999998 
 0.143844988829  0.143844988824 
 0.206913808111  0.206913807929 
 0.297635144163  0.297635132325 
 0.428133239872  0.428131696308 
 0.615848211066  0.615395870969 
 0.88586679041  0.789836750923 
 1.2742749857  0.79526458719 
 1.83298071083  0.795246932058 
 2.63665089873  0.79523256649 
 3.79269019073  0.795212176145 
 5.45559478117  0.795176701361 
 7.84759970351  0.795134681553 
 11.2883789168  0.795072624535 
 16.2377673919  0.795000812817 
 23.3572146909  0.794906190424 
 33.5981828628  0.794803074326 
 48.3293023857  0.794678759998 
 69.5192796178  0.794574091757 
 100.0  25.1627162905 
0.0012742749857 20 
 0.1  0.0999999999992 
 0.143844988829  0.143844988812 
 0.206913808111  0.206913807498 
 0.297635144163  0.297635104387 
 0.428133239872  0.428128053815 
 0.615848211066  0.614350049938 
 0.88586679041  0.7418472099 
 1.2742749857  0.743469054977 
 1.83298071083  0.743457162419 
 2.63665089873  0.743439669876 
 3.79269019073  0.743419066803 
 5.45559478117  0.74338801909 
 7.84759970351  0.74334837745 
 11.2883789168  0.743293690396 
 16.2377673919  0.743226369485 
 23.3572146909  0.743142044652 
 33.5981828628  0.743046016138 
 48.3293023857  0.742939393448 
 69.5192796178  0.74283999238 
 100.0  0.742759786734 
0.00428133239872 20 
 0.1  0.0999999999973 
 0.143844988829  0.143844988771 
 0.206913808111  0.206913806051 
 0.297635144163  0.297635010508 
 0.428133239872  0.428115816082 
 0.615848211066  0.611040214239 
 0.88586679041  0.693151485471 
 1.2742749857  0.693616933013 
 1.83298071083  0.693605897638 
 2.63665089873  0.693590189138 
 3.79269019073  0.693570033676 
 5.45559478117  0.693541857067 
 7.84759970351  0.693504039438 
 11.2883789168  0.693454688982 
 16.2377673919  0.693391894501 
 23.3572146909  0.693314469348 
 33.5981828628  0.693225071327 
 48.3293023857  0.693130241328 
 69.5192796178  0.693043110946 
 100.0  0.692976948924 
0.0143844988829 20 
 0.1  0.0999999999909 
 0.143844988829  0.143844988635 
 0.206913808111  0.206913801185 
 0.297635144163  0.297634694923 
 0.428133239872  0.428074703845 
 0.615848211066  0.601710883974 
 0.88586679041  0.645541370943 
 1.2742749857  0.645669456578 
 1.83298071083  0.645658765366 
 2.63665089873  0.645643990031 
 3.79269019073  0.645623797917 
 5.45559478117  0.645596362289 
 7.84759970351  0.645559665863 
 11.2883789168  0.645511657706 
 16.2377673919  0.645450608477 
 23.3572146909  0.645376597039 
 33.5981828628  0.645293210572 
 48.3293023857  0.645209574417 
 69.5192796178  0.645137713639 
 100.0  0.645086665759 
0.0483293023857 20 
 0.1  0.0999999999694 
 0.143844988829  0.143844988175 
 0.206913808111  0.206913784814 
 0.297635144163  0.29763363274 
 0.428133239872  0.427936623682 
 0.615848211066  0.581185827636 
 0.88586679041  0.599525137768 
 1.2742749857  0.599555024101 
 1.83298071083  0.599543124663 
 2.63665089873  0.599526685585 
 3.79269019073  0.599504199392 
 5.45559478117  0.599473889161 
 7.84759970351  0.599433749271 
 11.2883789168  0.599382119284 
 16.2377673919  0.59931870164 
 23.3572146909  0.599246040537 
 33.5981828628  0.599170702054 
 48.3293023857  0.599101571352 
 69.5192796178  0.599046176757 
 100.0  0.599007268135 
0.162377673919 20 
 0.1  0.0999999998904 
 0.143844988829  0.143844986469 
 0.206913808111  0.206913728715 
 0.297635144163  0.297630024958 
 0.428133239872  0.427473283232 
 0.615848211066  0.548948472639 
 0.88586679041  0.555105353541 
 1.2742749857  0.555103671692 
 1.83298071083  0.555086657866 
 2.63665089873  0.555063595268 
 3.79269019073  0.555032848131 
 5.45559478117  0.554992868706 
 7.84759970351  0.554942769888 
 11.2883789168  0.554883158789 
 16.2377673919  0.554816853611 
 23.3572146909  0.554748938208 
 33.5981828628  0.554685317881 
 48.3293023857  0.554631024747 
 69.5192796178  0.554588882267 
 100.0  0.55455937114 
0.545559478117 20 
 0.1  0.0999999995004 
 0.143844988829  0.14384497953 
 0.206913808111  0.206913499851 
 0.297635144163  0.297616274332 
 0.428133239872  0.425848006191 
 0.615848211066  0.509845698679 
 0.88586679041  0.511685017854 
 1.2742749857  0.511678222038 
 1.83298071083  0.511665150679 
 2.63665089873  0.511648016999 
 3.79269019073  0.511626131942 
 5.45559478117  0.511599104108 
 7.84759970351  0.511567055234 
 11.2883789168  0.511530650016 
 16.2377673919  0.511491205222 
 23.3572146909  0.511450394813 
 33.5981828628  0.511410014861 
 48.3293023857  0.511370487361 
 69.5192796178  0.511337739476 
 100.0  0.511314055365 
1.83298071083 20 
 0.1  0.0999999931854 
 0.143844988829  0.143844887945 
 0.206913808111  0.206911202269 
 0.297635144163  0.297507795819 
 0.428133239872  0.417137099038 
 0.615848211066  0.456801174027 
 0.88586679041  0.457225434348 
 1.2742749857  0.45722473871 
 1.83298071083  0.457222796013 
 2.63665089873  0.457220498024 
 3.79269019073  0.457218071937 
 5.45559478117  0.457215590318 
 7.84759970351  0.457213134409 
 11.2883789168  0.457210780872 
 16.2377673919  0.457208613408 
 23.3572146909  0.457206638681 
 33.5981828628  0.457205022726 
 48.3293023857  0.457203625292 
 69.5192796178  0.457202452369 
 100.0  0.457201322009 
6.15848211066 20 
 0.1  0.0999998320827 
 0.143844988829  0.143842338302 
 0.206913808111  0.206848904275 
 0.297635144163  0.29496691458 
 0.428133239872  0.360643389409 
 0.615848211066  0.364614374654 
 0.88586679041  0.36464115504 
 1.2742749857  0.364641240565 
 1.83298071083  0.364641299893 
 2.63665089873  0.364641428945 
 3.79269019073  0.364641507919 
 5.45559478117  0.364641520124 
 7.84759970351  0.364641623271 
 11.2883789168  0.364641692351 
 16.2377673919  0.364641757111 
 23.3572146909  0.364641816193 
 33.5981828628  0.364641870884 
 48.3293023857  0.364641930028 
 69.5192796178  0.364642102612 
 100.0  0.364642176282 
20.6913808111 20 
 0.1  0.0999994034297 
 0.143844988829  0.143830314154 
 0.206913808111  0.206347958848 
 0.297635144163  0.274642344751 
 0.428133239872  0.286099102472 
 0.615848211066  0.286217062326 
 0.88586679041  0.286217525278 
 1.2742749857  0.28621752242 
 1.83298071083  0.286217531626 
 2.63665089873  0.286217556299 
 3.79269019073  0.286217594764 
 5.45559478117  0.286217629474 
 7.84759970351  0.286217668784 
 11.2883789168  0.28621770723 
 16.2377673919  0.28621775006 
 23.3572146909  0.286217796092 
 33.5981828628  0.286217872403 
 48.3293023857  0.286218016515 
 69.5192796178  0.286218325224 
 100.0  0.286219035428 
69.5192796178 20 
 0.1  0.0999992334908 
 0.143844988829  0.143824733118 
 0.206913808111  0.206043604355 
 0.297635144163  0.265374042606 
 0.428133239872  0.271408909439 
 0.615848211066  0.271451497421 
 0.88586679041  0.271451614433 
 1.2742749857  0.271451623216 
 1.83298071083  0.271451634288 
 2.63665089873  0.271451643602 
 3.79269019073  0.271451655561 
 5.45559478117  0.271451665153 
 7.84759970351  0.271451676018 
 11.2883789168  0.271451709996 
 16.2377673919  0.271451755121 
 23.3572146909  0.271451831699 
 33.5981828628  0.271452030357 
 48.3293023857  0.27145240676 
 69.5192796178  0.27145329053 
 100.0  0.271455367865 
233.572146909 20 
 0.1  0.0999991848065 
 0.143844988829  0.143823058574 
 0.206913808111  0.205952558144 
 0.297635144163  0.263226704983 
 0.428133239872  0.268508235236 
 0.615848211066  0.268544669276 
 0.88586679041  0.26854488506 
 1.2742749857  0.268544977177 
 1.83298071083  0.268545063982 
 2.63665089873  0.268545144116 
 3.79269019073  0.268545210729 
 5.45559478117  0.268545264596 
 7.84759970351  0.26854532378 
 11.2883789168  0.268545378907 
 16.2377673919  0.268545493509 
 23.3572146909  0.268545744127 
 33.5981828628  0.268546285068 
 48.3293023857  0.268547474558 
 69.5192796178  0.268550111142 
 100.0  0.268555727826 
784.759970351 20 
 0.1  0.0999991651597 
 0.143844988829  0.143822556609 
 0.206913808111  0.205925539642 
 0.297635144163  0.262631582085 
 0.428133239872  0.267725864366 
 0.615848211066  0.267761941695 
 0.88586679041  0.267763163614 
 1.2742749857  0.267764087574 
 1.83298071083  0.267764841198 
 2.63665089873  0.267765476201 
 3.79269019073  0.267766002706 
 5.45559478117  0.267766453715 
 7.84759970351  0.267766817761 
 11.2883789168  0.267767145197 
 16.2377673919  0.267767436817 
 23.3572146909  0.267767961328 
 33.5981828628  0.26776910916 
 48.3293023857  0.26777161677 
 69.5192796178  0.267776948707 
 100.0  30.5532372152 
2636.65089873 20 
 0.1  0.0999991647661 
 0.143844988829  0.143822405681 
 0.206913808111  0.205917501996 
 0.297635144163  0.262458007939 
 0.428133239872  0.267501425668 
 0.615848211066  0.267544078218 
 0.88586679041  0.267548990173 
 1.2742749857  0.267551678725 
 1.83298071083  0.267553304762 
 2.63665089873  0.267554447497 
 3.79269019073  0.26755527383 
 5.45559478117  0.267555866106 
 7.84759970351  0.267556304516 
 11.2883789168  0.267556676582 
 16.2377673919  0.267556916597 
 23.3572146909  0.267557118831 
 33.5981828628  0.464762376958 
 48.3293023857  1.03699991045 
 69.5192796178  44.2023628371 
 100.0  86.2051065482 
8858.6679041 20 
 0.1  0.0999991622952 
 0.143844988829  0.143822356222 
 0.206913808111  0.205915103046 
 0.297635144163  0.262406743865 
 0.428133239872  0.267442405631 
 0.615848211066  0.492046396977 
 0.88586679041  0.697218176391 
 1.2742749857  0.971371222833 
 1.83298071083  1.34780189142 
 2.63665089873  1.86160033196 
 3.79269019073  2.55810722368 
 5.45559478117  3.49494199766 
 7.84759970351  4.74374951055 
 11.2883789168  6.3911007296 
 16.2377673919  8.53752325997 
 23.3572146909  11.292976991 
 33.5981828628  14.7850881025 
 48.3293023857  37.7856035196 
 69.5192796178  63.1985351715 
 100.0  96.1456964537 
29763.5144163 20 
 0.1  0.0999991591506 
 0.143844988829  0.143822344454 
 0.206913808111  0.205914387786 
 0.297635144163  0.262391899185 
 0.428133239872  0.26743378207 
 0.615848211066  0.60399248326 
 0.88586679041  0.866533665527 
 1.2742749857  1.24263184542 
 1.83298071083  1.7811991648 
 2.63665089873  2.55191965234 
 3.79269019073  3.65402886225 
 5.45559478117  5.22860809825 
 7.84759970351  7.47580494258 
 11.2883789168  10.6787830873 
 16.2377673919  15.2366733182 
 23.3572146909  21.7091296711 
 33.5981828628  31.0388611766 
 48.3293023857  45.6422724211 
 69.5192796178  67.7098790454 
 100.0  98.8721217941 
100000.0 20 
 0.1  0.0999991597497 
 0.143844988829  0.143822339308 
 0.206913808111  0.20591417181 
 0.297635144163  0.262388606334 
 0.428133239872  0.427189608255 
 0.615848211066  0.614788390555 
 0.88586679041  0.884130591007 
 1.2742749857  1.27142787396 
 1.83298071083  1.82831151411 
 2.63665089873  2.6289915918 
 3.79269019073  3.78011999546 
 5.45559478117  5.4349501204 
 7.84759970351  7.81365599845 
 11.2883789168  11.2324778456 
 16.2377673919  16.145484008 
 23.3572146909  23.2043376434 
 33.5981828628  33.3436194379 
 48.3293023857  47.9128865696 
 69.5192796178  69.040846512 
 100.0  99.6659510431 
