0.001 50 
 0.1  0.1 
 0.115139539933  0.115139539933 
 0.132571136559  0.132571136559 
 0.152641796718  0.152641796718 
 0.175751062485  0.175751062485 
 0.202358964773  0.202358964773 
 0.232995181052  0.232995181052 
 0.268269579528  0.268269579528 
 0.308884359648  0.308884359648 
 0.355648030622  0.355648030622 
 0.409491506238  0.409491506238 
 0.471486636346  0.471486636345 
 0.542867543932  0.542867543923 
 0.625055192527  0.62505519191 
 0.719685673001  0.719685599663 
 0.828642772855  0.828629301835 
 0.95409547635  0.95136801271 
 1.09854114199  1.01234247315 
 1.26485521686  1.01397753398 
 1.4563484775  1.01399236872 
 1.67683293681  1.01399310449 
 1.93069772888  1.01399312961 
 2.22299648253  1.01399350159 
 2.5595479227  1.01399153899 
 2.94705170255  1.01399234198 
 3.3932217719  1.01399381205 
 3.90693993705  1.01399383003 
 4.49843266897  1.01399405915 
 5.17947467923  1.01399294453 
 5.96362331659  1.01399276396 
 6.86648845004  1.01399276918 
 7.90604321091  1.01399394679 
 9.10298177992  1.01399422478 
 10.4811313415  1.01399423774 
 12.0679264064  1.01399423921 
 13.8949549437  1.01399256821 
 15.9985871961  1.01399398184 
 18.4206996933  1.01399431318 
 21.2095088792  1.01399393094 
 24.4205309455  1.01399421616 
 28.1176869797  1.01399293785 
 32.3745754282  1.01399386721 
 37.2759372031  1.01399425064 
 42.9193426013  1.01399443422 
 49.4171336132  1.0139939533 
 56.8986602902  1.01399431063 
 65.512855686  1.01399417482 
 75.4312006335  1.01399416579 
 86.8511373751  1.01399386355 
 100.0  1.01399332262 
0.00167683293681 50 
 0.1  0.1 
 0.115139539933  0.115139539933 
 0.132571136559  0.132571136559 
 0.152641796718  0.152641796718 
 0.175751062485  0.175751062485 
 0.202358964773  0.202358964773 
 0.232995181052  0.232995181052 
 0.268269579528  0.268269579528 
 0.308884359648  0.308884359648 
 0.355648030622  0.355648030622 
 0.409491506238  0.409491506238 
 0.471486636346  0.471486636345 
 0.542867543932  0.542867543916 
 0.625055192527  0.625055191492 
 0.719685673001  0.719685549957 
 0.828642772855  0.828620175602 
 0.95409547635  0.949674174835 
 1.09854114199  0.998497788633 
 1.26485521686  0.999464414784 
 1.4563484775  0.999472581561 
 1.67683293681  0.999473305349 
 1.93069772888  0.999473315327 
 2.22299648253  0.999473736944 
 2.5595479227  0.999472437893 
 2.94705170255  0.999472884905 
 3.3932217719  0.999473915545 
 3.90693993705  0.999474345211 
 4.49843266897  0.99947396056 
 5.17947467923  0.999473911181 
 5.96362331659  0.999473116335 
 6.86648845004  0.999473868684 
 7.90604321091  0.999473921557 
 9.10298177992  0.999474068015 
 10.4811313415  0.999473151318 
 12.0679264064  0.999474130447 
 13.8949549437  0.999474096674 
 15.9985871961  0.999473119722 
 18.4206996933  0.999474189391 
 21.2095088792  0.999474171862 
 24.4205309455  0.999474136618 
 28.1176869797  0.999473972184 
 32.3745754282  0.999473934818 
 37.2759372031  0.999473890897 
 42.9193426013  0.99947417071 
 49.4171336132  0.999474173127 
 56.8986602902  0.999473293251 
 65.512855686  0.99947402451 
 75.4312006335  0.999474065971 
 86.8511373751  0.99947311461 
 100.0  0.999473258258 
0.00281176869797 50 
 0.1  0.1 
 0.115139539933  0.115139539933 
 0.132571136559  0.132571136559 
 0.152641796718  0.152641796718 
 0.175751062485  0.175751062485 
 0.202358964773  0.202358964773 
 0.232995181052  0.232995181052 
 0.268269579528  0.268269579528 
 0.308884359648  0.308884359648 
 0.355648030622  0.355648030622 
 0.409491506238  0.409491506238 
 0.471486636346  0.471486636345 
 0.542867543932  0.542867543906 
 0.625055192527  0.62505519079 
 0.719685673001  0.719685466488 
 0.828642772855  0.828604856877 
 0.95409547635  0.947063797582 
 1.09854114199  0.984654570158 
 1.26485521686  0.98522335855 
 1.4563484775  0.985228138404 
 1.67683293681  0.985228398866 
 1.93069772888  0.985228416612 
 2.22299648253  0.9852287952 
 2.5595479227  0.985228579571 
 2.94705170255  0.985228348965 
 3.3932217719  0.985228907438 
 3.90693993705  0.985228885835 
 4.49843266897  0.985228847098 
 5.17947467923  0.985228925926 
 5.96362331659  0.985228902175 
 6.86648845004  0.985228892437 
 7.90604321091  0.985228936562 
 9.10298177992  0.98522824317 
 10.4811313415  0.985229058451 
 12.0679264064  0.98522893536 
 13.8949549437  0.985229014479 
 15.9985871961  0.985228922835 
 18.4206996933  0.985228889632 
 21.2095088792  0.985228951151 
 24.4205309455  0.985228967298 
 28.1176869797  0.985228903227 
 32.3745754282  0.985228968454 
 37.2759372031  0.985228951736 
 42.9193426013  0.985228961995 
 49.4171336132  0.985228327053 
 56.8986602902  0.985228989618 
 65.512855686  0.985228948213 
 75.4312006335  0.98522837809 
 86.8511373751  0.985228278666 
 100.0  0.985228497423 
0.00471486636346 50 
 0.1  0.1 
 0.115139539933  0.115139539933 
 0.132571136559  0.132571136559 
 0.152641796718  0.152641796718 
 0.175751062485  0.175751062485 
 0.202358964773  0.202358964773 
 0.232995181052  0.232995181052 
 0.268269579528  0.268269579528 
 0.308884359648  0.308884359648 
 0.355648030622  0.355648030622 
 0.409491506238  0.409491506238 
 0.471486636346  0.471486636344 
 0.542867543932  0.542867543887 
 0.625055192527  0.62505518961 
 0.719685673001  0.719685326181 
 0.828642772855  0.828579126316 
 0.95409547635  0.943209020648 
 1.09854114199  0.970901555026 
 1.26485521686  0.97123502875 
 1.4563484775  0.971237773734 
 1.67683293681  0.971237942765 
 1.93069772888  0.971237951361 
 2.22299648253  0.971238208939 
 2.5595479227  0.971238356397 
 2.94705170255  0.971237912105 
 3.3932217719  0.971238264962 
 3.90693993705  0.971238328407 
 4.49843266897  0.971238301476 
 5.17947467923  0.971238284594 
 5.96362331659  0.971238326883 
 6.86648845004  0.971238271258 
 7.90604321091  0.971237909702 
 9.10298177992  0.971237891292 
 10.4811313415  0.971238376172 
 12.0679264064  0.97123788904 
 13.8949549437  0.971238284681 
 15.9985871961  0.971238303018 
 18.4206996933  0.971238298479 
 21.2095088792  0.97123789741 
 24.4205309455  0.971238382434 
 28.1176869797  0.971238357933 
 32.3745754282  0.971238355323 
 37.2759372031  0.971238325688 
 42.9193426013  0.9712384681 
 49.4171336132  0.971238419687 
 56.8986602902  0.97123791975 
 65.512855686  0.971237886543 
 75.4312006335  0.971237994057 
 86.8511373751  0.971237933753 
 100.0  0.971237921619 
0.00790604321091 50 
 0.1  0.1 
 0.115139539933  0.115139539933 
 0.132571136559  0.132571136559 
 0.152641796718  0.152641796718 
 0.175751062485  0.175751062485 
 0.202358964773  0.202358964773 
 0.232995181052  0.232995181052 
 0.268269579528  0.268269579528 
 0.308884359648  0.308884359648 
 0.355648030622  0.355648030622 
 0.409491506238  0.409491506238 
 0.471486636346  0.471486636344 
 0.542867543932  0.542867543857 
 0.625055192527  0.625055187623 
 0.719685673001  0.719685089945 
 0.828642772855  0.828535858381 
 0.95409547635  0.937821393879 
 1.09854114199  0.957280993628 
 1.26485521686  0.957475969061 
 1.4563484775  0.957477508478 
 1.67683293681  0.957477605769 
 1.93069772888  0.957477607394 
 2.22299648253  0.957477557901 
 2.5595479227  0.95747786414 
 2.94705170255  0.957477863611 
 3.3932217719  0.95747785458 
 3.90693993705  0.957477849723 
 4.49843266897  0.957477595796 
 5.17947467923  0.957477582366 
 5.96362331659  0.957477885926 
 6.86648845004  0.957477865051 
 7.90604321091  0.95747782811 
 9.10298177992  0.957477882744 
 10.4811313415  0.957477868674 
 12.0679264064  0.957477856062 
 13.8949549437  0.957477874879 
 15.9985871961  0.957477845074 
 18.4206996933  0.957477837445 
 21.2095088792  0.957477929864 
 24.4205309455  0.957477889694 
 28.1176869797  0.957477569221 
 32.3745754282  0.95747786879 
 37.2759372031  0.95747788403 
 42.9193426013  0.957477611295 
 49.4171336132  0.957477836311 
 56.8986602902  0.957477867585 
 65.512855686  0.957477621033 
 75.4312006335  0.957477610344 
 86.8511373751  0.957477877143 
 100.0  0.957477593282 
0.0132571136559 50 
 0.1  0.1 
 0.115139539933  0.115139539933 
 0.132571136559  0.132571136559 
 0.152641796718  0.152641796718 
 0.175751062485  0.175751062485 
 0.202358964773  0.202358964773 
 0.232995181052  0.232995181052 
 0.268269579528  0.268269579528 
 0.308884359648  0.308884359648 
 0.355648030622  0.355648030622 
 0.409491506238  0.409491506238 
 0.471486636346  0.471486636342 
 0.542867543932  0.542867543805 
 0.625055192527  0.62505518427 
 0.719685673001  0.719684691106 
 0.828642772855  0.828462964672 
 0.95409547635  0.93075564442 
 1.09854114199  0.943801646913 
 1.26485521686  0.94391528259 
 1.4563484775  0.943916143184 
 1.67683293681  0.943916203888 
 1.93069772888  0.943916206342 
 2.22299648253  0.943916174137 
 2.5595479227  0.943916180016 
 2.94705170255  0.943916159075 
 3.3932217719  0.943916319566 
 3.90693993705  0.943916312933 
 4.49843266897  0.943916171405 
 5.17947467923  0.943916191218 
 5.96362331659  0.943916316121 
 6.86648845004  0.943916384826 
 7.90604321091  0.943916384931 
 9.10298177992  0.943916189128 
 10.4811313415  0.943916194934 
 12.0679264064  0.943916391321 
 13.8949549437  0.943916393352 
 15.9985871961  0.943916193881 
 18.4206996933  0.943916319868 
 21.2095088792  0.943916332462 
 24.4205309455  0.943916338347 
 28.1176869797  0.943916427217 
 32.3745754282  0.943916187582 
 37.2759372031  0.943916357597 
 42.9193426013  0.943916184703 
 49.4171336132  0.943916233545 
 56.8986602902  0.943916177394 
 65.512855686  0.943916206729 
 75.4312006335  0.943916206764 
 86.8511373751  0.9439163363 
 100.0  0.943916209571 
0.0222299648253 50 
 0.1  0.1 
 0.115139539933  0.115139539933 
 0.132571136559  0.132571136559 
 0.152641796718  0.152641796718 
 0.175751062485  0.175751062485 
 0.202358964773  0.202358964773 
 0.232995181052  0.232995181052 
 0.268269579528  0.268269579528 
 0.308884359648  0.308884359648 
 0.355648030622  0.355648030622 
 0.409491506238  0.409491506238 
 0.471486636346  0.471486636339 
 0.542867543932  0.542867543718 
 0.625055192527  0.625055178586 
 0.719685673001  0.719684014697 
 0.828642772855  0.828339788899 
 0.95409547635  0.922070479372 
 1.09854114199  0.930445161761 
 1.26485521686  0.930511056266 
 1.4563484775  0.930511584751 
 1.67683293681  0.930511674456 
 1.93069772888  0.93051167571 
 2.22299648253  0.930511591592 
 2.5595479227  0.930511603622 
 2.94705170255  0.93051160158 
 3.3932217719  0.930511603578 
 3.90693993705  0.930511680459 
 4.49843266897  0.930511593552 
 5.17947467923  0.93051161488 
 5.96362331659  0.930511615076 
 6.86648845004  0.930511690748 
 7.90604321091  0.930511692369 
 9.10298177992  0.930511695624 
 10.4811313415  0.930511695908 
 12.0679264064  0.930511696582 
 13.8949549437  0.930511685815 
 15.9985871961  0.930511607444 
 18.4206996933  0.930511700172 
 21.2095088792  0.930511676243 
 24.4205309455  0.93051168047 
 28.1176869797  0.930511689113 
 32.3745754282  0.930511610796 
 37.2759372031  0.93051160276 
 42.9193426013  0.930511569075 
 49.4171336132  0.930511622096 
 56.8986602902  0.930511607727 
 65.512855686  0.930511604481 
 75.4312006335  0.930511697232 
 86.8511373751  0.93051160614 
 100.0  0.930511559038 
0.0372759372031 50 
 0.1  0.1 
 0.115139539933  0.115139539933 
 0.132571136559  0.132571136559 
 0.152641796718  0.152641796718 
 0.175751062485  0.175751062485 
 0.202358964773  0.202358964773 
 0.232995181052  0.232995181052 
 0.268269579528  0.268269579528 
 0.308884359648  0.308884359648 
 0.355648030622  0.355648030622 
 0.409491506238  0.409491506237 
 0.471486636346  0.471486636335 
 0.542867543932  0.542867543568 
 0.625055192527  0.625055168883 
 0.719685673001  0.719682859039 
 0.828642772855  0.828130644823 
 0.95409547635  0.911990545957 
 1.09854114199  0.917166191956 
 1.26485521686  0.917204119587 
 1.4563484775  0.917204424913 
 1.67683293681  0.917204429664 
 1.93069772888  0.917204431557 
 2.22299648253  0.917204427131 
 2.5595479227  0.917204467522 
 2.94705170255  0.917204431815 
 3.3932217719  0.917204459124 
 3.90693993705  0.917204481464 
 4.49843266897  0.917204444673 
 5.17947467923  0.917204428229 
 5.96362331659  0.91720447623 
 6.86648845004  0.917204446709 
 7.90604321091  0.917204437721 
 9.10298177992  0.917204428338 
 10.4811313415  0.917204434484 
 12.0679264064  0.91720445321 
 13.8949549437  0.917204427287 
 15.9985871961  0.917204447456 
 18.4206996933  0.917204451164 
 21.2095088792  0.917204483094 
 24.4205309455  0.917204431081 
 28.1176869797  0.917204406678 
 32.3745754282  0.91720441231 
 37.2759372031  0.917204416558 
 42.9193426013  0.917204437014 
 49.4171336132  0.917204416783 
 56.8986602902  0.917204454087 
 65.512855686  0.917204446968 
 75.4312006335  0.917204408723 
 86.8511373751  0.917204422095 
 100.0  0.91720436906 
0.0625055192527 50 
 0.1  0.1 
 0.115139539933  0.115139539933 
 0.132571136559  0.132571136559 
 0.152641796718  0.152641796718 
 0.175751062485  0.175751062485 
 0.202358964773  0.202358964773 
 0.232995181052  0.232995181052 
 0.268269579528  0.268269579528 
 0.308884359648  0.308884359648 
 0.355648030622  0.355648030622 
 0.409491506238  0.409491506237 
 0.471486636346  0.471486636327 
 0.542867543932  0.542867543311 
 0.625055192527  0.625055152129 
 0.719685673001  0.719680860944 
 0.828642772855  0.827772912994 
 0.95409547635  0.900793934306 
 1.09854114199  0.903887491796 
 1.26485521686  0.903909082206 
 1.4563484775  0.903909255841 
 1.67683293681  0.903909252298 
 1.93069772888  0.903909252673 
 2.22299648253  0.903909258601 
 2.5595479227  0.903909252775 
 2.94705170255  0.903909279656 
 3.3932217719  0.903909278938 
 3.90693993705  0.903909253156 
 4.49843266897  0.903909252738 
 5.17947467923  0.903909253717 
 5.96362331659  0.903909253268 
 6.86648845004  0.903909255043 
 7.90604321091  0.903909262955 
 9.10298177992  0.90390925222 
 10.4811313415  0.903909253096 
 12.0679264064  0.903909252661 
 13.8949549437  0.903909241392 
 15.9985871961  0.903909254367 
 18.4206996933  0.903909238236 
 21.2095088792  0.903909238226 
 24.4205309455  0.90390924127 
 28.1176869797  0.903909257741 
 32.3745754282  0.903909242297 
 37.2759372031  0.903909237677 
 42.9193426013  0.90390925445 
 49.4171336132  0.903909266047 
 56.8986602902  0.903909244599 
 65.512855686  0.903909241709 
 75.4312006335  0.903909269067 
 86.8511373751  0.903909238841 
 100.0  0.90390925454 
0.104811313415 50 
 0.1  0.1 
 0.115139539933  0.115139539933 
 0.132571136559  0.132571136559 
 0.152641796718  0.152641796718 
 0.175751062485  0.175751062485 
 0.202358964773  0.202358964773 
 0.232995181052  0.232995181052 
 0.268269579528  0.268269579528 
 0.308884359648  0.308884359648 
 0.355648030622  0.355648030622 
 0.409491506238  0.409491506236 
 0.471486636346  0.471486636314 
 0.542867543932  0.542867542858 
 0.625055192527  0.625055122673 
 0.719685673001  0.719677341121 
 0.828642772855  0.827154564735 
 0.95409547635  0.888700668225 
 1.09854114199  0.890491665317 
 1.26485521686  0.890503734029 
 1.4563484775  0.890503822872 
 1.67683293681  0.890503825523 
 1.93069772888  0.890503825981 
 2.22299648253  0.890503825773 
 2.5595479227  0.890503827876 
 2.94705170255  0.890503850055 
 3.3932217719  0.890503844116 
 3.90693993705  0.890503829755 
 4.49843266897  0.890503829834 
 5.17947467923  0.890503827139 
 5.96362331659  0.890503827931 
 6.86648845004  0.890503846568 
 7.90604321091  0.890503827558 
 9.10298177992  0.890503829014 
 10.4811313415  0.890503818327 
 12.0679264064  0.890503829061 
 13.8949549437  0.890503833221 
 15.9985871961  0.890503817709 
 18.4206996933  0.890503813052 
 21.2095088792  0.89050383518 
 24.4205309455  0.890503823134 
 28.1176869797  0.890503821015 
 32.3745754282  0.890503817256 
 37.2759372031  0.890503824497 
 42.9193426013  0.890503817638 
 49.4171336132  0.890503830527 
 56.8986602902  0.89050381819 
 65.512855686  0.890503801859 
 75.4312006335  0.890503823804 
 86.8511373751  0.890503823807 
 100.0  0.890503826261 
0.175751062485 50 
 0.1  0.1 
 0.115139539933  0.115139539933 
 0.132571136559  0.132571136559 
 0.152641796718  0.152641796718 
 0.175751062485  0.175751062485 
 0.202358964773  0.202358964773 
 0.232995181052  0.232995181052 
 0.268269579528  0.268269579528 
 0.308884359648  0.308884359648 
 0.355648030622  0.355648030622 
 0.409491506238  0.409491506236 
 0.471486636346  0.47148663629 
 0.542867543932  0.542867542042 
 0.625055192527  0.625055069455 
 0.719685673001  0.719670963072 
 0.828642772855  0.826071572351 
 0.95409547635  0.875811135804 
 1.09854114199  0.876812550636 
 1.26485521686  0.87681911404 
 1.4563484775  0.876819161511 
 1.67683293681  0.876819166963 
 1.93069772888  0.876819167635 
 2.22299648253  0.876819167231 
 2.5595479227  0.876819163746 
 2.94705170255  0.876819163931 
 3.3932217719  0.876819164026 
 3.90693993705  0.87681917088 
 4.49843266897  0.87681917064 
 5.17947467923  0.876819165012 
 5.96362331659  0.876819166669 
 6.86648845004  0.876819165052 
 7.90604321091  0.87681917893 
 9.10298177992  0.876819165091 
 10.4811313415  0.876819161735 
 12.0679264064  0.876819169806 
 13.8949549437  0.876819160748 
 15.9985871961  0.876819156679 
 18.4206996933  0.876819158378 
 21.2095088792  0.876819158099 
 24.4205309455  0.876819161251 
 28.1176869797  0.876819162566 
 32.3745754282  0.876819160032 
 37.2759372031  0.876819160577 
 42.9193426013  0.876819159584 
 49.4171336132  0.87681915881 
 56.8986602902  0.876819151322 
 65.512855686  0.87681916237 
 75.4312006335  0.876819160457 
 86.8511373751  0.8768191585 
 100.0  0.876819159735 
0.294705170255 50 
 0.1  0.1 
 0.115139539933  0.115139539933 
 0.132571136559  0.132571136559 
 0.152641796718  0.152641796718 
 0.175751062485  0.175751062485 
 0.202358964773  0.202358964773 
 0.232995181052  0.232995181052 
 0.268269579528  0.268269579528 
 0.308884359648  0.308884359648 
 0.355648030622  0.355648030622 
 0.409491506238  0.409491506236 
 0.471486636346  0.471486636245 
 0.542867543932  0.542867540513 
 0.625055192527  0.625054969459 
 0.719685673001  0.719658931497 
 0.828642772855  0.824151851845 
 0.95409547635  0.862097981033 
 1.09854114199  0.862634921249 
 1.26485521686  0.86263836306 
 1.4563484775  0.862638385013 
 1.67683293681  0.862638384907 
 1.93069772888  0.862638386159 
 2.22299648253  0.862638385238 
 2.5595479227  0.862638386715 
 2.94705170255  0.86263838657 
 3.3932217719  0.862638383611 
 3.90693993705  0.8626383856 
 4.49843266897  0.862638384785 
 5.17947467923  0.862638390028 
 5.96362331659  0.862638384149 
 6.86648845004  0.862638381696 
 7.90604321091  0.862638383399 
 9.10298177992  0.86263838742 
 10.4811313415  0.862638384033 
 12.0679264064  0.862638378014 
 13.8949549437  0.862638374957 
 15.9985871961  0.862638389566 
 18.4206996933  0.862638383445 
 21.2095088792  0.862638385601 
 24.4205309455  0.862638389312 
 28.1176869797  0.862638372105 
 32.3745754282  0.862638383434 
 37.2759372031  0.862638384938 
 42.9193426013  0.862638385904 
 49.4171336132  0.862638385309 
 56.8986602902  0.862638378596 
 65.512855686  0.862638371432 
 75.4312006335  0.862638381469 
 86.8511373751  0.862638382864 
 100.0  0.86263838848 
0.494171336132 50 
 0.1  0.1 
 0.115139539933  0.115139539933 
 0.132571136559  0.132571136559 
 0.152641796718  0.152641796718 
 0.175751062485  0.175751062485 
 0.202358964773  0.202358964773 
 0.232995181052  0.232995181052 
 0.268269579528  0.268269579528 
 0.308884359648  0.308884359648 
 0.355648030622  0.355648030622 
 0.409491506238  0.409491506236 
 0.471486636346  0.471486636156 
 0.542867543932  0.542867537498 
 0.625055192527  0.625054771531 
 0.719685673001  0.719635006022 
 0.828642772855  0.820747593323 
 0.95409547635  0.847441891514 
 1.09854114199  0.847715315967 
 1.26485521686  0.847717034528 
 1.4563484775  0.84771703917 
 1.67683293681  0.847717044425 
 1.93069772888  0.847717044517 
 2.22299648253  0.847717047989 
 2.5595479227  0.847717049974 
 2.94705170255  0.847717044725 
 3.3932217719  0.847717040591 
 3.90693993705  0.847717051083 
 4.49843266897  0.84771704603 
 5.17947467923  0.84771704183 
 5.96362331659  0.847717041557 
 6.86648845004  0.847717042048 
 7.90604321091  0.847717033531 
 9.10298177992  0.847717044977 
 10.4811313415  0.847717032403 
 12.0679264064  0.84771704136 
 13.8949549437  0.847717041411 
 15.9985871961  0.847717032446 
 18.4206996933  0.847717040214 
 21.2095088792  0.847717032421 
 24.4205309455  0.84771704411 
 28.1176869797  0.847717043463 
 32.3745754282  0.847717041566 
 37.2759372031  0.847717044631 
 42.9193426013  0.847717042765 
 49.4171336132  0.847717037683 
 56.8986602902  0.847717035952 
 65.512855686  0.847717047208 
 75.4312006335  0.847717042586 
 86.8511373751  0.847717032949 
 100.0  0.847717046343 
0.828642772855 50 
 0.1  0.1 
 0.115139539933  0.115139539933 
 0.132571136559  0.132571136559 
 0.152641796718  0.152641796718 
 0.175751062485  0.175751062485 
 0.202358964773  0.202358964773 
 0.232995181052  0.232995181052 
 0.268269579528  0.268269579528 
 0.308884359648  0.308884359648 
 0.355648030622  0.355648030622 
 0.409491506238  0.409491506231 
 0.471486636346  0.471486635971 
 0.542867543932  0.542867531169 
 0.625055192527  0.625054354594 
 0.719685673001  0.71958438577 
 0.828642772855  0.814888249167 
 0.95409547635  0.831703491333 
 1.09854114199  0.83183454423 
 1.26485521686  0.831835352252 
 1.4563484775  0.831835361557 
 1.67683293681  0.831835358056 
 1.93069772888  0.831835360995 
 2.22299648253  0.831835359694 
 2.5595479227  0.831835361062 
 2.94705170255  0.831835357487 
 3.3932217719  0.831835366098 
 3.90693993705  0.831835362142 
 4.49843266897  0.831835359061 
 5.17947467923  0.831835358284 
 5.96362331659  0.831835361733 
 6.86648845004  0.831835357601 
 7.90604321091  0.831835362036 
 9.10298177992  0.831835359588 
 10.4811313415  0.831835358926 
 12.0679264064  0.831835359396 
 13.8949549437  0.831835359699 
 15.9985871961  0.831835349368 
 18.4206996933  0.831835359546 
 21.2095088792  0.831835359339 
 24.4205309455  0.831835349202 
 28.1176869797  0.83183535916 
 32.3745754282  0.831835359434 
 37.2759372031  0.831835354518 
 42.9193426013  0.831835351901 
 49.4171336132  0.831835353755 
 56.8986602902  0.831835351919 
 65.512855686  0.831835352251 
 75.4312006335  0.831835360115 
 86.8511373751  0.831835347803 
 100.0  0.831835349234 
1.38949549437 50 
 0.1  0.1 
 0.115139539933  0.115139539933 
 0.132571136559  0.132571136559 
 0.152641796718  0.152641796718 
 0.175751062485  0.175751062485 
 0.202358964773  0.202358964773 
 0.232995181052  0.232995181052 
 0.268269579528  0.268269579528 
 0.308884359648  0.308884359647 
 0.355648030622  0.355648030621 
 0.409491506238  0.409491506195 
 0.471486636346  0.471486635556 
 0.542867543932  0.542867516984 
 0.625055192527  0.625053416396 
 0.719685673001  0.719470245059 
 0.828642772855  0.805558689412 
 0.95409547635  0.814812635389 
 1.09854114199  0.814871502848 
 1.26485521686  0.814871861449 
 1.4563484775  0.814871857581 
 1.67683293681  0.814871858215 
 1.93069772888  0.814871858381 
 2.22299648253  0.814871860573 
 2.5595479227  0.814871858681 
 2.94705170255  0.814871857915 
 3.3932217719  0.814871860747 
 3.90693993705  0.814871862917 
 4.49843266897  0.814871858729 
 5.17947467923  0.814871857069 
 5.96362331659  0.814871858968 
 6.86648845004  0.814871858626 
 7.90604321091  0.814871857018 
 9.10298177992  0.81487186044 
 10.4811313415  0.81487185747 
 12.0679264064  0.814871860504 
 13.8949549437  0.814871857468 
 15.9985871961  0.814871857161 
 18.4206996933  0.814871858556 
 21.2095088792  0.814871855968 
 24.4205309455  0.814871859165 
 28.1176869797  0.814871854694 
 32.3745754282  0.81487185671 
 37.2759372031  0.814871846631 
 42.9193426013  0.814871858242 
 49.4171336132  0.81487185136 
 56.8986602902  0.81487185804 
 65.512855686  0.814871857526 
 75.4312006335  0.814871856198 
 86.8511373751  0.814871857126 
 100.0  0.814871858238 
2.32995181052 50 
 0.1  0.1 
 0.115139539933  0.115139539933 
 0.132571136559  0.132571136559 
 0.152641796718  0.152641796718 
 0.175751062485  0.175751062485 
 0.202358964773  0.202358964773 
 0.232995181052  0.232995181052 
 0.268269579528  0.268269579528 
 0.308884359648  0.30888435965 
 0.355648030622  0.355648030617 
 0.409491506238  0.409491506141 
 0.471486636346  0.471486634569 
 0.542867543932  0.542867483155 
 0.625055192527  0.62505117142 
 0.719685673001  0.719198289429 
 0.828642772855  0.79239502809 
 0.95409547635  0.79683241552 
 1.09854114199  0.79685724947 
 1.26485521686  0.796857404738 
 1.4563484775  0.796857403196 
 1.67683293681  0.79685740405 
 1.93069772888  0.796857401045 
 2.22299648253  0.796857400774 
 2.5595479227  0.796857400358 
 2.94705170255  0.796857400891 
 3.3932217719  0.796857400181 
 3.90693993705  0.796857400383 
 4.49843266897  0.796857398116 
 5.17947467923  0.796857401115 
 5.96362331659  0.796857401046 
 6.86648845004  0.79685739882 
 7.90604321091  0.796857400705 
 9.10298177992  0.796857397942 
 10.4811313415  0.796857401612 
 12.0679264064  0.796857401666 
 13.8949549437  0.796857391011 
 15.9985871961  0.796857400925 
 18.4206996933  0.796857398884 
 21.2095088792  0.796857391332 
 24.4205309455  0.796857391738 
 28.1176869797  0.796857392948 
 32.3745754282  0.79685740022 
 37.2759372031  0.796857395459 
 42.9193426013  0.796857398723 
 49.4171336132  0.796857392636 
 56.8986602902  0.796857398207 
 65.512855686  0.7968573997 
 75.4312006335  0.796857397498 
 86.8511373751  0.796857397551 
 100.0  0.796857402301 
3.90693993705 50 
 0.1  0.1 
 0.115139539933  0.115139539933 
 0.132571136559  0.132571136559 
 0.152641796718  0.152641796718 
 0.175751062485  0.175751062486 
 0.202358964773  0.202358964773 
 0.232995181052  0.232995181052 
 0.268269579528  0.268269579528 
 0.308884359648  0.308884359653 
 0.355648030622  0.355648030601 
 0.409491506238  0.409491506007 
 0.471486636346  0.471486632097 
 0.542867543932  0.54286739823 
 0.625055192527  0.625045522016 
 0.719685673001  0.718527001605 
 0.828642772855  0.776058201976 
 0.95409547635  0.777957937964 
 1.09854114199  0.777967865681 
 1.26485521686  0.77796792546 
 1.4563484775  0.777967926224 
 1.67683293681  0.777967924245 
 1.93069772888  0.777967923442 
 2.22299648253  0.777967922872 
 2.5595479227  0.777967921839 
 2.94705170255  0.777967923265 
 3.3932217719  0.777967921787 
 3.90693993705  0.777967923521 
 4.49843266897  0.7779679219 
 5.17947467923  0.777967919737 
 5.96362331659  0.777967921889 
 6.86648845004  0.7779679225 
 7.90604321091  0.777967915051 
 9.10298177992  0.777967918375 
 10.4811313415  0.777967921746 
 12.0679264064  0.777967915728 
 13.8949549437  0.777967916017 
 15.9985871961  0.777967919077 
 18.4206996933  0.777967921755 
 21.2095088792  0.777967919847 
 24.4205309455  0.777967920038 
 28.1176869797  0.77796792269 
 32.3745754282  0.777967921672 
 37.2759372031  0.777967922781 
 42.9193426013  0.777967921797 
 49.4171336132  0.777967922827 
 56.8986602902  0.777967923032 
 65.512855686  0.777967922492 
 75.4312006335  0.777967919562 
 86.8511373751  0.777967922622 
 100.0  0.777967921702 
6.5512855686 50 
 0.1  0.1 
 0.115139539933  0.115139539933 
 0.132571136559  0.132571136559 
 0.152641796718  0.152641796718 
 0.175751062485  0.175751062486 
 0.202358964773  0.202358964772 
 0.232995181052  0.232995181053 
 0.268269579528  0.268269579527 
 0.308884359648  0.308884359654 
 0.355648030622  0.355648030568 
 0.409491506238  0.409491505655 
 0.471486636346  0.471486625656 
 0.542867543932  0.542867176836 
 0.625055192527  0.62503077413 
 0.719685673001  0.716868902427 
 0.828642772855  0.75770547553 
 0.95409547635  0.758458364397 
 1.09854114199  0.758462179749 
 1.26485521686  0.758462203031 
 1.4563484775  0.758462204565 
 1.67683293681  0.758462201133 
 1.93069772888  0.758462199382 
 2.22299648253  0.758462203798 
 2.5595479227  0.758462199854 
 2.94705170255  0.758462204009 
 3.3932217719  0.758462201486 
 3.90693993705  0.758462202358 
 4.49843266897  0.758462199714 
 5.17947467923  0.758462199554 
 5.96362331659  0.758462199569 
 6.86648845004  0.758462199351 
 7.90604321091  0.758462195926 
 9.10298177992  0.758462200148 
 10.4811313415  0.758462200119 
 12.0679264064  0.758462198626 
 13.8949549437  0.758462199496 
 15.9985871961  0.758462191376 
 18.4206996933  0.758462200279 
 21.2095088792  0.758462191383 
 24.4205309455  0.758462199382 
 28.1176869797  0.758462197371 
 32.3745754282  0.758462199378 
 37.2759372031  0.75846219929 
 42.9193426013  0.758462200237 
 49.4171336132  0.758462199426 
 56.8986602902  0.758462199542 
 65.512855686  0.758462199137 
 75.4312006335  0.758462200416 
 86.8511373751  0.758462200277 
 100.0  0.758462200643 
10.9854114199 50 
 0.1  0.1 
 0.115139539933  0.115139539933 
 0.132571136559  0.132571136559 
 0.152641796718  0.152641796718 
 0.175751062485  0.175751062486 
 0.202358964773  0.202358964773 
 0.232995181052  0.232995181053 
 0.268269579528  0.268269579526 
 0.308884359648  0.308884359646 
 0.355648030622  0.35564803048 
 0.409491506238  0.409491504728 
 0.471486636346  0.471486608463 
 0.542867543932  0.542866585785 
 0.625055192527  0.62499141081 
 0.719685673001  0.713009370415 
 0.828642772855  0.738330834848 
 0.95409547635  0.738616111341 
 1.09854114199  0.73861754291 
 1.26485521686  0.738617548646 
 1.4563484775  0.73861755347 
 1.67683293681  0.738617552179 
 1.93069772888  0.738617552549 
 2.22299648253  0.738617552555 
 2.5595479227  0.738617547372 
 2.94705170255  0.738617549869 
 3.3932217719  0.73861755051 
 3.90693993705  0.73861754763 
 4.49843266897  0.738617549073 
 5.17947467923  0.738617549074 
 5.96362331659  0.738617550465 
 6.86648845004  0.738617549169 
 7.90604321091  0.738617548586 
 9.10298177992  0.738617544856 
 10.4811313415  0.738617545404 
 12.0679264064  0.73861754502 
 13.8949549437  0.738617547936 
 15.9985871961  0.738617546169 
 18.4206996933  0.738617551135 
 21.2095088792  0.7386175504 
 24.4205309455  0.738617548124 
 28.1176869797  0.738617546697 
 32.3745754282  0.73861754537 
 37.2759372031  0.738617550395 
 42.9193426013  0.738617548113 
 49.4171336132  0.738617550139 
 56.8986602902  0.73861754403 
 65.512855686  0.738617550396 
 75.4312006335  0.738617547616 
 86.8511373751  0.738617546081 
 100.0  0.738617551162 
18.4206996933 50 
 0.1  0.1 
 0.115139539933  0.115139539933 
 0.132571136559  0.132571136559 
 0.152641796718  0.152641796718 
 0.175751062485  0.175751062485 
 0.202358964773  0.202358964775 
 0.232995181052  0.232995181053 
 0.268269579528  0.26826957953 
 0.308884359648  0.308884359592 
 0.355648030622  0.355648030244 
 0.409491506238  0.40949150223 
 0.471486636346  0.471486562208 
 0.542867543932  0.542864993928 
 0.625055192527  0.624885745905 
 0.719685673001  0.705276745924 
 0.828642772855  0.718610477508 
 0.95409547635  0.718716548485 
 1.09854114199  0.718717082645 
 1.26485521686  0.718717084776 
 1.4563484775  0.718717084133 
 1.67683293681  0.718717085606 
 1.93069772888  0.718717080196 
 2.22299648253  0.718717081067 
 2.5595479227  0.718717086785 
 2.94705170255  0.718717080941 
 3.3932217719  0.718717082836 
 3.90693993705  0.718717080737 
 4.49843266897  0.71871708262 
 5.17947467923  0.718717078739 
 5.96362331659  0.718717082578 
 6.86648845004  0.718717083482 
 7.90604321091  0.718717081614 
 9.10298177992  0.718717084052 
 10.4811313415  0.71871708197 
 12.0679264064  0.718717080583 
 13.8949549437  0.718717078859 
 15.9985871961  0.718717083118 
 18.4206996933  0.718717078844 
 21.2095088792  0.718717078857 
 24.4205309455  0.718717082228 
 28.1176869797  0.718717078886 
 32.3745754282  0.718717081236 
 37.2759372031  0.718717082675 
 42.9193426013  0.718717078899 
 49.4171336132  0.718717082252 
 56.8986602902  0.718717083122 
 65.512855686  0.718717083276 
 75.4312006335  0.718717083393 
 86.8511373751  0.718717082401 
 100.0  0.718717082725 
30.8884359648 50 
 0.1  0.1 
 0.115139539933  0.115139539933 
 0.132571136559  0.13257113656 
 0.152641796718  0.152641796718 
 0.175751062485  0.175751062486 
 0.202358964773  0.202358964778 
 0.232995181052  0.232995181049 
 0.268269579528  0.268269579496 
 0.308884359648  0.3088843595 
 0.355648030622  0.355648029628 
 0.409491506238  0.409491495537 
 0.471486636346  0.471486439157 
 0.542867543932  0.542860762312 
 0.625055192527  0.624607783661 
 0.719685673001  0.693015994046 
 0.828642772855  0.699083182734 
 0.95409547635  0.699122953522 
 1.09854114199  0.699123152449 
 1.26485521686  0.699123156356 
 1.4563484775  0.699123156397 
 1.67683293681  0.699123156736 
 1.93069772888  0.69912315719 
 2.22299648253  0.699123156367 
 2.5595479227  0.699123157573 
 2.94705170255  0.699123152828 
 3.3932217719  0.69912315697 
 3.90693993705  0.699123157162 
 4.49843266897  0.699123156866 
 5.17947467923  0.699123151574 
 5.96362331659  0.699123155903 
 6.86648845004  0.699123155869 
 7.90604321091  0.699123156848 
 9.10298177992  0.69912315699 
 10.4811313415  0.699123157028 
 12.0679264064  0.699123156044 
 13.8949549437  0.699123156853 
 15.9985871961  0.699123156954 
 18.4206996933  0.699123157753 
 21.2095088792  0.699123155345 
 24.4205309455  0.699123156295 
 28.1176869797  0.699123153527 
 32.3745754282  0.699123151761 
 37.2759372031  0.699123155952 
 42.9193426013  0.699123154588 
 49.4171336132  0.699123155016 
 56.8986602902  0.699123156385 
 65.512855686  0.69912315633 
 75.4312006335  0.69912315446 
 86.8511373751  0.699123154691 
 100.0  0.699123155838 
51.7947467923 50 
 0.1  0.100000000001 
 0.115139539933  0.115139539934 
 0.132571136559  0.13257113656 
 0.152641796718  0.152641796717 
 0.175751062485  0.175751062489 
 0.202358964773  0.202358964778 
 0.232995181052  0.232995181019 
 0.268269579528  0.268269579465 
 0.308884359648  0.308884359266 
 0.355648030622  0.355648028063 
 0.409491506238  0.409491478426 
 0.471486636346  0.471486127672 
 0.542867543932  0.542850105743 
 0.625055192527  0.623926762071 
 0.719685673001  0.677849401594 
 0.828642772855  0.680437163461 
 0.95409547635  0.680452833653 
 1.09854114199  0.68045291345 
 1.26485521686  0.680452915602 
 1.4563484775  0.680452916407 
 1.67683293681  0.680452913396 
 1.93069772888  0.680452914234 
 2.22299648253  0.680452914536 
 2.5595479227  0.680452913645 
 2.94705170255  0.680452913904 
 3.3932217719  0.680452913689 
 3.90693993705  0.68045291575 
 4.49843266897  0.680452913813 
 5.17947467923  0.680452913699 
 5.96362331659  0.680452913696 
 6.86648845004  0.680452914422 
 7.90604321091  0.680452913762 
 9.10298177992  0.680452913619 
 10.4811313415  0.680452913754 
 12.0679264064  0.680452913702 
 13.8949549437  0.680452913816 
 15.9985871961  0.6804529134 
 18.4206996933  0.680452916766 
 21.2095088792  0.680452916991 
 24.4205309455  0.680452916697 
 28.1176869797  0.680452913698 
 32.3745754282  0.680452915689 
 37.2759372031  0.680452913848 
 42.9193426013  0.68045291367 
 49.4171336132  0.680452913375 
 56.8986602902  0.680452915755 
 65.512855686  0.680452914019 
 75.4312006335  0.680452916661 
 86.8511373751  0.680452917711 
 100.0  0.680452911145 
86.8511373751 50 
 0.1  0.100000000002 
 0.115139539933  0.115139539934 
 0.132571136559  0.132571136557 
 0.152641796718  0.152641796709 
 0.175751062485  0.175751062479 
 0.202358964773  0.202358964755 
 0.232995181052  0.232995180992 
 0.268269579528  0.268269579372 
 0.308884359648  0.30888435903 
 0.355648030622  0.355648025002 
 0.409491506238  0.409491441467 
 0.471486636346  0.471485440006 
 0.542867543932  0.542826553865 
 0.625055192527  0.622506510773 
 0.719685673001  0.662567879833 
 0.828642772855  0.663723672738 
 0.95409547635  0.663730560407 
 1.09854114199  0.663730601378 
 1.26485521686  0.663730597579 
 1.4563484775  0.663730601325 
 1.67683293681  0.663730603234 
 1.93069772888  0.663730598897 
 2.22299648253  0.663730601345 
 2.5595479227  0.663730600748 
 2.94705170255  0.66373059986 
 3.3932217719  0.663730600304 
 3.90693993705  0.66373060041 
 4.49843266897  0.663730600327 
 5.17947467923  0.663730600473 
 5.96362331659  0.663730600336 
 6.86648845004  0.663730601298 
 7.90604321091  0.663730601286 
 9.10298177992  0.663730597455 
 10.4811313415  0.663730595975 
 12.0679264064  0.663730600582 
 13.8949549437  0.663730601658 
 15.9985871961  0.663730601342 
 18.4206996933  0.663730596194 
 21.2095088792  0.663730600245 
 24.4205309455  0.663730601474 
 28.1176869797  0.663730600772 
 32.3745754282  0.663730594954 
 37.2759372031  0.663730598245 
 42.9193426013  0.663730600232 
 49.4171336132  0.663730599978 
 56.8986602902  0.663730597409 
 65.512855686  0.663730604482 
 75.4312006335  0.663730602203 
 86.8511373751  0.663730602023 
 100.0  0.663730597215 
145.63484775 50 
 0.1  0.100000000001 
 0.115139539933  0.115139539926 
 0.132571136559  0.132571136551 
 0.152641796718  0.152641796712 
 0.175751062485  0.17575106248 
 0.202358964773  0.20235896472 
 0.232995181052  0.23299518103 
 0.268269579528  0.268269579184 
 0.308884359648  0.308884358576 
 0.355648030622  0.355648018948 
 0.409491506238  0.409491375416 
 0.471486636346  0.471484209564 
 0.542867543932  0.542784601074 
 0.625055192527  0.620220907096 
 0.719685673001  0.649447342172 
 0.828642772855  0.650038223115 
 0.95409547635  0.650041770951 
 1.09854114199  0.650041800795 
 1.26485521686  0.650041797204 
 1.4563484775  0.650041798187 
 1.67683293681  0.650041796536 
 1.93069772888  0.65004179725 
 2.22299648253  0.650041799883 
 2.5595479227  0.650041802136 
 2.94705170255  0.650041799171 
 3.3932217719  0.650041795884 
 3.90693993705  0.650041796055 
 4.49843266897  0.650041797626 
 5.17947467923  0.650041795612 
 5.96362331659  0.650041792141 
 6.86648845004  0.650041795761 
 7.90604321091  0.65004179621 
 9.10298177992  0.650041797672 
 10.4811313415  0.650041794614 
 12.0679264064  0.650041802115 
 13.8949549437  0.650041801801 
 15.9985871961  0.650041794453 
 18.4206996933  0.650041796665 
 21.2095088792  0.650041796108 
 24.4205309455  0.650041799437 
 28.1176869797  0.650041804328 
 32.3745754282  0.650041801127 
 37.2759372031  0.650041800178 
 42.9193426013  0.650041797367 
 49.4171336132  0.650041794262 
 56.8986602902  0.650041797747 
 65.512855686  0.650041801385 
 75.4312006335  0.650041799725 
 86.8511373751  0.650041801973 
 100.0  0.650041800269 
244.205309455 50 
 0.1  0.0999999999968 
 0.115139539933  0.115139539929 
 0.132571136559  0.13257113656 
 0.152641796718  0.152641796735 
 0.175751062485  0.175751062452 
 0.202358964773  0.202358964709 
 0.232995181052  0.232995180896 
 0.268269579528  0.268269578859 
 0.308884359648  0.308884356683 
 0.355648030622  0.355648011227 
 0.409491506238  0.409491281641 
 0.471486636346  0.471482475404 
 0.542867543932  0.542725987442 
 0.625055192527  0.617429412563 
 0.719685673001  0.639315748827 
 0.828642772855  0.639669974043 
 0.95409547635  0.639672121077 
 1.09854114199  0.639672132547 
 1.26485521686  0.639672140218 
 1.4563484775  0.639672137492 
 1.67683293681  0.639672134284 
 1.93069772888  0.639672129083 
 2.22299648253  0.639672136395 
 2.5595479227  0.639672138435 
 2.94705170255  0.639672136251 
 3.3932217719  0.639672134486 
 3.90693993705  0.639672133696 
 4.49843266897  0.639672128659 
 5.17947467923  0.639672134954 
 5.96362331659  0.639672139002 
 6.86648845004  0.639672135751 
 7.90604321091  0.639672136664 
 9.10298177992  0.639672136172 
 10.4811313415  0.639672135435 
 12.0679264064  0.639672136141 
 13.8949549437  0.639672138079 
 15.9985871961  0.639672142723 
 18.4206996933  0.639672135843 
 21.2095088792  0.639672139775 
 24.4205309455  0.639672140226 
 28.1176869797  0.639672138023 
 32.3745754282  0.639672133356 
 37.2759372031  0.639672139661 
 42.9193426013  0.639672132798 
 49.4171336132  0.639672138088 
 56.8986602902  0.639672139239 
 65.512855686  0.639672141942 
 75.4312006335  0.639672157534 
 86.8511373751  0.639672167445 
 100.0  0.63967218741 
409.491506238 50 
 0.1  0.0999999999968 
 0.115139539933  0.115139539933 
 0.132571136559  0.132571136572 
 0.152641796718  0.152641796713 
 0.175751062485  0.175751062428 
 0.202358964773  0.202358964776 
 0.232995181052  0.232995180884 
 0.268269579528  0.268269578581 
 0.308884359648  0.308884355179 
 0.355648030622  0.355647999325 
 0.409491506238  0.409491169533 
 0.471486636346  0.471480437929 
 0.542867543932  0.542657569736 
 0.625055192527  0.614608487825 
 0.719685673001  0.631755040303 
 0.828642772855  0.631996908796 
 0.95409547635  0.631998387259 
 1.09854114199  0.631998386509 
 1.26485521686  0.63199839316 
 1.4563484775  0.631998394867 
 1.67683293681  0.631998381816 
 1.93069772888  0.631998387434 
 2.22299648253  0.631998393214 
 2.5595479227  0.631998385699 
 2.94705170255  0.631998389538 
 3.3932217719  0.631998385409 
 3.90693993705  0.631998391788 
 4.49843266897  0.631998389685 
 5.17947467923  0.631998387168 
 5.96362331659  0.631998392296 
 6.86648845004  0.631998387764 
 7.90604321091  0.631998385619 
 9.10298177992  0.631998392968 
 10.4811313415  0.631998389835 
 12.0679264064  0.631998395306 
 13.8949549437  0.631998393279 
 15.9985871961  0.631998392222 
 18.4206996933  0.63199838854 
 21.2095088792  0.631998384301 
 24.4205309455  0.631998385351 
 28.1176869797  0.631998391399 
 32.3745754282  0.631998388934 
 37.2759372031  0.631998384362 
 42.9193426013  0.631998396524 
 49.4171336132  0.631998385432 
 56.8986602902  0.631998406017 
 65.512855686  0.631998397956 
 75.4312006335  0.631998390765 
 86.8511373751  0.631998503847 
 100.0  0.631998582475 
686.648845004 50 
 0.1  0.100000000002 
 0.115139539933  0.115139539944 
 0.132571136559  0.132571136554 
 0.152641796718  0.152641796701 
 0.175751062485  0.175751062486 
 0.202358964773  0.202358964894 
 0.232995181052  0.232995180958 
 0.268269579528  0.268269578284 
 0.308884359648  0.30888435339 
 0.355648030622  0.355647987776 
 0.409491506238  0.409491051463 
 0.471486636346  0.471478256825 
 0.542867543932  0.542584932229 
 0.625055192527  0.611995628298 
 0.719685673001  0.626006820239 
 0.828642772855  0.626187611532 
 0.95409547635  0.62618872421 
 1.09854114199  0.626188724913 
 1.26485521686  0.626188723826 
 1.4563484775  0.626188725129 
 1.67683293681  0.626188729429 
 1.93069772888  0.626188731052 
 2.22299648253  0.626188718175 
 2.5595479227  0.626188719984 
 2.94705170255  0.62618872202 
 3.3932217719  0.626188729702 
 3.90693993705  0.626188729566 
 4.49843266897  0.626188730735 
 5.17947467923  0.626188728683 
 5.96362331659  0.626188724897 
 6.86648845004  0.626188729385 
 7.90604321091  0.626188731215 
 9.10298177992  0.626188722049 
 10.4811313415  0.626188718225 
 12.0679264064  0.626188717855 
 13.8949549437  0.626188719174 
 15.9985871961  0.626188717089 
 18.4206996933  0.626188723373 
 21.2095088792  0.626188731888 
 24.4205309455  0.626188718578 
 28.1176869797  0.626188726044 
 32.3745754282  0.626188722102 
 37.2759372031  0.626188728132 
 42.9193426013  0.626188738407 
 49.4171336132  0.62618876304 
 56.8986602902  0.626188738508 
 65.512855686  0.62618878484 
 75.4312006335  0.626188969609 
 86.8511373751  14.3828015782 
 100.0  51.4646412181 
1151.39539933 50 
 0.1  0.100000000015 
 0.115139539933  0.11513953989 
 0.132571136559  0.132571136571 
 0.152641796718  0.152641796712 
 0.175751062485  0.175751062529 
 0.202358964773  0.202358964638 
 0.232995181052  0.232995181056 
 0.268269579528  0.268269577796 
 0.308884359648  0.30888435176 
 0.355648030622  0.355647978301 
 0.409491506238  0.409490927221 
 0.471486636346  0.471476029872 
 0.542867543932  0.542510820564 
 0.625055192527  0.609639572148 
 0.719685673001  0.621471185946 
 0.828642772855  0.621614779424 
 0.95409547635  0.621615659321 
 1.09854114199  0.621615661901 
 1.26485521686  0.621615668817 
 1.4563484775  0.621615656105 
 1.67683293681  0.621615656301 
 1.93069772888  0.621615661901 
 2.22299648253  0.621615660883 
 2.5595479227  0.621615659723 
 2.94705170255  0.621615670805 
 3.3932217719  0.621615663365 
 3.90693993705  0.621615659986 
 4.49843266897  0.621615663879 
 5.17947467923  0.621615681535 
 5.96362331659  0.621615664584 
 6.86648845004  0.621615657799 
 7.90604321091  0.621615657555 
 9.10298177992  0.621615653194 
 10.4811313415  0.621615653538 
 12.0679264064  0.621615661488 
 13.8949549437  0.621615661505 
 15.9985871961  0.621615671519 
 18.4206996933  0.621615666651 
 21.2095088792  0.621615672145 
 24.4205309455  0.621615680171 
 28.1176869797  0.621615668553 
 32.3745754282  0.621615689896 
 37.2759372031  0.621615712565 
 42.9193426013  0.621615745582 
 49.4171336132  0.621615696649 
 56.8986602902  0.621615757904 
 65.512855686  0.621616083428 
 75.4312006335  36.2744927491 
 86.8511373751  56.2331103503 
 100.0  74.9054719847 
1930.69772888 50 
 0.1  0.0999999999697 
 0.115139539933  0.11513953996 
 0.132571136559  0.132571136554 
 0.152641796718  0.152641796729 
 0.175751062485  0.175751062312 
 0.202358964773  0.202358964735 
 0.232995181052  0.232995181287 
 0.268269579528  0.268269578965 
 0.308884359648  0.308884350118 
 0.355648030622  0.355647964277 
 0.409491506238  0.409490804033 
 0.471486636346  0.471473782615 
 0.542867543932  0.542436378516 
 0.625055192527  0.60751962267 
 0.719685673001  0.617759729291 
 0.828642772855  0.617878602063 
 0.95409547635  0.617879331043 
 1.09854114199  0.617879317796 
 1.26485521686  0.617879321844 
 1.4563484775  0.617879321635 
 1.67683293681  0.61787931654 
 1.93069772888  0.617879321657 
 2.22299648253  0.61787933276 
 2.5595479227  0.617879332861 
 2.94705170255  0.617879324882 
 3.3932217719  0.617879324821 
 3.90693993705  0.617879327302 
 4.49843266897  0.61787932741 
 5.17947467923  0.617879325864 
 5.96362331659  0.617879311898 
 6.86648845004  0.617879320428 
 7.90604321091  0.617879314809 
 9.10298177992  0.617879323702 
 10.4811313415  0.617879320902 
 12.0679264064  0.617879318661 
 13.8949549437  0.61787933735 
 15.9985871961  0.617879335846 
 18.4206996933  0.617879339423 
 21.2095088792  0.617879353364 
 24.4205309455  0.617879347707 
 28.1176869797  0.617879327307 
 32.3745754282  0.617879407068 
 37.2759372031  0.617879484954 
 42.9193426013  0.617879620612 
 49.4171336132  0.617879725258 
 56.8986602902  25.1555324654 
 65.512855686  41.0435980493 
 75.4312006335  55.4911381801 
 86.8511373751  70.2040524862 
 100.0  85.9114949395 
3237.45754282 50 
 0.1  0.0999999999924 
 0.115139539933  0.11513953993 
 0.132571136559  0.132571136565 
 0.152641796718  0.152641796819 
 0.175751062485  0.175751062597 
 0.202358964773  0.202358964754 
 0.232995181052  0.232995180419 
 0.268269579528  0.268269578859 
 0.308884359648  0.308884348566 
 0.355648030622  0.355647952573 
 0.409491506238  0.409490678383 
 0.471486636346  0.471471528094 
 0.542867543932  0.542361982048 
 0.625055192527  0.605601020413 
 0.719685673001  0.614630117131 
 0.828642772855  0.614731479817 
 0.95409547635  0.614732106028 
 1.09854114199  0.614732108835 
 1.26485521686  0.614732118977 
 1.4563484775  0.614732112912 
 1.67683293681  0.614732106959 
 1.93069772888  0.614732106451 
 2.22299648253  0.614732106656 
 2.5595479227  0.614732110291 
 2.94705170255  0.614732110125 
 3.3932217719  0.614732114545 
 3.90693993705  0.614732113956 
 4.49843266897  0.614732108586 
 5.17947467923  0.614732106938 
 5.96362331659  0.614732109707 
 6.86648845004  0.614732124521 
 7.90604321091  0.614732110628 
 9.10298177992  0.61473212166 
 10.4811313415  0.614732110689 
 12.0679264064  0.614732118948 
 13.8949549437  0.614732124817 
 15.9985871961  0.614732129285 
 18.4206996933  0.614732112284 
 21.2095088792  0.614732159389 
 24.4205309455  0.614732215862 
 28.1176869797  0.614732265403 
 32.3745754282  0.614732384014 
 37.2759372031  0.614732419548 
 42.9193426013  17.0351830294 
 49.4171336132  29.8184339606 
 56.8986602902  41.0279166208 
 65.512855686  52.3090689114 
 75.4312006335  64.2830071629 
 86.8511373751  77.3517209974 
 100.0  91.8554468636 
5428.67543932 50 
 0.1  0.0999999999992 
 0.115139539933  0.115139539938 
 0.132571136559  0.132571136605 
 0.152641796718  0.152641796688 
 0.175751062485  0.175751062439 
 0.202358964773  0.202358964839 
 0.232995181052  0.232995179715 
 0.268269579528  0.268269576097 
 0.308884359648  0.308884346827 
 0.355648030622  0.355647941362 
 0.409491506238  0.409490553199 
 0.471486636346  0.471469275745 
 0.542867543932  0.542287783081 
 0.625055192527  0.603851545249 
 0.719685673001  0.611928314181 
 0.828642772855  0.612016654911 
 0.95409547635  0.61201718151 
 1.09854114199  0.612017190286 
 1.26485521686  0.612017188465 
 1.4563484775  0.612017186294 
 1.67683293681  0.612017207165 
 1.93069772888  0.612017190061 
 2.22299648253  0.612017188571 
 2.5595479227  0.612017186026 
 2.94705170255  0.612017199623 
 3.3932217719  0.612017184956 
 3.90693993705  0.612017189329 
 4.49843266897  0.612017187944 
 5.17947467923  0.612017187025 
 5.96362331659  0.612017195929 
 6.86648845004  0.612017196033 
 7.90604321091  0.612017180846 
 9.10298177992  0.612017186466 
 10.4811313415  0.612017203129 
 12.0679264064  0.612017195741 
 13.8949549437  0.612017224907 
 15.9985871961  0.612017249912 
 18.4206996933  0.612017275024 
 21.2095088792  0.612017305108 
 24.4205309455  0.612017511132 
 28.1176869797  0.612017580137 
 32.3745754282  11.0985495856 
 37.2759372031  21.5442691621 
 42.9193426013  30.2696100316 
 49.4171336132  38.9312894404 
 56.8986602902  48.0658664651 
 65.512855686  57.9992678032 
 75.4312006335  68.998224183 
 86.8511373751  81.3183557684 
 100.0  95.2257187278 
9102.98177992 50 
 0.1  0.100000000007 
 0.115139539933  0.115139539976 
 0.132571136559  0.132571136528 
 0.152641796718  0.152641796664 
 0.175751062485  0.175751062504 
 0.202358964773  0.202358964447 
 0.232995181052  0.232995181024 
 0.268269579528  0.26826957593 
 0.308884359648  0.308884344868 
 0.355648030622  0.355647928293 
 0.409491506238  0.409490429235 
 0.471486636346  0.471467013824 
 0.542867543932  0.542213845049 
 0.625055192527  0.602244632816 
 0.719685673001  0.609552587934 
 0.828642772855  0.609630823874 
 0.95409547635  0.609631301298 
 1.09854114199  0.60963130577 
 1.26485521686  0.609631306739 
 1.4563484775  0.60963130339 
 1.67683293681  0.60963130197 
 1.93069772888  0.609631300937 
 2.22299648253  0.609631304316 
 2.5595479227  0.609631295392 
 2.94705170255  0.609631294833 
 3.3932217719  0.609631301419 
 3.90693993705  0.609631305248 
 4.49843266897  0.60963130465 
 5.17947467923  0.609631316211 
 5.96362331659  0.60963130723 
 6.86648845004  0.609631304102 
 7.90604321091  0.609631302948 
 9.10298177992  0.609631325124 
 10.4811313415  0.609631336947 
 12.0679264064  0.609631311662 
 13.8949549437  0.609631419468 
 15.9985871961  0.609631530664 
 18.4206996933  0.609631462107 
 21.2095088792  0.609631896093 
 24.4205309455  6.70633092245 
 28.1176869797  15.4613349384 
 32.3745754282  22.279499265 
 37.2759372031  28.9401763153 
 42.9193426013  35.9142305662 
 49.4171336132  43.4680716337 
 56.8986602902  51.8117205036 
 65.512855686  61.1425199949 
 75.4312006335  71.6637645018 
 86.8511373751  83.5952175648 
 100.0  97.1806696289 
15264.1796718 50 
 0.1  0.100000000148 
 0.115139539933  0.115139539917 
 0.132571136559  0.132571136511 
 0.152641796718  0.15264179672 
 0.175751062485  0.175751062634 
 0.202358964773  0.202358964701 
 0.232995181052  0.232995181106 
 0.268269579528  0.268269577639 
 0.308884359648  0.308884343379 
 0.355648030622  0.355647919554 
 0.409491506238  0.40949030533 
 0.471486636346  0.471464755595 
 0.542867543932  0.542140176111 
 0.625055192527  0.600759106961 
 0.719685673001  0.607433015774 
 0.828642772855  0.607503250934 
 0.95409547635  0.607503684735 
 1.09854114199  0.607503682501 
 1.26485521686  0.607503690263 
 1.4563484775  0.60750369052 
 1.67683293681  0.607503681997 
 1.93069772888  0.607503680698 
 2.22299648253  0.607503676094 
 2.5595479227  0.607503683508 
 2.94705170255  0.607503681087 
 3.3932217719  0.607503688043 
 3.90693993705  0.607503689102 
 4.49843266897  0.607503690947 
 5.17947467923  0.60750368919 
 5.96362331659  0.607503692783 
 6.86648845004  0.607503691248 
 7.90604321091  0.607503701719 
 9.10298177992  0.607503690374 
 10.4811313415  0.607503804808 
 12.0679264064  0.60750378521 
 13.8949549437  0.607503922985 
 15.9985871961  0.607504357571 
 18.4206996933  3.25403719168 
 21.2095088792  11.0013250035 
 24.4205309455  16.3546419709 
 28.1176869797  21.485562742 
 32.3745754282  26.8147804836 
 37.2759372031  32.5620071426 
 42.9193426013  38.8934036807 
 49.4171336132  45.9617085601 
 56.8986602902  53.9224726613 
 65.512855686  62.9428313431 
 75.4312006335  73.2075801842 
 86.8511373751  84.9242944066 
 100.0  98.3282609319 
25595.479227 50 
 0.1  0.100000000004 
 0.115139539933  0.115139539926 
 0.132571136559  0.13257113656 
 0.152641796718  0.152641796751 
 0.175751062485  0.175751062414 
 0.202358964773  0.20235896472 
 0.232995181052  0.232995179833 
 0.268269579528  0.268269574348 
 0.308884359648  0.30888434102 
 0.355648030622  0.355647904326 
 0.409491506238  0.409490180152 
 0.471486636346  0.471462501128 
 0.542867543932  0.542066767253 
 0.625055192527  0.599377944768 
 0.719685673001  0.605519871942 
 0.828642772855  0.605583595628 
 0.95409547635  0.605583989153 
 1.09854114199  0.605583983097 
 1.26485521686  0.605583970316 
 1.4563484775  0.605583964796 
 1.67683293681  0.605583979547 
 1.93069772888  0.605583982567 
 2.22299648253  0.605583979804 
 2.5595479227  0.605583984601 
 2.94705170255  0.605583981397 
 3.3932217719  0.605583986173 
 3.90693993705  0.605583984716 
 4.49843266897  0.605583994407 
 5.17947467923  0.60558401037 
 5.96362331659  0.605584023652 
 6.86648845004  0.605584007302 
 7.90604321091  0.605584011528 
 9.10298177992  0.605584204634 
 10.4811313415  0.605584148955 
 12.0679264064  0.605584549295 
 13.8949549437  0.605584220044 
 15.9985871961  7.74000730319 
 18.4206996933  11.9684259726 
 21.2095088792  15.9288875781 
 24.4205309455  20.0051825417 
 28.1176869797  24.3803032424 
 32.3745754282  29.186403667 
 37.2759372031  34.5420282835 
 42.9193426013  40.5663717613 
 49.4171336132  47.3866483454 
 56.8986602902  55.1430011699 
 65.512855686  63.9925259473 
 75.4312006335  74.1130768108 
 86.8511373751  85.7071984433 
 100.0  99.0063907207 
42919.3426013 50 
 0.1  0.0999999999966 
 0.115139539933  0.115139539934 
 0.132571136559  0.132571136576 
 0.152641796718  0.152641796554 
 0.175751062485  0.175751062375 
 0.202358964773  0.20235896479 
 0.232995181052  0.232995181075 
 0.268269579528  0.268269574239 
 0.308884359648  0.308884339791 
 0.355648030622  0.355647892806 
 0.409491506238  0.409490055002 
 0.471486636346  0.471460243488 
 0.542867543932  0.541993632633 
 0.625055192527  0.598087502507 
 0.719685673001  0.603776536752 
 0.828642772855  0.603834840127 
 0.95409547635  0.603835199183 
 1.09854114199  0.603835197063 
 1.26485521686  0.603835193045 
 1.4563484775  0.603835189942 
 1.67683293681  0.603835198382 
 1.93069772888  0.603835201002 
 2.22299648253  0.603835197144 
 2.5595479227  0.603835201124 
 2.94705170255  0.603835204883 
 3.3932217719  0.603835211099 
 3.90693993705  0.603835217282 
 4.49843266897  0.603835232352 
 5.17947467923  0.603835264358 
 5.96362331659  0.603835201949 
 6.86648845004  0.603835413507 
 7.90604321091  0.603835473856 
 9.10298177992  0.603835610138 
 10.4811313415  0.603836186704 
 12.0679264064  5.36110686798 
 13.8949549437  8.72695436597 
 15.9985871961  11.7910784719 
 18.4206996933  14.9124142759 
 21.2095088792  18.2450382084 
 24.4205309455  21.8946694588 
 28.1176869797  25.9535953658 
 32.3745754282  30.513299184 
 37.2759372031  35.670692649 
 42.9193426013  41.5321085698 
 49.4171336132  48.2164740628 
 56.8986602902  55.8582550754 
 65.512855686  64.6104633242 
 75.4312006335  74.6478978164 
 86.8511373751  86.1707432121 
 100.0  99.4086284232 
71968.5673001 50 
 0.1  0.100000000003 
 0.115139539933  0.115139539947 
 0.132571136559  0.132571136315 
 0.152641796718  0.152641796693 
 0.175751062485  0.175751062488 
 0.202358964773  0.202358965414 
 0.232995181052  0.232995180973 
 0.268269579528  0.268269573582 
 0.308884359648  0.308884337968 
 0.355648030622  0.355647879868 
 0.409491506238  0.409489931794 
 0.471486636346  0.471457988276 
 0.542867543932  0.541920765419 
 0.625055192527  0.596876595089 
 0.719685673001  0.602175318309 
 0.828642772855  0.602229047928 
 0.95409547635  0.602229385171 
 1.09854114199  0.60222939425 
 1.26485521686  0.602229377432 
 1.4563484775  0.602229382557 
 1.67683293681  0.602229380157 
 1.93069772888  0.602229383031 
 2.22299648253  0.602229380644 
 2.5595479227  0.602229387014 
 2.94705170255  0.602229401339 
 3.3932217719  0.602229381811 
 3.90693993705  0.602229453701 
 4.49843266897  0.602229501854 
 5.17947467923  0.602229579143 
 5.96362331659  0.60222965468 
 6.86648845004  0.602229770862 
 7.90604321091  0.60223038289 
 9.10298177992  3.62884794046 
 10.4811313415  6.33601972452 
 12.0679264064  8.71308750981 
 13.8949549437  11.1060885898 
 15.9985871961  13.6463152488 
 18.4206996933  16.4188817766 
 21.2095088792  19.495877387 
 24.4205309455  22.9476405947 
 28.1176869797  26.8480688081 
 32.3745754282  31.2778831827 
 37.2759372031  36.3271431563 
 42.9193426013  42.0975304802 
 49.4171336132  48.704651496 
 56.8986602902  56.2805032558 
 65.512855686  64.9762003584 
 75.4312006335  74.9650446454 
 86.8511373751  86.4460134372 
 100.0  99.6477451081 
120679.264064 50 
 0.1  0.10000000002 
 0.115139539933  0.115139539844 
 0.132571136559  0.132571136629 
 0.152641796718  0.152641796713 
 0.175751062485  0.175751062538 
 0.202358964773  0.202358964662 
 0.232995181052  0.232995181067 
 0.268269579528  0.268269575051 
 0.308884359648  0.308884335661 
 0.355648030622  0.355647869116 
 0.409491506238  0.409489806027 
 0.471486636346  0.471455730199 
 0.542867543932  0.541848159303 
 0.625055192527  0.595735952213 
 0.719685673001  0.600694773713 
 0.828642772855  0.600744602979 
 0.95409547635  0.600744908813 
 1.09854114199  0.600744914367 
 1.26485521686  0.600744905044 
 1.4563484775  0.6007449155 
 1.67683293681  0.600744910755 
 1.93069772888  0.600744917846 
 2.22299648253  0.600744922543 
 2.5595479227  0.600744949637 
 2.94705170255  0.600744977695 
 3.3932217719  0.600745019183 
 3.90693993705  0.600744999943 
 4.49843266897  0.600745229182 
 5.17947467923  0.600745206097 
 5.96362331659  0.600745632068 
 6.86648845004  2.36738040132 
 7.90604321091  4.57619792316 
 9.10298177992  6.42607358193 
 10.4811313415  8.26317158771 
 12.0679264064  10.2008213505 
 13.8949549437  12.3080244009 
 15.9985871961  14.6413014348 
 18.4206996933  17.254838752 
 21.2095088792  20.205042731 
 24.4205309455  23.5532264496 
 28.1176869797  27.3676111105 
 32.3745754282  31.7251019162 
 37.2759372031  36.7130547374 
 42.9193426013  42.4311534285 
 49.4171336132  48.9934773425 
 56.8986602902  56.5308235186 
 65.512855686  65.1933425291 
 75.4312006335  75.153547669 
 86.8511373751  86.6097623097 
 100.0  99.7900761273 
202358.964773 50 
 0.1  0.0999999999753 
 0.115139539933  0.115139540141 
 0.132571136559  0.132571136555 
 0.152641796718  0.152641796732 
 0.175751062485  0.175751062136 
 0.202358964773  0.202358964739 
 0.232995181052  0.232995181377 
 0.268269579528  0.268269574536 
 0.308884359648  0.308884334158 
 0.355648030622  0.355647857274 
 0.409491506238  0.409489683094 
 0.471486636346  0.47145347757 
 0.542867543932  0.541775823474 
 0.625055192527  0.594657876313 
 0.719685673001  0.599317984676 
 0.828642772855  0.599364445617 
 0.95409547635  0.599364732617 
 1.09854114199  0.599364729882 
 1.26485521686  0.599364722609 
 1.4563484775  0.599364740274 
 1.67683293681  0.599364741426 
 1.93069772888  0.599364766335 
 2.22299648253  0.599364748525 
 2.5595479227  0.599364827122 
 2.94705170255  0.599364935822 
 3.3932217719  0.599365008184 
 3.90693993705  0.599364878363 
 4.49843266897  0.599365344318 
 5.17947467923  1.44852702701 
 5.96362331659  3.28420463354 
 6.86648845004  4.72893695547 
 7.90604321091  6.14135948729 
 9.10298177992  7.62053777755 
 10.4811313415  9.22281077003 
 12.0679264064  10.992668028 
 13.8949549437  12.9719406352 
 15.9985871961  15.2037319769 
 18.4206996933  17.7346420157 
 21.2095088792  20.6163669963 
 24.4205309455  23.9070847459 
 28.1176869797  27.6728124542 
 32.3745754282  31.9888372262 
 37.2759372031  36.9412845036 
 42.9193426013  42.6288753304 
 49.4171336132  49.1649183047 
 56.8986602902  56.6795819361 
 65.512855686  65.3224968018 
 75.4312006335  75.2657410341 
 86.8511373751  86.7072703649 
 100.0  99.8748617119 
339322.17719 50 
 0.1  0.0999999999932 
 0.115139539933  0.11513953993 
 0.132571136559  0.132571136566 
 0.152641796718  0.152641796869 
 0.175751062485  0.175751062873 
 0.202358964773  0.202358964759 
 0.232995181052  0.232995180546 
 0.268269579528  0.268269572636 
 0.308884359648  0.308884332618 
 0.355648030622  0.355647845641 
 0.409491506238  0.409489562022 
 0.471486636346  0.471451227458 
 0.542867543932  0.541703749516 
 0.625055192527  0.593635869884 
 0.719685673001  0.59803135058 
 0.828642772855  0.59807486403 
 0.95409547635  0.598075132686 
 1.09854114199  0.598075141041 
 1.26485521686  0.598075152569 
 1.4563484775  0.598075160063 
 1.67683293681  0.59807514359 
 1.93069772888  0.598075228591 
 2.22299648253  0.59807519247 
 2.5595479227  0.598075258538 
 2.94705170255  0.598075400769 
 3.3932217719  0.598076230452 
 3.90693993705  0.799509866854 
 4.49843266897  2.33926287356 
 5.17947467923  3.47146835373 
 5.96362331659  4.55903079867 
 6.86648845004  5.68914674476 
 7.90604321091  6.90808931307 
 9.10298177992  8.25100991052 
 10.4811313415  9.75027036915 
 12.0679264064  11.4388470689 
 13.8949549437  13.3521804317 
 15.9985871961  15.5294587785 
 18.4206996933  18.0147024993 
 21.2095088792  20.8578091442 
 24.4205309455  24.1156447221 
 28.1176869797  27.8532341563 
 32.3745754282  32.1450914753 
 37.2759372031  37.0767253906 
 42.9193426013  42.7463555329 
 49.4171336132  49.2668765699 
 56.8986602902  56.7681113698 
 65.512855686  65.3993990189 
 75.4312006335  75.3325701078 
 86.8511373751  86.7653689058 
 100.0  99.9253908476 
568986.602902 50 
 0.1  0.0999999999997 
 0.115139539933  0.115139539939 
 0.132571136559  0.132571136619 
 0.152641796718  0.152641796702 
 0.175751062485  0.175751062445 
 0.202358964773  0.20235896486 
 0.232995181052  0.232995180194 
 0.268269579528  0.268269571652 
 0.308884359648  0.308884330922 
 0.355648030622  0.355647836429 
 0.409491506238  0.409489432797 
 0.471486636346  0.47144896468 
 0.542867543932  0.541631931921 
 0.625055192527  0.592664358593 
 0.719685673001  0.596823786401 
 0.828642772855  0.596864721155 
 0.95409547635  0.59686496894 
 1.09854114199  0.596864985217 
 1.26485521686  0.596865007378 
 1.4563484775  0.59686498955 
 1.67683293681  0.59686504605 
 1.93069772888  0.596865256874 
 2.22299648253  0.596865431907 
 2.5595479227  0.596865982511 
 2.94705170255  0.596865732577 
 3.3932217719  1.65401440221 
 3.90693993705  2.541857281 
 4.49843266897  3.38020181492 
 5.17947467923  4.24427029127 
 5.96362331659  5.17204445073 
 6.86648845004  6.19135157152 
 7.90604321091  7.32726868065 
 9.10298177992  8.60505075695 
 10.4811313415  10.0516677922 
 12.0679264064  11.6968374815 
 13.8949549437  13.5738753124 
 15.9985871961  15.7205003506 
 18.4206996933  18.1796684715 
 21.2095088792  21.0004764434 
 24.4205309455  24.239169142 
 28.1176869797  27.9602777399 
 32.3745754282  32.2379159867 
 37.2759372031  37.1572629414 
 42.9193426013  42.8162634282 
 49.4171336132  49.3275807987 
 56.8986602902  56.8208417191 
 65.512855686  65.4452179038 
 75.4312006335  75.3723964978 
 86.8511373751  86.799998378 
 100.0  99.9555125269 
954095.47635 50 
 0.1  0.100000000008 
 0.115139539933  0.115139539994 
 0.132571136559  0.132571136537 
 0.152641796718  0.152641796673 
 0.175751062485  0.175751062508 
 0.202358964773  0.202358964518 
 0.232995181052  0.232995181033 
 0.268269579528  0.268269571903 
 0.308884359648  0.308884328883 
 0.355648030622  0.355647822161 
 0.409491506238  0.409489309815 
 0.471486636346  0.471446711325 
 0.542867543932  0.541560375782 
 0.625055192527  0.591738599967 
 0.719685673001  0.595686159112 
 0.828642772855  0.595724762811 
 0.95409547635  0.595725000326 
 1.09854114199  0.595725039075 
 1.26485521686  0.595725088509 
 1.4563484775  0.595725153707 
 1.67683293681  0.595725448677 
 1.93069772888  0.595725162172 
 2.22299648253  0.595725853897 
 2.5595479227  1.16933987812 
 2.94705170255  1.85776601497 
 3.3932217719  2.50333968399 
 3.90693993705  3.16414145345 
 4.49843266897  3.87054194066 
 5.17947467923  4.6444424343 
 5.96362331659  5.50525906319 
 6.86648845004  6.4723381963 
 7.90604321091  7.56621131998 
 9.10298177992  8.80942067972 
 10.4811313415  10.2271850338 
 12.0679264064  11.8480210794 
 13.8949549437  13.704379942 
 15.9985871961  15.8333340401 
 18.4206996933  18.2773399338 
 21.2095088792  21.085098913 
 24.4205309455  24.3125361757 
 28.1176869797  28.0239202516 
 32.3745754282  32.2931463202 
 37.2759372031  37.2052097663 
 42.9193426013  42.8578997908 
 49.4171336132  49.3637471487 
 56.8986602902  56.8522649702 
 65.512855686  65.472527408 
 75.4312006335  75.396137532 
 86.8511373751  86.8206435897 
 100.0  99.9734716981 
1599858.71961 50 
 0.1  0.100000000209 
 0.115139539933  0.115139539923 
 0.132571136559  0.132571136522 
 0.152641796718  0.152641796722 
 0.175751062485  0.175751062688 
 0.202358964773  0.202358964709 
 0.232995181052  0.23299518114 
 0.268269579528  0.268269571521 
 0.308884359648  0.30888432752 
 0.355648030622  0.355647812521 
 0.409491506238  0.409489181977 
 0.471486636346  0.471444457551 
 0.542867543932  0.541489074806 
 0.625055192527  0.590854465597 
 0.719685673001  0.59461073468 
 0.828642772855  0.594647314165 
 0.95409547635  0.594647584183 
 1.09854114199  0.59464751282 
 1.26485521686  0.594647885286 
 1.4563484775  0.594648136595 
 1.67683293681  0.594648951816 
 1.93069772888  0.84353253363 
 2.22299648253  1.36029873599 
 2.5595479227  1.85325538356 
 2.94705170255  2.35768677209 
 3.3932217719  2.89538348119 
 3.90693993705  3.48301052306 
 4.49843266897  4.13544917618 
 5.17947467923  4.86747637696 
 5.96362331659  5.69471055023 
 6.86648845004  6.63424927826 
 7.90604321091  7.70518339829 
 9.10298177992  8.92907407982 
 10.4811313415  10.3304382875 
 12.0679264064  11.9372704373 
 13.8949549437  13.7816201495 
 15.9985871961  15.9002429795 
 18.4206996933  18.3353401034 
 21.2095088792  21.1354034942 
 24.4205309455  24.356184477 
 28.1176869797  28.0618056712 
 32.3745754282  32.326038803 
 37.2759372031  37.2337741449 
 42.9193426013  42.8827109791 
 49.4171336132  49.3853028499 
 56.8986602902  56.8709963972 
 65.512855686  65.4888083877 
 75.4312006335  75.4102922653 
 86.8511373751  86.832953305 
 100.0  99.984180356 
2682695.79528 50 
 0.1  0.100000000017 
 0.115139539933  0.115139539927 
 0.132571136559  0.132571136564 
 0.152641796718  0.152641796758 
 0.175751062485  0.175751062441 
 0.202358964773  0.202358964765 
 0.232995181052  0.232995177417 
 0.268269579528  0.268269570372 
 0.308884359648  0.308884324938 
 0.355648030622  0.355647800736 
 0.409491506238  0.409489057814 
 0.471486636346  0.471442203115 
 0.542867543932  0.5414180262 
 0.625055192527  0.590008365104 
 0.719685673001  0.593591108863 
 0.828642772855  0.593625837126 
 0.95409547635  0.593626069823 
 1.09854114199  0.593626342766 
 1.26485521686  0.593627120572 
 1.4563484775  0.593626541359 
 1.67683293681  1.0074639907 
 1.93069772888  1.37533598015 
 2.22299648253  1.75729905864 
 2.5595479227  2.16557076245 
 2.94705170255  2.61145386496 
 3.3932217719  3.10589427226 
 3.90693993705  3.66002084896 
 4.49843266897  4.28565817616 
 5.17947467923  4.99575368432 
 5.96362331659  5.80475223793 
 6.86648845004  6.72895393146 
 7.90604321091  7.78688125534 
 9.10298177992  8.99967404018 
 10.4811313415  10.3915265519 
 12.0679264064  11.990179362 
 13.8949549437  13.8274780662 
 15.9985871961  15.9400113748 
 18.4206996933  18.3698421396 
 21.2095088792  21.1653464073 
 24.4205309455  24.3821775419 
 28.1176869797  28.0843748288 
 32.3745754282  32.3456387578 
 37.2759372031  37.2507984698 
 42.9193426013  42.8975006323 
 49.4171336132  49.3981534017 
 56.8986602902  56.8821641963 
 65.512855686  65.498515838 
 75.4312006335  75.4187323617 
 86.8511373751  86.8402935339 
 100.0  99.9905660575 
4498432.66897 50 
 0.1  0.100000000001 
 0.115139539933  0.115139539936 
 0.132571136559  0.132571136589 
 0.152641796718  0.152641796609 
 0.175751062485  0.175751062407 
 0.202358964773  0.202358964816 
 0.232995181052  0.2329951815 
 0.268269579528  0.268269569328 
 0.308884359648  0.308884322857 
 0.355648030622  0.355647784868 
 0.409491506238  0.409488934106 
 0.471486636346  0.471439943161 
 0.542867543932  0.54134724132 
 0.625055192527  0.589197179399 
 0.719685673001  0.592621775668 
 0.828642772855  0.592654915916 
 0.95409547635  0.592655214769 
 1.09854114199  0.592656377539 
 1.26485521686  0.76057954934 
 1.4563484775  1.02947848007 
 1.67683293681  1.3134665691 
 1.93069772888  1.62090527489 
 2.22299648253  1.95817821723 
 2.5595479227  2.33247732742 
 2.94705170255  2.75179940414 
 3.3932217719  3.22493789385 
 3.90693993705  3.76163251012 
 4.49843266897  4.37278614672 
 5.17947467923  5.07071075069 
 5.96362331659  5.86939578164 
 6.86648845004  6.78480339526 
 7.90604321091  7.8351975134 
 9.10298177992  9.04151492876 
 10.4811313415  10.4277870392 
 12.0679264064  12.0216214788 
 13.8949549437  13.8547538017 
 15.9985871961  15.9636806301 
 18.4206996933  18.3903870744 
 21.2095088792  21.1831831117 
 24.4205309455  24.3976656655 
 28.1176869797  28.0978256119 
 32.3745754282  32.3573217946 
 37.2759372031  37.2609474444 
 42.9193426013  42.9063182068 
 49.4171336132  49.4058154036 
 56.8986602902  56.8888232136 
 65.512855686  65.5043043159 
 75.4312006335  75.4237652718 
 86.8511373751  86.8446706779 
 100.0  99.9943740577 
7543120.06335 50 
 0.1  0.100000000003 
 0.115139539933  0.115139539957 
 0.132571136559  0.132571136446 
 0.152641796718  0.15264179646 
 0.175751062485  0.17575106253 
 0.202358964773  0.202358966276 
 0.232995181052  0.232995180767 
 0.268269579528  0.268269569146 
 0.308884359648  0.308884321055 
 0.355648030622  0.355647773732 
 0.409491506238  0.409488809752 
 0.471486636346  0.471437690623 
 0.542867543932  0.541276682836 
 0.625055192527  0.588418102669 
 0.719685673001  0.59169798022 
 0.828642772855  0.591729890636 
 0.95409547635  0.591729875485 
 1.09854114199  0.779584056129 
 1.26485521686  0.988671834493 
 1.4563484775  1.21692635441 
 1.67683293681  1.46991987667 
 1.93069772888  1.75220316141 
 2.22299648253  2.06903763293 
 2.5595479227  2.42665197056 
 2.94705170255  2.83221795294 
 3.3932217719  3.293893843 
 3.90693993705  3.82094744629 
 4.49843266897  4.42393064525 
 5.17947467923  5.11489003878 
 5.96362331659  5.90761031752 
 6.86648845004  6.81789227789 
 7.90604321091  7.86387028158 
 9.10298177992  9.0663753941 
 10.4811313415  10.4493515678 
 12.0679264064  12.0403333113 
 13.8949549437  13.8709945097 
 15.9985871961  15.9777794056 
 18.4206996933  18.4026283925 
 21.2095088792  21.1938131138 
 24.4205309455  24.406897528 
 28.1176869797  28.1058440941 
 32.3745754282  32.3642871156 
 37.2759372031  37.2669985992 
 42.9193426013  42.911575817 
 49.4171336132  49.4103841699 
 56.8986602902  56.8927940317 
 65.512855686  65.5077561043 
 75.4312006335  75.4267665513 
 86.8511373751  86.8472809378 
 100.0  99.9966449375 
12648552.1686 50 
 0.1  0.100000000027 
 0.115139539933  0.115139539895 
 0.132571136559  0.132571136846 
 0.152641796718  0.152641796755 
 0.175751062485  0.175751062485 
 0.202358964773  0.202358964569 
 0.232995181052  0.232995180685 
 0.268269579528  0.268269569249 
 0.308884359648  0.308884319189 
 0.355648030622  0.355647761242 
 0.409491506238  0.409488681065 
 0.471486636346  0.471435443445 
 0.542867543932  0.54120638828 
 0.625055192527  0.587668717438 
 0.719685673001  0.590815805468 
 0.828642772855  0.590846741483 
 0.95409547635  0.748859584674 
 1.09854114199  0.918693600267 
 1.26485521686  1.10682749414 
 1.4563484775  1.31810090157 
 1.67683293681  1.55648374026 
 1.93069772888  1.82625571526 
 2.22299648253  2.13248600741 
 2.5595479227  2.48113888448 
 2.94705170255  2.87911627425 
 3.3932217719  3.33434093116 
 3.90693993705  3.85588748807 
 4.49843266897  4.45415221561 
 5.17947467923  5.14105638121 
 5.96362331659  5.93028290088 
 6.86648845004  6.83754906732 
 7.90604321091  7.88092001212 
 9.10298177992  9.08116886094 
 10.4811313415  10.4621906934 
 12.0679264064  12.0514785229 
 13.8949549437  13.8806708178 
 15.9985871961  15.9861814705 
 18.4206996933  18.409924783 
 21.2095088792  21.2001499127 
 24.4205309455  24.4124014037 
 28.1176869797  28.1106249281 
 32.3745754282  32.3684402587 
 37.2759372031  37.2706068137 
 42.9193426013  42.9147109523 
 49.4171336132  49.4131086099 
 56.8986602902  56.895161947 
 65.512855686  65.509814535 
 75.4312006335  75.428556345 
 86.8511373751  86.8488375616 
 100.0  99.9979991805 
21209508.8792 50 
 0.1  0.0999999999923 
 0.115139539933  0.115139539768 
 0.132571136559  0.132571136568 
 0.152641796718  0.152641796809 
 0.175751062485  0.175751062138 
 0.202358964773  0.202358964556 
 0.232995181052  0.232995180887 
 0.268269579528  0.268269568245 
 0.308884359648  0.308884315523 
 0.355648030622  0.355647749883 
 0.409491506238  0.409488560925 
 0.471486636346  0.471433181294 
 0.542867543932  0.541136337987 
 0.625055192527  0.586946839015 
 0.719685673001  0.589971652941 
 0.828642772855  0.693780491616 
 0.95409547635  0.836484691131 
 1.09854114199  0.994329882409 
 1.26485521686  1.172720096 
 1.4563484775  1.37537519002 
 1.67683293681  1.60606796774 
 1.93069772888  1.86908565013 
 2.22299648253  2.1694633243 
 2.5595479227  2.51307833182 
 2.94705170255  2.90672726915 
 3.3932217719  3.3582311853 
 3.90693993705  3.87657489644 
 4.49843266897  4.47207816166 
 5.17947467923  5.15659786691 
 5.96362331659  5.94376284005 
 6.86648845004  6.84924479989 
 7.90604321091  7.8910703029 
 9.10298177992  9.08997967334 
 10.4811313415  10.4698399741 
 12.0679264064  12.0581202068 
 13.8949549437  13.8864381962 
 15.9985871961  15.9911900459 
 18.4206996933  18.4142747007 
 21.2095088792  21.2039280407 
 24.4205309455  24.4156831183 
 28.1176869797  28.1134756513 
 32.3745754282  32.3709167838 
 37.2759372031  37.2727584511 
 42.9193426013  42.9165805202 
 49.4171336132  49.4147332921 
 56.8986602902  56.8965740358 
 65.512855686  65.511042075 
 75.4312006335  75.4296236905 
 86.8511373751  86.8497658602 
 100.0  99.9988067914 
35564803.0622 50 
 0.1  0.10000000002 
 0.115139539933  0.115139539977 
 0.132571136559  0.132571136609 
 0.152641796718  0.152641796907 
 0.175751062485  0.175751062037 
 0.202358964773  0.202358964472 
 0.232995181052  0.232995180725 
 0.268269579528  0.268269567583 
 0.308884359648  0.308884316681 
 0.355648030622  0.355647737444 
 0.409491506238  0.409488441175 
 0.471486636346  0.471430937354 
 0.542867543932  0.541066547424 
 0.625055192527  0.586250503732 
 0.719685673001  0.589161738026 
 0.828642772855  0.751235388211 
 0.95409547635  0.885408306358 
 1.09854114199  1.03738116491 
 1.26485521686  1.21061193444 
 1.4563484775  1.40855651297 
 1.67683293681  1.63497478372 
 1.93069772888  1.89418622612 
 2.22299648253  2.19122518568 
 2.5595479227  2.5319365538 
 2.94705170255  2.9230701989 
 3.3932217719  3.37239821693 
 3.90693993705  3.88885983571 
 4.49843266897  4.48273445261 
 5.17947467923  5.16584399061 
 5.96362331659  5.95178724686 
 6.86648845004  6.85621020311 
 7.90604321091  7.89711734742 
 9.10298177992  9.0952300492 
 10.4811313415  10.4743990595 
 12.0679264064  12.0620793173 
 13.8949549437  13.8898765044 
 15.9985871961  15.9941762258 
 18.4206996933  18.4168683392 
 21.2095088792  21.2061808539 
 24.4205309455  24.4176399996 
 28.1176869797  28.1151755779 
 32.3745754282  32.3723936001 
 37.2759372031  37.2740415477 
 42.9193426013  42.9176954215 
 49.4171336132  49.4157021661 
 56.8986602902  56.8974161358 
 65.512855686  65.5117741227 
 75.4312006335  75.4302602081 
 86.8511373751  86.8503194579 
 100.0  99.999288417 
59636233.1659 50 
 0.1  0.100000000034 
 0.115139539933  0.115139540087 
 0.132571136559  0.132571136702 
 0.152641796718  0.152641796701 
 0.175751062485  0.175751062494 
 0.202358964773  0.202358964948 
 0.232995181052  0.232995179815 
 0.268269579528  0.268269567475 
 0.308884359648  0.308884313815 
 0.355648030622  0.355647730331 
 0.409491506238  0.409488310901 
 0.471486636346  0.47142867889 
 0.542867543932  0.540996982167 
 0.625055192527  0.585577961103 
 0.719685673001  0.664373863589 
 0.828642772855  0.783242928857 
 0.95409547635  0.913611476817 
 1.09854114199  1.06240205087 
 1.26485521686  1.23274752982 
 1.4563484775  1.4280189038 
 1.67683293681  1.65198951575 
 1.93069772888  1.90900444056 
 2.22299648253  2.20410318074 
 2.5595479227  2.54311717175 
 2.94705170255  2.93277347038 
 3.3932217719  3.38081876095 
 3.90693993705  3.89616771859 
 4.49843266897  4.48907744095 
 5.17947467923  5.17135016969 
 5.96362331659  5.95656755892 
 6.86648845004  6.86036074298 
 7.90604321091  7.90072137515 
 9.10298177992  9.09835973417 
 10.4811313415  10.4771169825 
 12.0679264064  12.0644397636 
 13.8949549437  13.8919265771 
 15.9985871961  15.9959568058 
 18.4206996933  18.4184149139 
 21.2095088792  21.2075242331 
 24.4205309455  24.4188069354 
 28.1176869797  28.1161893012 
 32.3745754282  32.3732742858 
 37.2759372031  37.2748067172 
 42.9193426013  42.9183602929 
 49.4171336132  49.4162799571 
 56.8986602902  56.8979183266 
 65.512855686  65.5122106845 
 75.4312006335  75.4306398006 
 86.8511373751  86.850649601 
 100.0  99.9995756393 
100000000.0 50 
 0.1  0.100000000046 
 0.115139539933  0.115139540051 
 0.132571136559  0.132571136609 
 0.152641796718  0.152641796697 
 0.175751062485  0.175751062411 
 0.202358964773  0.202358964371 
 0.232995181052  0.232995180398 
 0.268269579528  0.26826956717 
 0.308884359648  0.308884312519 
 0.355648030622  0.355647714149 
 0.409491506238  0.409488187604 
 0.471486636346  0.471426425468 
 0.542867543932  0.540927636596 
 0.625055192527  0.584927712807 
 0.719685673001  0.688754137801 
 0.828642772855  0.801816167678 
 0.95409547635  0.930115587048 
 1.09854114199  1.07710482174 
 1.26485521686  1.24579130906 
 1.4563484775  1.43951381869 
 1.67683293681  1.66205905096 
 1.93069772888  1.91778907856 
 2.22299648253  2.21174822987 
 2.5595479227  2.54976182703 
 2.94705170255  2.9385449935 
 3.3932217719  3.38583052922 
 3.90693993705  3.90051936355 
 4.49843266897  4.49285590429 
 5.17947467923  5.17463106143 
 5.96362331659  5.95941653315 
 6.86648845004  6.86283477447 
 7.90604321091  7.90286989962 
 9.10298177992  9.10022564831 
 10.4811313415  10.478737514 
 12.0679264064  12.0658472251 
 13.8949549437  13.8931490193 
 15.9985871961  15.9970185824 
 18.4206996933  18.419337171 
 21.2095088792  21.2083253333 
 24.4205309455  24.4195028254 
 28.1176869797  28.1167938303 
 32.3745754282  32.3737994821 
 37.2759372031  37.275263028 
 42.9193426013  42.9187567923 
 49.4171336132  49.4166245266 
 56.8986602902  56.8982178122 
 65.512855686  65.5124710321 
 75.4312006335  75.4308661744 
 86.8511373751  86.8508464853 
 100.0  99.9997469275 
