0.001 50 
 0.1  0.0999999999994 
 0.115139539933  0.115139539931 
 0.132571136559  0.132571136553 
 0.152641796718  0.152641796694 
 0.175751062485  0.175751062395 
 0.202358964773  0.202358964392 
 0.232995181052  0.232995179299 
 0.268269579528  0.268269570662 
 0.308884359648  0.308884310046 
 0.355648030622  0.355647721943 
 0.409491506238  0.409489355243 
 0.471486636346  0.471469736886 
 0.542867543932  0.542716955533 
 0.625055192527  0.623543588274 
 0.719685673001  0.704688662834 
 0.828642772855  0.746781478395 
 0.95409547635  0.753174765874 
 1.09854114199  0.753649506138 
 1.26485521686  0.753671596725 
 1.4563484775  0.753667367655 
 1.67683293681  0.753662646653 
 1.93069772888  0.753655789862 
 2.22299648253  0.753653743327 
 2.5595479227  0.75364352875 
 2.94705170255  0.753635231155 
 3.3932217719  0.753628577901 
 3.90693993705  0.753617975216 
 4.49843266897  0.753605327887 
 5.17947467923  0.75359373757 
 5.96362331659  0.753579931018 
 6.86648845004  0.753564044489 
 7.90604321091  0.753547401714 
 9.10298177992  0.753526541324 
 10.4811313415  0.753505418293 
 12.0679264064  0.75348222837 
 13.8949549437  0.753455081934 
 15.9985871961  0.753427653889 
 18.4206996933  0.753396175932 
 21.2095088792  0.753363116699 
 24.4205309455  0.753327214142 
 28.1176869797  0.753291298496 
 32.3745754282  0.753250977148 
 37.2759372031  0.753210397274 
 42.9193426013  0.753167720174 
 49.4171336132  0.753126116158 
 56.8986602902  0.753085634314 
 65.512855686  0.753046804863 
 75.4312006335  0.753010476058 
 86.8511373751  0.752977698434 
 100.0  0.75294796088 
0.00167683293681 50 
 0.1  0.0999999999989 
 0.115139539933  0.115139539929 
 0.132571136559  0.132571136548 
 0.152641796718  0.152641796678 
 0.175751062485  0.175751062334 
 0.202358964773  0.202358964134 
 0.232995181052  0.232995178114 
 0.268269579528  0.26826956466 
 0.308884359648  0.308884276471 
 0.355648030622  0.355647513004 
 0.409491506238  0.409487899329 
 0.471486636346  0.471458302658 
 0.542867543932  0.542615396957 
 0.625055192527  0.622554522704 
 0.719685673001  0.697034547611 
 0.828642772855  0.727832175486 
 0.95409547635  0.731717206987 
 1.09854114199  0.731995014949 
 1.26485521686  0.732006946888 
 1.4563484775  0.732002827166 
 1.67683293681  0.73199819429 
 1.93069772888  0.731991886666 
 2.22299648253  0.731988685162 
 2.5595479227  0.731979901896 
 2.94705170255  0.731971947188 
 3.3932217719  0.731964907954 
 3.90693993705  0.731955036721 
 4.49843266897  0.731943870305 
 5.17947467923  0.731931843873 
 5.96362331659  0.731918469775 
 6.86648845004  0.731903111549 
 7.90604321091  0.731886908539 
 9.10298177992  0.731867290654 
 10.4811313415  0.731846705373 
 12.0679264064  0.731824173721 
 13.8949549437  0.731798460046 
 15.9985871961  0.731771634049 
 18.4206996933  0.731741440045 
 21.2095088792  0.731709536823 
 24.4205309455  0.731675501217 
 28.1176869797  0.73163915004 
 32.3745754282  0.731601253695 
 37.2759372031  0.731562633925 
 42.9193426013  0.731522680131 
 49.4171336132  0.731481483022 
 56.8986602902  0.731443263022 
 65.512855686  0.731406610064 
 75.4312006335  0.731371396151 
 86.8511373751  0.731341158953 
 100.0  0.731315343905 
0.00281176869797 50 
 0.1  0.0999999999982 
 0.115139539933  0.115139539927 
 0.132571136559  0.132571136541 
 0.152641796718  0.152641796652 
 0.175751062485  0.175751062232 
 0.202358964773  0.202358963703 
 0.232995181052  0.232995176125 
 0.268269579528  0.268269554596 
 0.308884359648  0.308884220168 
 0.355648030622  0.355647162619 
 0.409491506238  0.409485457912 
 0.471486636346  0.471439136397 
 0.542867543932  0.54244575554 
 0.625055192527  0.620953350286 
 0.719685673001  0.686829470382 
 0.828642772855  0.708198526237 
 0.95409547635  0.710526798061 
 1.09854114199  0.710688579218 
 1.26485521686  0.710694684403 
 1.4563484775  0.710690569283 
 1.67683293681  0.710686277634 
 1.93069772888  0.710680428915 
 2.22299648253  0.710676306016 
 2.5595479227  0.71066857427 
 2.94705170255  0.710661106225 
 3.3932217719  0.710653626538 
 3.90693993705  0.710644277974 
 4.49843266897  0.71063377447 
 5.17947467923  0.710621960923 
 5.96362331659  0.710608968735 
 6.86648845004  0.710594345072 
 7.90604321091  0.710578457796 
 9.10298177992  0.710559772633 
 10.4811313415  0.710539632538 
 12.0679264064  0.71051761302 
 13.8949549437  0.710493236799 
 15.9985871961  0.710467216003 
 18.4206996933  0.71043813548 
 21.2095088792  0.71040710664 
 24.4205309455  0.710374220355 
 28.1176869797  0.710339197893 
 32.3745754282  0.710302750047 
 37.2759372031  0.710264982843 
 42.9193426013  0.710227026195 
 49.4171336132  0.710188150187 
 56.8986602902  0.710151228128 
 65.512855686  0.710117063484 
 75.4312006335  0.710084589744 
 86.8511373751  0.710055702738 
 100.0  0.710031378915 
0.00471486636346 50 
 0.1  0.099999999997 
 0.115139539933  0.115139539923 
 0.132571136559  0.132571136528 
 0.152641796718  0.152641796608 
 0.175751062485  0.17575106206 
 0.202358964773  0.202358962978 
 0.232995181052  0.23299517279 
 0.268269579528  0.268269537718 
 0.308884359648  0.308884125745 
 0.355648030622  0.355646575005 
 0.409491506238  0.409481363809 
 0.471486636346  0.471407017521 
 0.542867543932  0.542163118715 
 0.625055192527  0.61841550623 
 0.719685673001  0.674110926205 
 0.828642772855  0.688253165219 
 0.95409547635  0.689635682666 
 1.09854114199  0.689729415679 
 1.26485521686  0.689731714706 
 1.4563484775  0.689727885037 
 1.67683293681  0.689723571141 
 1.93069772888  0.689718090574 
 2.22299648253  0.689713674971 
 2.5595479227  0.689706516995 
 2.94705170255  0.689699897255 
 3.3932217719  0.689691809806 
 3.90693993705  0.689682853599 
 4.49843266897  0.689672645313 
 5.17947467923  0.689661256347 
 5.96362331659  0.689648553566 
 6.86648845004  0.689634232404 
 7.90604321091  0.689618763483 
 9.10298177992  0.689600745535 
 10.4811313415  0.689581174931 
 12.0679264064  0.689559855581 
 13.8949549437  0.689536096864 
 15.9985871961  0.689510505687 
 18.4206996933  0.689482368439 
 21.2095088792  0.689452275746 
 24.4205309455  0.689420465656 
 28.1176869797  0.689386331777 
 32.3745754282  0.689351221992 
 37.2759372031  0.689314897515 
 42.9193426013  0.689278143383 
 49.4171336132  0.689241909656 
 56.8986602902  0.689207065889 
 65.512855686  0.689174329599 
 75.4312006335  0.689144061282 
 86.8511373751  0.689118830847 
 100.0  0.689096829129 
0.00790604321091 50 
 0.1  0.099999999995 
 0.115139539933  0.115139539917 
 0.132571136559  0.132571136508 
 0.152641796718  0.152641796533 
 0.175751062485  0.175751061771 
 0.202358964773  0.202358961764 
 0.232995181052  0.232995167197 
 0.268269579528  0.268269509412 
 0.308884359648  0.308883967381 
 0.355648030622  0.355645589455 
 0.409491506238  0.409474497963 
 0.471486636346  0.471353214944 
 0.542867543932  0.541694222634 
 0.625055192527  0.614517885361 
 0.719685673001  0.659240431228 
 0.828642772855  0.66824526699 
 0.95409547635  0.669061118738 
 1.09854114199  0.669114947455 
 1.26485521686  0.669115040121 
 1.4563484775  0.669111237889 
 1.67683293681  0.669107046111 
 1.93069772888  0.66910184948 
 2.22299648253  0.669097094521 
 2.5595479227  0.669090354142 
 2.94705170255  0.669083800265 
 3.3932217719  0.669075903779 
 3.90693993705  0.669067039959 
 4.49843266897  0.669057077566 
 5.17947467923  0.669045928551 
 5.96362331659  0.669033395962 
 6.86648845004  0.669019399121 
 7.90604321091  0.669003830759 
 9.10298177992  0.668986493557 
 10.4811313415  0.668967464823 
 12.0679264064  0.66894619918 
 13.8949549437  0.668923073122 
 15.9985871961  0.668897888189 
 18.4206996933  0.668870358027 
 21.2095088792  0.668840992363 
 24.4205309455  0.668809736204 
 28.1176869797  0.668776380845 
 32.3745754282  0.668742617848 
 37.2759372031  0.668707642568 
 42.9193426013  0.668672700353 
 49.4171336132  0.66863852245 
 56.8986602902  0.668605571343 
 65.512855686  0.668575944221 
 75.4312006335  0.668548973999 
 86.8511373751  0.66852522843 
 100.0  0.668505875187 
0.0132571136559 50 
 0.1  0.0999999999916 
 0.115139539933  0.115139539907 
 0.132571136559  0.132571136473 
 0.152641796718  0.152641796408 
 0.175751062485  0.175751061288 
 0.202358964773  0.202358959727 
 0.232995181052  0.232995157815 
 0.268269579528  0.268269461933 
 0.308884359648  0.308883701735 
 0.355648030622  0.355643936233 
 0.409491506238  0.409462983067 
 0.471486636346  0.471263152356 
 0.542867543932  0.540921726884 
 0.625055192527  0.608790242334 
 0.719685673001  0.642762724744 
 0.828642772855  0.648331851789 
 0.95409547635  0.648810989015 
 1.09854114199  0.648841311519 
 1.26485521686  0.64884007439 
 1.4563484775  0.64883632178 
 1.67683293681  0.648832127322 
 1.93069772888  0.648827071455 
 2.22299648253  0.648822120629 
 2.5595479227  0.648815844897 
 2.94705170255  0.648808966955 
 3.3932217719  0.648801117782 
 3.90693993705  0.648792306866 
 4.49843266897  0.648782387237 
 5.17947467923  0.648771282267 
 5.96362331659  0.648758809751 
 6.86648845004  0.648744866957 
 7.90604321091  0.64872936896 
 9.10298177992  0.648712216707 
 10.4811313415  0.648693025912 
 12.0679264064  0.648672049872 
 13.8949549437  0.648649100347 
 15.9985871961  0.648623957237 
 18.4206996933  0.648596871656 
 21.2095088792  0.648568006493 
 24.4205309455  0.648537195402 
 28.1176869797  0.648505119893 
 32.3745754282  0.648472063821 
 37.2759372031  0.648438678334 
 42.9193426013  0.648405664416 
 49.4171336132  0.648373586265 
 56.8986602902  0.648343956704 
 65.512855686  0.648316660387 
 75.4312006335  0.648292076203 
 86.8511373751  0.64827112057 
 100.0  0.648253907398 
0.0222299648253 50 
 0.1  0.099999999986 
 0.115139539933  0.115139539889 
 0.132571136559  0.132571136414 
 0.152641796718  0.152641796199 
 0.175751062485  0.175751060477 
 0.202358964773  0.202358956309 
 0.232995181052  0.232995142077 
 0.268269579528  0.268269382276 
 0.308884359648  0.308883256027 
 0.355648030622  0.35564116232 
 0.409491506238  0.409443668844 
 0.471486636346  0.471112567056 
 0.542867543932  0.539663292866 
 0.625055192527  0.600836938033 
 0.719685673001  0.625232768169 
 0.828642772855  0.628606339231 
 0.95409547635  0.628886467022 
 1.09854114199  0.628902961802 
 1.26485521686  0.628900775691 
 1.4563484775  0.628897015484 
 1.67683293681  0.62889269068 
 1.93069772888  0.62888772246 
 2.22299648253  0.628882483858 
 2.5595479227  0.628876127181 
 2.94705170255  0.628869096151 
 3.3932217719  0.628861162014 
 3.90693993705  0.628852162497 
 4.49843266897  0.628842073423 
 5.17947467923  0.628830754707 
 5.96362331659  0.62881807775 
 6.86648845004  0.628803978803 
 7.90604321091  0.628788191923 
 9.10298177992  0.62877069056 
 10.4811313415  0.628751319502 
 12.0679264064  0.628730136483 
 13.8949549437  0.628706938955 
 15.9985871961  0.628681756453 
 18.4206996933  0.628654696675 
 21.2095088792  0.628625966425 
 24.4205309455  0.628595751657 
 28.1176869797  0.628564536124 
 32.3745754282  0.628532880024 
 37.2759372031  0.628501294144 
 42.9193426013  0.628470502382 
 49.4171336132  0.628441107295 
 56.8986602902  0.628413966666 
 65.512855686  0.628389636934 
 75.4312006335  0.628367816059 
 86.8511373751  0.628349126378 
 100.0  0.628333440768 
0.0372759372031 50 
 0.1  0.0999999999764 
 0.115139539933  0.11513953986 
 0.132571136559  0.132571136316 
 0.152641796718  0.152641795847 
 0.175751062485  0.175751059115 
 0.202358964773  0.202358950574 
 0.232995181052  0.232995115668 
 0.268269579528  0.268269248589 
 0.308884359648  0.308882507906 
 0.355648030622  0.355636506049 
 0.409491506238  0.409411266251 
 0.471486636346  0.47086127256 
 0.542867543932  0.537649227764 
 0.625055192527  0.590491631168 
 0.719685673001  0.607106169774 
 0.828642772855  0.609120412708 
 0.95409547635  0.60928320006 
 1.09854114199  0.609291459699 
 1.26485521686  0.609288613754 
 1.4563484775  0.609284637734 
 1.67683293681  0.609280111161 
 1.93069772888  0.609274931291 
 2.22299648253  0.60926924174 
 2.5595479227  0.609262629306 
 2.94705170255  0.609255313857 
 3.3932217719  0.609246939642 
 3.90693993705  0.609237528851 
 4.49843266897  0.60922697879 
 5.17947467923  0.609215097245 
 5.96362331659  0.60920182396 
 6.86648845004  0.609187045904 
 7.90604321091  0.609170600778 
 9.10298177992  0.609152446168 
 10.4811313415  0.609132466223 
 12.0679264064  0.609110595169 
 13.8949549437  0.609086867775 
 15.9985871961  0.609061329971 
 18.4206996933  0.609034180576 
 21.2095088792  0.609005633806 
 24.4205309455  0.60897611142 
 28.1176869797  0.608946008506 
 32.3745754282  0.608915932984 
 37.2759372031  0.608886477258 
 42.9193426013  0.608858169294 
 49.4171336132  0.608831597744 
 56.8986602902  0.608807235166 
 65.512855686  0.608785346448 
 75.4312006335  0.608766101852 
 86.8511373751  0.608749565805 
 100.0  0.608735598787 
0.0625055192527 50 
 0.1  0.0999999999603 
 0.115139539933  0.115139539809 
 0.132571136559  0.132571136151 
 0.152641796718  0.152641795248 
 0.175751062485  0.175751056822 
 0.202358964773  0.202358940929 
 0.232995181052  0.23299507128 
 0.268269579528  0.268269024082 
 0.308884359648  0.30888125134 
 0.355648030622  0.355628684541 
 0.409491506238  0.409356888175 
 0.471486636346  0.470443254237 
 0.542867543932  0.534511210216 
 0.625055192527  0.577902806029 
 0.719685673001  0.588707370079 
 0.828642772855  0.589897335593 
 0.95409547635  0.589990972445 
 1.09854114199  0.589994197831 
 1.26485521686  0.589990704201 
 1.4563484775  0.589986339856 
 1.67683293681  0.589981369476 
 1.93069772888  0.589975764605 
 2.22299648253  0.589969436158 
 2.5595479227  0.589962278213 
 2.94705170255  0.58995414637 
 3.3932217719  0.589945036196 
 3.90693993705  0.589934792915 
 4.49843266897  0.589923293997 
 5.17947467923  0.589910441198 
 5.96362331659  0.589896115899 
 6.86648845004  0.589880203365 
 7.90604321091  0.589862630949 
 9.10298177992  0.589843334173 
 10.4811313415  0.58982225382 
 12.0679264064  0.589799453644 
 13.8949549437  0.589774978787 
 15.9985871961  0.589748999131 
 18.4206996933  0.589721784318 
 21.2095088792  0.589693654534 
 24.4205309455  0.589665017121 
 28.1176869797  0.589636384414 
 32.3745754282  0.589608274949 
 37.2759372031  0.58958106079 
 42.9193426013  0.589555391538 
 49.4171336132  0.589531533039 
 56.8986602902  0.589509821204 
 65.512855686  0.589490344851 
 75.4312006335  0.589473307916 
 86.8511373751  0.589458633395 
 100.0  0.589446248464 
0.104811313415 50 
 0.1  0.0999999999325 
 0.115139539933  0.115139539718 
 0.132571136559  0.132571135867 
 0.152641796718  0.152641794198 
 0.175751062485  0.175751052936 
 0.202358964773  0.202358924618 
 0.232995181052  0.232994996332 
 0.268269579528  0.268268645347 
 0.308884359648  0.308879136994 
 0.355648030622  0.355615530648 
 0.409491506238  0.409265581863 
 0.471486636346  0.469751541312 
 0.542867543932  0.529806608362 
 0.625055192527  0.563475068596 
 0.719685673001  0.570242779423 
 0.828642772855  0.570939430091 
 0.95409547635  0.570992169576 
 1.09854114199  0.570992074589 
 1.26485521686  0.570987819443 
 1.4563484775  0.570982771948 
 1.67683293681  0.570977046414 
 1.93069772888  0.570970593581 
 2.22299648253  0.570963298521 
 2.5595479227  0.570955077734 
 2.94705170255  0.570945827167 
 3.3932217719  0.570935438928 
 3.90693993705  0.570923832683 
 4.49843266897  0.570910866558 
 5.17947467923  0.570896469136 
 5.96362331659  0.570880541552 
 6.86648845004  0.570863027416 
 7.90604321091  0.570843861051 
 9.10298177992  0.570823057794 
 10.4811313415  0.570800663527 
 12.0679264064  0.570776780635 
 13.8949549437  0.57075159206 
 15.9985871961  0.570725343498 
 18.4206996933  0.570698337984 
 21.2095088792  0.570670959444 
 24.4205309455  0.570643633209 
 28.1176869797  0.570616752037 
 32.3745754282  0.570590758938 
 37.2759372031  0.570566025265 
 42.9193426013  0.570542848527 
 49.4171336132  0.570521491004 
 56.8986602902  0.570502136365 
 65.512855686  0.570484880862 
 75.4312006335  0.570469775651 
 86.8511373751  0.570456708656 
 100.0  0.570445723432 
0.175751062485 50 
 0.1  0.0999999998787 
 0.115139539933  0.115139539547 
 0.132571136559  0.132571135355 
 0.152641796718  0.152641792599 
 0.175751062485  0.175751046233 
 0.202358964773  0.202358896597 
 0.232995181052  0.232994868357 
 0.268269579528  0.268267999833 
 0.308884359648  0.308875555403 
 0.355648030622  0.355593282919 
 0.409491506238  0.40911209554 
 0.471486636346  0.468616651633 
 0.542867543932  0.523103875885 
 0.625055192527  0.547710417377 
 0.719685673001  0.551826833233 
 0.828642772855  0.552230483219 
 0.95409547635  0.552258746806 
 1.09854114199  0.552256161427 
 1.26485521686  0.55225084364 
 1.4563484775  0.552244716048 
 1.67683293681  0.552237785797 
 1.93069772888  0.552229997922 
 2.22299648253  0.552221239739 
 2.5595479227  0.552211431339 
 2.94705170255  0.552200456537 
 3.3932217719  0.552188237506 
 3.90693993705  0.552174664409 
 4.49843266897  0.552159690963 
 5.17947467923  0.552143216602 
 5.96362331659  0.552125243557 
 6.86648845004  0.552105741018 
 7.90604321091  0.552084745705 
 9.10298177992  0.552062345079 
 10.4811313415  0.552038679206 
 12.0679264064  0.552013933748 
 13.8949549437  0.551988361414 
 15.9985871961  0.551962242184 
 18.4206996933  0.551935916564 
 21.2095088792  0.551909717218 
 24.4205309455  0.551884003822 
 28.1176869797  0.551859102599 
 32.3745754282  0.551835325681 
 37.2759372031  0.551812892171 
 42.9193426013  0.551792056762 
 49.4171336132  0.55177296384 
 56.8986602902  0.55175570148 
 65.512855686  0.551740352033 
 75.4312006335  0.55172688503 
 86.8511373751  0.551715271156 
 100.0  0.551705426059 
0.294705170255 50 
 0.1  0.0999999997421 
 0.115139539933  0.115139539276 
 0.132571136559  0.132571134462 
 0.152641796718  0.152641789307 
 0.175751062485  0.175751034167 
 0.202358964773  0.202358846462 
 0.232995181052  0.23299464226 
 0.268269579528  0.26826687128 
 0.308884359648  0.308869301206 
 0.355648030622  0.35555485163 
 0.409491506238  0.40885027887 
 0.471486636346  0.466772890775 
 0.542867543932  0.514118549538 
 0.625055192527  0.531059399407 
 0.719685673001  0.533504180265 
 0.828642772855  0.53373439939 
 0.95409547635  0.53374760759 
 1.09854114199  0.533742750247 
 1.26485521686  0.533735922632 
 1.4563484775  0.533728181644 
 1.67683293681  0.53371949851 
 1.93069772888  0.533709800219 
 2.22299648253  0.53369898508 
 2.5595479227  0.533686971097 
 2.94705170255  0.533673686691 
 3.3932217719  0.533659069221 
 3.90693993705  0.533643063498 
 4.49843266897  0.533625657208 
 5.17947467923  0.533606832407 
 5.96362331659  0.533586634361 
 6.86648845004  0.533565141701 
 7.90604321091  0.533542478024 
 9.10298177992  0.533518790302 
 10.4811313415  0.533494290208 
 12.0679264064  0.533469203252 
 13.8949549437  0.533443806508 
 15.9985871961  0.533418358934 
 18.4206996933  0.533393169077 
 21.2095088792  0.533368498712 
 24.4205309455  0.533344601577 
 28.1176869797  0.533321732158 
 32.3745754282  0.533300088757 
 37.2759372031  0.533279829236 
 42.9193426013  0.53326110199 
 49.4171336132  0.533243991441 
 56.8986602902  0.533228559607 
 65.512855686  0.53321479483 
 75.4312006335  0.53320276285 
 86.8511373751  0.53319230803 
 100.0  0.533183431817 
0.494171336132 50 
 0.1  0.0999999995731 
 0.115139539933  0.115139538652 
 0.132571136559  0.132571132539 
 0.152641796718  0.152641782632 
 0.175751062485  0.175751010074 
 0.202358964773  0.202358749306 
 0.232995181052  0.232994212919 
 0.268269579528  0.268264750766 
 0.308884359648  0.308857774378 
 0.355648030622  0.355485035572 
 0.409491506238  0.408385486304 
 0.471486636346  0.463742860596 
 0.542867543932  0.502615716871 
 0.625055192527  0.513713508368 
 0.719685673001  0.515175058732 
 0.828642772855  0.515309375985 
 0.95409547635  0.515316305688 
 1.09854114199  0.51531256125 
 1.26485521686  0.515307566985 
 1.4563484775  0.515301884032 
 1.67683293681  0.515295492022 
 1.93069772888  0.515288321111 
 2.22299648253  0.515280275465 
 2.5595479227  0.515271283694 
 2.94705170255  0.515261284097 
 3.3932217719  0.515250156081 
 3.90693993705  0.515237828865 
 4.49843266897  0.515224209421 
 5.17947467923  0.515209201151 
 5.96362331659  0.51519269625 
 6.86648845004  0.515174475857 
 7.90604321091  0.51515425103 
 9.10298177992  0.515130764149 
 10.4811313415  0.515106144434 
 12.0679264064  0.515081423021 
 13.8949549437  0.515056819714 
 15.9985871961  0.515032576612 
 18.4206996933  0.515008903448 
 21.2095088792  0.514985990383 
 24.4205309455  0.514964005771 
 28.1176869797  0.514943141621 
 32.3745754282  0.514923534512 
 37.2759372031  0.514905255157 
 42.9193426013  0.514888375294 
 49.4171336132  0.514873012338 
 56.8986602902  0.514859135235 
 65.512855686  0.514846767433 
 75.4312006335  0.514835821313 
 86.8511373751  0.514826287306 
 100.0  0.514818014403 
0.828642772855 50 
 0.1  0.0999999989899 
 0.115139539933  0.115139536846 
 0.132571136559  0.132571127318 
 0.152641796718  0.152641766077 
 0.175751062485  0.175750951267 
 0.202358964773  0.202358519903 
 0.232995181052  0.232993233941 
 0.268269579528  0.268260132556 
 0.308884359648  0.308833437001 
 0.355648030622  0.355342570037 
 0.409491506238  0.407480121473 
 0.471486636346  0.458569007155 
 0.542867543932  0.487891125374 
 0.625055192527  0.494643451518 
 0.719685673001  0.49548792896 
 0.828642772855  0.495568893362 
 0.95409547635  0.49557372686 
 1.09854114199  0.495572071463 
 1.26485521686  0.495569902634 
 1.4563484775  0.495567423031 
 1.67683293681  0.495564709206 
 1.93069772888  0.495561769987 
 2.22299648253  0.495558559543 
 2.5595479227  0.495555111758 
 2.94705170255  0.495551413592 
 3.3932217719  0.495547489768 
 3.90693993705  0.495543348973 
 4.49843266897  0.495539002256 
 5.17947467923  0.495534478987 
 5.96362331659  0.495529810915 
 6.86648845004  0.495525030646 
 7.90604321091  0.495520148176 
 9.10298177992  0.495515239801 
 10.4811313415  0.495510301228 
 12.0679264064  0.495505387445 
 13.8949549437  0.49550054486 
 15.9985871961  0.495495783939 
 18.4206996933  0.495491156112 
 21.2095088792  0.495486692347 
 24.4205309455  0.49548240157 
 28.1176869797  0.495478325283 
 32.3745754282  0.495474509586 
 37.2759372031  0.495470902011 
 42.9193426013  0.495467569636 
 49.4171336132  0.495464532697 
 56.8986602902  0.49546172713 
 65.512855686  0.495459203603 
 75.4312006335  0.495456935257 
 86.8511373751  0.495454904397 
 100.0  0.495453056641 
1.38949549437 50 
 0.1  0.0999999965272 
 0.115139539933  0.11513953108 
 0.132571136559  0.132571109727 
 0.152641796718  0.152641712031 
 0.175751062485  0.175750763594 
 0.202358964773  0.202357825417 
 0.232995181052  0.232990397024 
 0.268269579528  0.268247319362 
 0.308884359648  0.308769158019 
 0.355648030622  0.354985046555 
 0.409491506238  0.405390814957 
 0.471486636346  0.449019294876 
 0.542867543932  0.468183889965 
 0.625055192527  0.471853789757 
 0.719685673001  0.472306847889 
 0.828642772855  0.472351841024 
 0.95409547635  0.472354891966 
 1.09854114199  0.472354156996 
 1.26485521686  0.472353045432 
 1.4563484775  0.472351838468 
 1.67683293681  0.47235054881 
 1.93069772888  0.472349180389 
 2.22299648253  0.472347739065 
 2.5595479227  0.472346200678 
 2.94705170255  0.472344619991 
 3.3932217719  0.47234297179 
 3.90693993705  0.472341288213 
 4.49843266897  0.47233956024 
 5.17947467923  0.472337816348 
 5.96362331659  0.472336001071 
 6.86648845004  0.472334270897 
 7.90604321091  0.472332516031 
 9.10298177992  0.472330792981 
 10.4811313415  0.472329080405 
 12.0679264064  0.472327405866 
 13.8949549437  0.472325803007 
 15.9985871961  0.472324236857 
 18.4206996933  0.472322751522 
 21.2095088792  0.472321310094 
 24.4205309455  0.472319916489 
 28.1176869797  0.472318679616 
 32.3745754282  0.47231748801 
 37.2759372031  0.47231637754 
 42.9193426013  0.472315348974 
 49.4171336132  0.472314399156 
 56.8986602902  0.472313528501 
 65.512855686  0.472312715735 
 75.4312006335  0.472311954078 
 86.8511373751  0.472311247239 
 100.0  0.472310539077 
2.32995181052 50 
 0.1  0.0999999869521 
 0.115139539933  0.115139505445 
 0.132571136559  0.132571037863 
 0.152641796718  0.152641490858 
 0.175751062485  0.175750035903 
 0.202358964773  0.202355201858 
 0.232995181052  0.232980025292 
 0.268269579528  0.268202136975 
 0.308884359648  0.308551590467 
 0.355648030622  0.353846765146 
 0.409491506238  0.399640376746 
 0.471486636346  0.430569231368 
 0.542867543932  0.440241537835 
 0.625055192527  0.44185409696 
 0.719685673001  0.442055501576 
 0.828642772855  0.44207646257 
 0.95409547635  0.442078111546 
 1.09854114199  0.442077958425 
 1.26485521686  0.442077599648 
 1.4563484775  0.442077147377 
 1.67683293681  0.442076722429 
 1.93069772888  0.442076253119 
 2.22299648253  0.442075772259 
 2.5595479227  0.442075232631 
 2.94705170255  0.442074790595 
 3.3932217719  0.442074254651 
 3.90693993705  0.442073776501 
 4.49843266897  0.442073216632 
 5.17947467923  0.442072699231 
 5.96362331659  0.442072181829 
 6.86648845004  0.442071677536 
 7.90604321091  0.442071131338 
 9.10298177992  0.442070683866 
 10.4811313415  0.442070214857 
 12.0679264064  0.442069751716 
 13.8949549437  0.442069310651 
 15.9985871961  0.442068892193 
 18.4206996933  0.442068478138 
 21.2095088792  0.442068052586 
 24.4205309455  0.442067723439 
 28.1176869797  0.44206738197 
 32.3745754282  0.442067062038 
 37.2759372031  0.442066752498 
 42.9193426013  0.442066465499 
 49.4171336132  0.442066195236 
 56.8986602902  0.442065918115 
 65.512855686  0.442065681224 
 75.4312006335  0.44206542862 
 86.8511373751  0.442065160846 
 100.0  0.44206491249 
3.90693993705 50 
 0.1  0.0999999452398 
 0.115139539933  0.115139394946 
 0.132571136559  0.13257072468 
 0.152641796718  0.152640538866 
 0.175751062485  0.175746907846 
 0.202358964773  0.202344033786 
 0.232995181052  0.232936482543 
 0.268269579528  0.268016092766 
 0.308884359648  0.307686791557 
 0.355648030622  0.349729508726 
 0.409491506238  0.384060991488 
 0.471486636346  0.399179679706 
 0.542867543932  0.402551737302 
 0.625055192527  0.403068643686 
 0.719685673001  0.403134003044 
 0.828642772855  0.403141060345 
 0.95409547635  0.403141683431 
 1.09854114199  0.403141723647 
 1.26485521686  0.40314163665 
 1.4563484775  0.403141643696 
 1.67683293681  0.403141582814 
 1.93069772888  0.403141532283 
 2.22299648253  0.403141466564 
 2.5595479227  0.403142325771 
 2.94705170255  0.403141342644 
 3.3932217719  0.403141269729 
 3.90693993705  0.403141227324 
 4.49843266897  0.403141165035 
 5.17947467923  0.403141102734 
 5.96362331659  0.403141041445 
 6.86648845004  0.403140976412 
 7.90604321091  0.403140963352 
 9.10298177992  0.403140866169 
 10.4811313415  0.403140827261 
 12.0679264064  0.403140779607 
 13.8949549437  0.403140720304 
 15.9985871961  0.403140708381 
 18.4206996933  0.40314062599 
 21.2095088792  0.403140592375 
 24.4205309455  0.403140562418 
 28.1176869797  0.403140524418 
 32.3745754282  0.403140470765 
 37.2759372031  0.403140424667 
 42.9193426013  0.403140392247 
 49.4171336132  0.403140356607 
 56.8986602902  0.40314033544 
 65.512855686  0.40314030704 
 75.4312006335  0.403140261663 
 86.8511373751  0.403140208166 
 100.0  0.403140122759 
6.5512855686 50 
 0.1  0.0999998093182 
 0.115139539933  0.115139002096 
 0.132571136559  0.132569537429 
 0.152641796718  0.152636746212 
 0.175751062485  0.175734003362 
 0.202358964773  0.202296884048 
 0.232995181052  0.23275054726 
 0.268269579528  0.267227038016 
 0.308884359648  0.304229788816 
 0.355648030622  0.336631106163 
 0.409491506238  0.35366666858 
 0.471486636346  0.358355788691 
 0.542867543932  0.359208833382 
 0.625055192527  0.359334779288 
 0.719685673001  0.359350765484 
 0.828642772855  0.359352525593 
 0.95409547635  0.359352679991 
 1.09854114199  0.359352738232 
 1.26485521686  0.359352690706 
 1.4563484775  0.359352755758 
 1.67683293681  0.35935282234 
 1.93069772888  0.359352884216 
 2.22299648253  0.359352915533 
 2.5595479227  0.359352862472 
 2.94705170255  0.359352994343 
 3.3932217719  0.359352985498 
 3.90693993705  0.359352959252 
 4.49843266897  0.359353083463 
 5.17947467923  0.359353038928 
 5.96362331659  0.359353117137 
 6.86648845004  0.359353059851 
 7.90604321091  0.359353161065 
 9.10298177992  0.359353248817 
 10.4811313415  0.359353275773 
 12.0679264064  0.3593532364 
 13.8949549437  0.359353272663 
 15.9985871961  0.359353290888 
 18.4206996933  0.359353333672 
 21.2095088792  0.359353443684 
 24.4205309455  0.359353365001 
 28.1176869797  0.359353396425 
 32.3745754282  0.359353502746 
 37.2759372031  0.359353464479 
 42.9193426013  0.359353473663 
 49.4171336132  0.35935349838 
 56.8986602902  0.359353500128 
 65.512855686  0.359353567798 
 75.4312006335  0.359353619968 
 86.8511373751  0.359353698454 
 100.0  0.35935374671 
10.9854114199 50 
 0.1  0.0999995965393 
 0.115139539933  0.11513829154 
 0.132571136559  0.132567042303 
 0.152641796718  0.152627577141 
 0.175751062485  0.175698612934 
 0.202358964773  0.202152893802 
 0.232995181052  0.232135198294 
 0.268269579528  0.264556683673 
 0.308884359648  0.294019573911 
 0.355648030622  0.311112355672 
 0.409491506238  0.316450444551 
 0.471486636346  0.317529497816 
 0.542867543932  0.317705670995 
 0.625055192527  0.317730701538 
 0.719685673001  0.317733826357 
 0.828642772855  0.317734164029 
 0.95409547635  0.317734199746 
 1.09854114199  0.317734221206 
 1.26485521686  0.317734228275 
 1.4563484775  0.31773422769 
 1.67683293681  0.317734250609 
 1.93069772888  0.317734269276 
 2.22299648253  0.31773428179 
 2.5595479227  0.317734307621 
 2.94705170255  0.317734354268 
 3.3932217719  0.317734379631 
 3.90693993705  0.317734415926 
 4.49843266897  0.317734434468 
 5.17947467923  0.317734466443 
 5.96362331659  0.317734499679 
 6.86648845004  0.317734535649 
 7.90604321091  0.317734559545 
 9.10298177992  0.317734589279 
 10.4811313415  0.31773460538 
 12.0679264064  0.317734638196 
 13.8949549437  0.317734667856 
 15.9985871961  0.317734690285 
 18.4206996933  0.317734714959 
 21.2095088792  0.317734737845 
 24.4205309455  0.317734768652 
 28.1176869797  0.317734800715 
 32.3745754282  0.317734823145 
 37.2759372031  0.317734856984 
 42.9193426013  0.31773490736 
 49.4171336132  0.317734953158 
 56.8986602902  0.317735005145 
 65.512855686  0.317735093314 
 75.4312006335  0.317735225397 
 86.8511373751  0.317735362858 
 100.0  0.317735569479 
18.4206996933 50 
 0.1  0.0999994308633 
 0.115139539933  0.115137678978 
 0.132571136559  0.132564667882 
 0.152641796718  0.152617759043 
 0.175751062485  0.175655433256 
 0.202358964773  0.201951668701 
 0.232995181052  0.231166324903 
 0.268269579528  0.260223911861 
 0.308884359648  0.280547303773 
 0.355648030622  0.288057151147 
 0.409491506238  0.289629677449 
 0.471486636346  0.289878352633 
 0.542867543932  0.289912663272 
 0.625055192527  0.289916919843 
 0.719685673001  0.289917396308 
 0.828642772855  0.289917450749 
 0.95409547635  0.289917450713 
 1.09854114199  0.289917452007 
 1.26485521686  0.289917474016 
 1.4563484775  0.289917459475 
 1.67683293681  0.289917464081 
 1.93069772888  0.289917470101 
 2.22299648253  0.289917478011 
 2.5595479227  0.28991749361 
 2.94705170255  0.289917502759 
 3.3932217719  0.289917519331 
 3.90693993705  0.289917534448 
 4.49843266897  0.289917559886 
 5.17947467923  0.289917575754 
 5.96362331659  0.289917595592 
 6.86648845004  0.289917610993 
 7.90604321091  0.289917631288 
 9.10298177992  0.289917644663 
 10.4811313415  0.289917660047 
 12.0679264064  0.289917676063 
 13.8949549437  0.289917686189 
 15.9985871961  0.289917704827 
 18.4206996933  0.289917734248 
 21.2095088792  0.289917755393 
 24.4205309455  0.289917764539 
 28.1176869797  0.289917797353 
 32.3745754282  0.289917821049 
 37.2759372031  0.289917864368 
 42.9193426013  0.289917920046 
 49.4171336132  0.289917980696 
 56.8986602902  0.289918067657 
 65.512855686  0.289918194176 
 75.4312006335  0.289918354189 
 86.8511373751  0.289918587378 
 100.0  0.289918931337 
30.8884359648 50 
 0.1  0.0999993224992 
 0.115139539933  0.115137287857 
 0.132571136559  0.132563109598 
 0.152641796718  0.152611138932 
 0.175751062485  0.17562501221 
 0.202358964773  0.201802432176 
 0.232995181052  0.230418781543 
 0.268269579528  0.257038122708 
 0.308884359648  0.272616592435 
 0.355648030622  0.277151654668 
 0.409491506238  0.277946733909 
 0.471486636346  0.278057189539 
 0.542867543932  0.27807058386 
 0.625055192527  0.27807202612 
 0.719685673001  0.278072163323 
 0.828642772855  0.278072174286 
 0.95409547635  0.278072172404 
 1.09854114199  0.278072180119 
 1.26485521686  0.278072180293 
 1.4563484775  0.278072179355 
 1.67683293681  0.278072185333 
 1.93069772888  0.278072189383 
 2.22299648253  0.278072182265 
 2.5595479227  0.278072192473 
 2.94705170255  0.2780721964 
 3.3932217719  0.278072203767 
 3.90693993705  0.278072214194 
 4.49843266897  0.278072225613 
 5.17947467923  0.278072236714 
 5.96362331659  0.278072241699 
 6.86648845004  0.278072257239 
 7.90604321091  0.27807226485 
 9.10298177992  0.2780722779 
 10.4811313415  0.278072289048 
 12.0679264064  0.27807229834 
 13.8949549437  0.278072308071 
 15.9985871961  0.278072333784 
 18.4206996933  0.278072343532 
 21.2095088792  0.278072365238 
 24.4205309455  0.278072384475 
 28.1176869797  0.27807242412 
 32.3745754282  0.278072459874 
 37.2759372031  0.278072518965 
 42.9193426013  0.27807258702 
 49.4171336132  0.278072685715 
 56.8986602902  0.278072820307 
 65.512855686  0.278072992757 
 75.4312006335  0.278073237129 
 86.8511373751  0.278073595931 
 100.0  0.278074087004 
51.7947467923 50 
 0.1  0.0999992588006 
 0.115139539933  0.115137050857 
 0.132571136559  0.132562178929 
 0.152641796718  0.152607124861 
 0.175751062485  0.175606447539 
 0.202358964773  0.201710902863 
 0.232995181052  0.229965208052 
 0.268269579528  0.255244787439 
 0.308884359648  0.268777508564 
 0.355648030622  0.272362323231 
 0.409491506238  0.27295988672 
 0.471486636346  0.27304058239 
 0.542867543932  0.273050088546 
 0.625055192527  0.273051072383 
 0.719685673001  0.273051154844 
 0.828642772855  0.273051172769 
 0.95409547635  0.273051172488 
 1.09854114199  0.273051178046 
 1.26485521686  0.273051179768 
 1.4563484775  0.273051178083 
 1.67683293681  0.273051181329 
 1.93069772888  0.27305118242 
 2.22299648253  0.273051189616 
 2.5595479227  0.27305119544 
 2.94705170255  0.273051192358 
 3.3932217719  0.273051192877 
 3.90693993705  0.273051196336 
 4.49843266897  0.273051201684 
 5.17947467923  0.273051204844 
 5.96362331659  0.273051215453 
 6.86648845004  0.273051221306 
 7.90604321091  0.273051233675 
 9.10298177992  0.273051243328 
 10.4811313415  0.273051255968 
 12.0679264064  0.273051268393 
 13.8949549437  0.273051280463 
 15.9985871961  0.273051296938 
 18.4206996933  0.273051319467 
 21.2095088792  0.273051347169 
 24.4205309455  0.273051382407 
 28.1176869797  0.273051426767 
 32.3745754282  0.273051489467 
 37.2759372031  0.273051568462 
 42.9193426013  0.273051678091 
 49.4171336132  0.273051832847 
 56.8986602902  0.273052032764 
 65.512855686  0.273052323359 
 75.4312006335  0.273052727803 
 86.8511373751  0.273053287146 
 100.0  0.273054069351 
86.8511373751 50 
 0.1  0.0999992210987 
 0.115139539933  0.115136907311 
 0.132571136559  0.132561614454 
 0.152641796718  0.152604713399 
 0.175751062485  0.175595348657 
 0.202358964773  0.20165630191 
 0.232995181052  0.229698239837 
 0.268269579528  0.254241135847 
 0.308884359648  0.266789066365 
 0.355648030622  0.269976629204 
 0.409491506238  0.270499061148 
 0.471486636346  0.270569208326 
 0.542867543932  0.270577439391 
 0.625055192527  0.270578294764 
 0.719685673001  0.270578376629 
 0.828642772855  0.270578387492 
 0.95409547635  0.270578394447 
 1.09854114199  0.270578398171 
 1.26485521686  0.270578397679 
 1.4563484775  0.270578416596 
 1.67683293681  0.2705784139 
 1.93069772888  0.270578421832 
 2.22299648253  0.270578422936 
 2.5595479227  0.270578420114 
 2.94705170255  0.270578434108 
 3.3932217719  0.270578446126 
 3.90693993705  0.270578444059 
 4.49843266897  0.270578447736 
 5.17947467923  0.270578451306 
 5.96362331659  0.270578457493 
 6.86648845004  0.27057846473 
 7.90604321091  0.270578475609 
 9.10298177992  0.270578480895 
 10.4811313415  0.270578493073 
 12.0679264064  0.270578505661 
 13.8949549437  0.270578528632 
 15.9985871961  0.270578550734 
 18.4206996933  0.270578579158 
 21.2095088792  0.270578622642 
 24.4205309455  0.270578673535 
 28.1176869797  0.270578734822 
 32.3745754282  0.270578839157 
 37.2759372031  0.270578971361 
 42.9193426013  0.27057914987 
 49.4171336132  0.270579394176 
 56.8986602902  0.270579732027 
 65.512855686  0.270580204163 
 75.4312006335  0.270580839631 
 86.8511373751  0.270581738161 
 100.0  0.270582969843 
145.63484775 50 
 0.1  0.0999991977682 
 0.115139539933  0.115136822261 
 0.132571136559  0.132561280119 
 0.152641796718  0.152603281564 
 0.175751062485  0.175588726506 
 0.202358964773  0.201623814607 
 0.232995181052  0.22954074638 
 0.268269579528  0.253666144688 
 0.308884359648  0.265694260971 
 0.355648030622  0.268685819418 
 0.409491506238  0.269172507932 
 0.471486636346  0.269237757009 
 0.542867543932  0.269245424769 
 0.625055192527  0.269246228234 
 0.719685673001  0.269246317415 
 0.828642772855  0.269246335658 
 0.95409547635  0.269246361168 
 1.09854114199  0.26924637182 
 1.26485521686  0.269246385928 
 1.4563484775  0.269246404765 
 1.67683293681  0.269246416478 
 1.93069772888  0.269246429488 
 2.22299648253  0.269246439165 
 2.5595479227  0.269246451971 
 2.94705170255  0.269246455163 
 3.3932217719  0.26924647201 
 3.90693993705  0.269246485902 
 4.49843266897  0.269246494542 
 5.17947467923  0.269246506554 
 5.96362331659  0.269246504 
 6.86648845004  0.269246512848 
 7.90604321091  0.269246534851 
 9.10298177992  0.269246541587 
 10.4811313415  0.269246558895 
 12.0679264064  0.269246580345 
 13.8949549437  0.269246620659 
 15.9985871961  0.269246641572 
 18.4206996933  0.269246688843 
 21.2095088792  0.269246750836 
 24.4205309455  0.269246841332 
 28.1176869797  0.269246953159 
 32.3745754282  0.269247109451 
 37.2759372031  0.2692473253 
 42.9193426013  0.269247608238 
 49.4171336132  0.269248012256 
 56.8986602902  0.269248549767 
 65.512855686  0.269249302131 
 75.4312006335  0.269250320678 
 86.8511373751  0.269251729413 
 100.0  0.269253604282 
244.205309455 50 
 0.1  0.0999991839591 
 0.115139539933  0.115136771007 
 0.132571136559  0.132561078633 
 0.152641796718  0.152602424488 
 0.175751062485  0.175584776769 
 0.202358964773  0.201604465547 
 0.232995181052  0.229447445007 
 0.268269579528  0.253331243766 
 0.308884359648  0.265070190207 
 0.355648030622  0.267956396774 
 0.409491506238  0.268424227356 
 0.471486636346  0.268486929265 
 0.542867543932  0.268494312797 
 0.625055192527  0.268495121418 
 0.719685673001  0.268495243281 
 0.828642772855  0.268495298858 
 0.95409547635  0.268495345924 
 1.09854114199  0.268495387584 
 1.26485521686  0.268495448035 
 1.4563484775  0.268495478635 
 1.67683293681  0.26849550036 
 1.93069772888  0.268495531622 
 2.22299648253  0.268495570343 
 2.5595479227  0.268495595137 
 2.94705170255  0.268495628358 
 3.3932217719  0.268495655124 
 3.90693993705  0.26849568481 
 4.49843266897  0.268495709461 
 5.17947467923  0.268495734082 
 5.96362331659  0.268495753283 
 6.86648845004  0.268495781655 
 7.90604321091  0.268495798322 
 9.10298177992  0.268495821246 
 10.4811313415  0.268495842864 
 12.0679264064  0.26849586865 
 13.8949549437  0.268495916419 
 15.9985871961  0.268495973151 
 18.4206996933  0.268496042701 
 21.2095088792  0.268496152182 
 24.4205309455  0.268496282409 
 28.1176869797  0.268496463711 
 32.3745754282  0.268496717872 
 37.2759372031  0.268497075657 
 42.9193426013  0.268497519178 
 49.4171336132  0.268498155155 
 56.8986602902  0.268499024898 
 65.512855686  0.268500163686 
 75.4312006335  0.268501782222 
 86.8511373751  0.268503829272 
 100.0  0.268506567113 
409.491506238 50 
 0.1  0.0999991711975 
 0.115139539933  0.115136739509 
 0.132571136559  0.132560953745 
 0.152641796718  0.152601913617 
 0.175751062485  0.175582421471 
 0.202358964773  0.20159293504 
 0.232995181052  0.22939203099 
 0.268269579528  0.253134304643 
 0.308884359648  0.264707558574 
 0.355648030622  0.267534552235 
 0.409491506238  0.267991885966 
 0.471486636346  0.268053256043 
 0.542867543932  0.268060572525 
 0.625055192527  0.268061448805 
 0.719685673001  0.268061653041 
 0.828642772855  0.268061810247 
 0.95409547635  0.268061915714 
 1.09854114199  0.268062034456 
 1.26485521686  0.268062144963 
 1.4563484775  0.268062241107 
 1.67683293681  0.26806234069 
 1.93069772888  0.268062433737 
 2.22299648253  0.268062513865 
 2.5595479227  0.268062603904 
 2.94705170255  0.26806268163 
 3.3932217719  0.268062752918 
 3.90693993705  0.268062819358 
 4.49843266897  0.268062892102 
 5.17947467923  0.268062952225 
 5.96362331659  0.268063001891 
 6.86648845004  0.268063053024 
 7.90604321091  0.268063114078 
 9.10298177992  0.268063153708 
 10.4811313415  0.268063201193 
 12.0679264064  0.268063254823 
 13.8949549437  0.268063317795 
 15.9985871961  0.268063415868 
 18.4206996933  0.268063539638 
 21.2095088792  0.268063662995 
 24.4205309455  0.268063889422 
 28.1176869797  0.268064155424 
 32.3745754282  0.268064549316 
 37.2759372031  0.268065050659 
 42.9193426013  0.268065737102 
 49.4171336132  0.268066683548 
 56.8986602902  0.26806794887 
 65.512855686  0.268069641418 
 75.4312006335  0.26807187931 
 86.8511373751  0.268074749 
 100.0  0.268078326173 
686.648845004 50 
 0.1  0.0999991689748 
 0.115139539933  0.115136722734 
 0.132571136559  0.132560887321 
 0.152641796718  0.152601608524 
 0.175751062485  0.175581013744 
 0.202358964773  0.20158606369 
 0.232995181052  0.229359064277 
 0.268269579528  0.253017797592 
 0.308884359648  0.264494529483 
 0.355648030622  0.26728748665 
 0.409491506238  0.26773886915 
 0.471486636346  0.267799619429 
 0.542867543932  0.267807089609 
 0.625055192527  0.267808218651 
 0.719685673001  0.267808634387 
 0.828642772855  0.267808977255 
 0.95409547635  0.267809293366 
 1.09854114199  0.267809574163 
 1.26485521686  0.267809853235 
 1.4563484775  0.26781011728 
 1.67683293681  0.267810331844 
 1.93069772888  0.26781055919 
 2.22299648253  0.26781077533 
 2.5595479227  0.267810963854 
 2.94705170255  0.267811141703 
 3.3932217719  0.267811316381 
 3.90693993705  0.267811489969 
 4.49843266897  0.267811624412 
 5.17947467923  0.267811767188 
 5.96362331659  0.267811895728 
 6.86648845004  0.267812023698 
 7.90604321091  0.267812147383 
 9.10298177992  0.267812247975 
 10.4811313415  0.267812341326 
 12.0679264064  0.267812455812 
 13.8949549437  0.267812547121 
 15.9985871961  0.267812644866 
 18.4206996933  0.267812809402 
 21.2095088792  0.267812996644 
 24.4205309455  0.267813277487 
 28.1176869797  0.267813664143 
 32.3745754282  0.26781412406 
 37.2759372031  0.267814799934 
 42.9193426013  0.267815716808 
 49.4171336132  0.267816948074 
 56.8986602902  0.267818605292 
 65.512855686  0.267820780839 
 75.4312006335  0.267823573689 
 86.8511373751  0.267827018428 
 100.0  0.267830794822 
1151.39539933 50 
 0.1  0.099999163567 
 0.115139539933  0.115136711448 
 0.132571136559  0.132560843327 
 0.152641796718  0.15260142539 
 0.175751062485  0.175580177658 
 0.202358964773  0.201581946869 
 0.232995181052  0.229339424916 
 0.268269579528  0.252948660603 
 0.308884359648  0.264368652941 
 0.355648030622  0.267141697391 
 0.409491506238  0.26758983323 
 0.471486636346  0.26765061049 
 0.542867543932  0.267658636983 
 0.625055192527  0.267660324519 
 0.719685673001  0.267661253609 
 0.828642772855  0.267662031537 
 0.95409547635  0.267662750707 
 1.09854114199  0.267663363799 
 1.26485521686  0.26766393486 
 1.4563484775  0.267664470987 
 1.67683293681  0.267664943821 
 1.93069772888  0.267665375019 
 2.22299648253  0.2676657711 
 2.5595479227  0.267666138745 
 2.94705170255  0.267666473101 
 3.3932217719  0.267666814105 
 3.90693993705  0.267667069583 
 4.49843266897  0.267667334883 
 5.17947467923  0.267667584022 
 5.96362331659  0.267667807799 
 6.86648845004  0.267668014264 
 7.90604321091  0.267668209659 
 9.10298177992  0.267668400708 
 10.4811313415  0.267668570953 
 12.0679264064  0.267668751583 
 13.8949549437  0.267668868975 
 15.9985871961  0.267669041023 
 18.4206996933  0.267669148696 
 21.2095088792  0.267669358857 
 24.4205309455  0.267669603617 
 28.1176869797  0.267669975738 
 32.3745754282  0.267670477067 
 37.2759372031  0.267671123455 
 42.9193426013  0.267672044564 
 49.4171336132  0.267673297808 
 56.8986602902  0.267675031767 
 65.512855686  0.267677361926 
 75.4312006335  0.267680240862 
 86.8511373751  34.2161616468 
 100.0  63.0574455878 
1930.69772888 50 
 0.1  0.0999991619946 
 0.115139539933  0.11513670462 
 0.132571136559  0.132560815897 
 0.152641796718  0.152601313845 
 0.175751062485  0.175579678239 
 0.202358964773  0.201579520145 
 0.232995181052  0.2293277255 
 0.268269579528  0.252907544135 
 0.308884359648  0.264294003203 
 0.355648030622  0.267055418234 
 0.409491506238  0.267501998996 
 0.471486636346  0.267563589628 
 0.542867543932  0.267572899809 
 0.625055192527  0.267575643638 
 0.719685673001  0.26757740963 
 0.828642772855  0.267578845214 
 0.95409547635  0.267580024741 
 1.09854114199  0.267581032788 
 1.26485521686  0.267581888948 
 1.4563484775  0.267582639059 
 1.67683293681  0.267583292599 
 1.93069772888  0.267583903209 
 2.22299648253  0.26758441783 
 2.5595479227  0.267584899223 
 2.94705170255  0.267585273023 
 3.3932217719  0.267585663001 
 3.90693993705  0.26758597302 
 4.49843266897  0.267586330498 
 5.17947467923  0.26758654186 
 5.96362331659  0.267586832652 
 6.86648845004  0.267587063311 
 7.90604321091  0.267587275093 
 9.10298177992  0.267587477077 
 10.4811313415  0.267587652416 
 12.0679264064  0.267587802442 
 13.8949549437  0.267587967434 
 15.9985871961  0.267588070644 
 18.4206996933  0.267588168718 
 21.2095088792  0.267588295211 
 24.4205309455  0.26758844018 
 28.1176869797  0.267588678306 
 32.3745754282  0.267589060855 
 37.2759372031  0.26758938944 
 42.9193426013  0.267590072857 
 49.4171336132  0.267591005149 
 56.8986602902  0.26759228937 
 65.512855686  15.0137482363 
 75.4312006335  42.5148556156 
 86.8511373751  61.9374265775 
 100.0  80.4368040162 
3237.45754282 50 
 0.1  0.099999163252 
 0.115139539933  0.115136699767 
 0.132571136559  0.132560801226 
 0.152641796718  0.15260124967 
 0.175751062485  0.175579378299 
 0.202358964773  0.201578059384 
 0.232995181052  0.229320740119 
 0.268269579528  0.252883069659 
 0.308884359648  0.264249620419 
 0.355648030622  0.267004335656 
 0.409491506238  0.267450669265 
 0.471486636346  0.267514155291 
 0.542867543932  0.267525435546 
 0.625055192527  0.267529441292 
 0.719685673001  0.267531872511 
 0.828642772855  0.267533607914 
 0.95409547635  0.267534866898 
 1.09854114199  0.26753595189 
 1.26485521686  0.267536669411 
 1.4563484775  0.267537348097 
 1.67683293681  0.267537984003 
 1.93069772888  0.267538523285 
 2.22299648253  0.267538766644 
 2.5595479227  0.267539041792 
 2.94705170255  0.267539324549 
 3.3932217719  0.395390575749 
 3.90693993705  0.457007824486 
 4.49843266897  0.493320557665 
 5.17947467923  0.527006749411 
 5.96362331659  0.560585241446 
 6.86648845004  0.594727331783 
 7.90604321091  0.629612584494 
 9.10298177992  0.665252066326 
 10.4811313415  0.701591105805 
 12.0679264064  0.738545582917 
 13.8949549437  0.776015315473 
 15.9985871961  0.813889241632 
 18.4206996933  0.852047618125 
 21.2095088792  0.890363103687 
 24.4205309455  0.928701515918 
 28.1176869797  0.976831024102 
 32.3745754282  1.06210131635 
 37.2759372031  1.23790612313 
 42.9193426013  1.72537526688 
 49.4171336132  4.86659435377 
 56.8986602902  27.9229760794 
 65.512855686  43.8595889094 
 75.4312006335  58.4134172271 
 86.8511373751  73.20686288 
 100.0  88.9629327039 
5428.67543932 50 
 0.1  0.0999991627665 
 0.115139539933  0.115136697437 
 0.132571136559  0.132560789982 
 0.152641796718  0.152601208734 
 0.175751062485  0.175579194596 
 0.202358964773  0.201577169754 
 0.232995181052  0.229316586425 
 0.268269579528  0.252868495146 
 0.308884359648  0.264223277521 
 0.355648030622  0.266974268609 
 0.409491506238  0.267421541398 
 0.471486636346  0.267487847253 
 0.542867543932  0.267500865164 
 0.625055192527  0.267505126521 
 0.719685673001  0.267507253571 
 0.828642772855  0.443527088404 
 0.95409547635  0.51537063915 
 1.09854114199  0.578971157899 
 1.26485521686  0.647480275349 
 1.4563484775  0.722878828762 
 1.67683293681  0.805997581172 
 1.93069772888  0.897507807982 
 2.22299648253  0.998077707809 
 2.5595479227  1.10839456114 
 2.94705170255  1.22916447575 
 3.3932217719  1.36110787889 
 3.90693993705  1.50495342307 
 4.49843266897  1.66143076407 
 5.17947467923  1.83126178365 
 5.96362331659  2.01515065135 
 6.86648845004  2.21377227332 
 7.90604321091  2.42775917529 
 9.10298177992  2.65768675997 
 10.4811313415  2.90405678978 
 12.0679264064  3.16727914431 
 13.8949549437  3.44765205571 
 15.9985871961  3.74534019195 
 18.4206996933  4.06035155829 
 21.2095088792  4.39251290206 
 24.4205309455  4.7414440103 
 28.1176869797  5.10653135837 
 32.3745754282  5.55259466035 
 37.2759372031  6.98995194288 
 42.9193426013  17.5457819582 
 49.4171336132  30.8656721128 
 56.8986602902  42.3486454282 
 65.512855686  53.806690671 
 75.4312006335  65.9018999071 
 86.8511373751  79.0531641863 
 100.0  93.6094783385 
9102.98177992 50 
 0.1  0.0999991622232 
 0.115139539933  0.115136697828 
 0.132571136559  0.13256078712 
 0.152641796718  0.152601185433 
 0.175751062485  0.175579088305 
 0.202358964773  0.201576651174 
 0.232995181052  0.229314099684 
 0.268269579528  0.252859811016 
 0.308884359648  0.264207657554 
 0.355648030622  0.266956863507 
 0.409491506238  0.267406161992 
 0.471486636346  0.267475135746 
 0.542867543932  0.267488081988 
 0.625055192527  0.506727988931 
 0.719685673001  0.582019839019 
 0.828642772855  0.663579050427 
 0.95409547635  0.755649475606 
 1.09854114199  0.859977894166 
 1.26485521686  0.978161052957 
 1.4563484775  1.11193849519 
 1.67683293681  1.26324273492 
 1.93069772888  1.43422101297 
 2.22299648253  1.62725476124 
 2.5595479227  1.84497946448 
 2.94705170255  2.09030505428 
 3.3932217719  2.36643592477 
 3.90693993705  2.67689161564 
 4.49843266897  3.02552567681 
 5.17947467923  3.41654341284 
 5.96362331659  3.85451700473 
 6.86648845004  4.34439698716 
 7.90604321091  4.89151860776 
 9.10298177992  5.50160132032 
 10.4811313415  6.18073916959 
 12.0679264064  6.9353795585 
 13.8949549437  7.77228702407 
 15.9985871961  8.69848820504 
 18.4206996933  9.7211941788 
 21.2095088792  10.8476931827 
 24.4205309455  12.0852099433 
 28.1176869797  13.4407230961 
 32.3745754282  14.9207356521 
 37.2759372031  21.5490848509 
 42.9193426013  30.64704245 
 49.4171336132  39.5294191794 
 56.8986602902  48.814233201 
 65.512855686  58.8553012703 
 75.4312006335  69.9321876167 
 86.8511373751  82.3075237369 
 100.0  96.2516260582 
15264.1796718 50 
 0.1  0.0999991568642 
 0.115139539933  0.115136697184 
 0.132571136559  0.132560785393 
 0.152641796718  0.152601166105 
 0.175751062485  0.175579022186 
 0.202358964773  0.201576337233 
 0.232995181052  0.229312617472 
 0.268269579528  0.252854652229 
 0.308884359648  0.264198481519 
 0.355648030622  0.266947285084 
 0.409491506238  0.2673992932 
 0.471486636346  0.267469280646 
 0.542867543932  0.503029280016 
 0.625055192527  0.580515056899 
 0.719685673001  0.666268746843 
 0.828642772855  0.764144102143 
 0.95409547635  0.87617811098 
 1.09854114199  1.00442249921 
 1.26485521686  1.1511827491 
 1.4563484775  1.31907944132 
 1.67683293681  1.51109262127 
 1.93069772888  1.73060899192 
 2.22299648253  1.98147452159 
 2.5595479227  2.2680531651 
 2.94705170255  2.59529226395 
 3.3932217719  2.96879520594 
 3.90693993705  3.39490181973 
 4.49843266897  3.88077705348 
 5.17947467923  4.43450827412 
 5.96362331659  5.06521149408 
 6.86648845004  5.78314654482 
 7.90604321091  6.59984141339 
 9.10298177992  7.52822236322 
 10.4811313415  8.58275493299 
 12.0679264064  9.77958534649 
 13.8949549437  11.1366850307 
 15.9985871961  12.6739908738 
 18.4206996933  14.4135346249 
 21.2095088792  16.3795513928 
 24.4205309455  18.5985536417 
 28.1176869797  21.1914853157 
 32.3745754282  24.8655166553 
 37.2759372031  29.8094568305 
 42.9193426013  36.1707566596 
 49.4171336132  43.821658072 
 56.8986602902  52.2489166184 
 65.512855686  61.6428284298 
 75.4312006335  72.2113002176 
 86.8511373751  84.1770481177 
 100.0  97.7858844099 
25595.479227 50 
 0.1  0.0999991596914 
 0.115139539933  0.11513669619 
 0.132571136559  0.132560783055 
 0.152641796718  0.152601163905 
 0.175751062485  0.175578986325 
 0.202358964773  0.201576153201 
 0.232995181052  0.229311738868 
 0.268269579528  0.252851593193 
 0.308884359648  0.264193230477 
 0.355648030622  0.266942729552 
 0.409491506238  0.267397364981 
 0.471486636346  0.454586895568 
 0.542867543932  0.528943590572 
 0.625055192527  0.608777341575 
 0.719685673001  0.700050510091 
 0.828642772855  0.804884621545 
 0.95409547635  0.925342491291 
 1.09854114199  1.0637444813 
 1.26485521686  1.22274666877 
 1.4563484775  1.4053938014 
 1.67683293681  1.61517618907 
 1.93069772888  1.85609348402 
 2.22299648253  2.13272802751 
 2.5595479227  2.45032811375 
 2.94705170255  2.8149028396 
 3.3932217719  3.2333299867 
 3.90693993705  3.71347861457 
 4.49843266897  4.26434819417 
 5.17947467923  4.89622626929 
 5.96362331659  5.62086700461 
 6.86648845004  6.45169256088 
 7.90604321091  7.40402052414 
 9.10298177992  8.49531896012 
 10.4811313415  9.74549294049 
 12.0679264064  11.1772037062 
 13.8949549437  12.8162237362 
 15.9985871961  14.6918286762 
 18.4206996933  16.837228088 
 21.2095088792  19.2900273889 
 24.4205309455  22.0927332397 
 28.1176869797  25.2977659249 
 32.3745754282  29.1551783441 
 37.2759372031  33.8494067433 
 42.9193426013  39.4884819473 
 49.4171336132  46.2184926066 
 56.8986602902  54.180591017 
 65.512855686  63.238032393 
 75.4312006335  73.5310503834 
 86.8511373751  85.2685899294 
 100.0  98.6869487595 
42919.3426013 50 
 0.1  0.0999991585114 
 0.115139539933  0.115136691805 
 0.132571136559  0.132560775445 
 0.152641796718  0.152601151913 
 0.175751062485  0.175578962204 
 0.202358964773  0.201576045959 
 0.232995181052  0.229311215711 
 0.268269579528  0.252849803635 
 0.308884359648  0.264190443724 
 0.355648030622  0.266941573485 
 0.409491506238  0.267397708322 
 0.471486636346  0.466608717721 
 0.542867543932  0.537948480255 
 0.625055192527  0.619209234063 
 0.719685673001  0.712618684317 
 0.828642772855  0.820085343431 
 0.95409547635  0.943732047061 
 1.09854114199  1.08599073442 
 1.26485521686  1.24965654845 
 1.4563484775  1.43794286928 
 1.67683293681  1.65454367789 
 1.93069772888  1.90370497948 
 2.22299648253  2.19030721596 
 2.5595479227  2.51995860349 
 2.94705170255  2.8991038172 
 3.3932217719  3.33514716781 
 3.90693993705  3.83659516783 
 4.49843266897  4.41321801437 
 5.17947467923  5.0762362409 
 5.96362331659  5.83853347758 
 6.86648845004  6.71490000605 
 7.90604321091  7.72231100042 
 9.10298177992  8.88024452633 
 10.4811313415  10.2110441434 
 12.0679264064  11.7403319521 
 13.8949549437  13.4974789995 
 15.9985871961  15.5161389742 
 18.4206996933  17.8348531841 
 21.2095088792  20.4977346399 
 24.4205309455  23.5552374983 
 28.1176869797  27.0650201647 
 32.3745754282  31.0938549773 
 37.2759372031  35.7983116722 
 42.9193426013  41.3259577389 
 49.4171336132  47.7946488647 
 56.8986602902  55.349246928 
 65.512855686  64.1675295113 
 75.4312006335  74.3049497401 
 86.8511373751  85.9116039899 
 100.0  99.2195251191 
71968.5673001 50 
 0.1  0.0999991588205 
 0.115139539933  0.115136691946 
 0.132571136559  0.132560777077 
 0.152641796718  0.152601152916 
 0.175751062485  0.175578945503 
 0.202358964773  0.201575971651 
 0.232995181052  0.22931090496 
 0.268269579528  0.252848797736 
 0.308884359648  0.26418933481 
 0.355648030622  0.266942736373 
 0.409491506238  0.401140372046 
 0.471486636346  0.469897122343 
 0.542867543932  0.541126805285 
 0.625055192527  0.622969346699 
 0.719685673001  0.71716162379 
 0.828642772855  0.825585499318 
 0.95409547635  0.950392073727 
 1.09854114199  1.09405511838 
 1.26485521686  1.25942115409 
 1.4563484775  1.44976603572 
 1.67683293681  1.66885926469 
 1.93069772888  1.92103852609 
 2.22299648253  2.21129495361 
 2.5595479227  2.54537169308 
 2.94705170255  2.92987627045 
 3.3932217719  3.37241104353 
 3.90693993705  3.881722194 
 4.49843266897  4.46787117993 
 5.17947467923  5.14243282415 
 5.96362331659  5.9187197272 
 6.86648845004  6.81204540798 
 7.90604321091  7.84002073958 
 9.10298177992  9.02289811924 
 10.4811313415  10.3839651346 
 12.0679264064  11.949996237 
 13.8949549437  13.7517706843 
 15.9985871961  15.8246663455 
 18.4206996933  18.2093388967 
 21.2095088792  20.952499871 
 24.4205309455  24.107804887 
 28.1176869797  27.7368673157 
 32.3745754282  31.9104133124 
 37.2759372031  36.7095926188 
 42.9193426013  42.2472759081 
 49.4171336132  48.6757152364 
 56.8986602902  56.128003695 
 65.512855686  64.7601927093 
 75.4312006335  74.7619684417 
 86.8511373751  86.2923231143 
 100.0  99.535464809 
120679.264064 50 
 0.1  0.0999991565609 
 0.115139539933  0.115136692229 
 0.132571136559  0.132560776378 
 0.152641796718  0.152601149405 
 0.175751062485  0.175578940654 
 0.202358964773  0.20157593366 
 0.232995181052  0.229310714648 
 0.268269579528  0.252848298278 
 0.308884359648  0.264189487655 
 0.355648030622  0.266945320601 
 0.409491506238  0.408667675521 
 0.471486636346  0.470947042997 
 0.542867543932  0.542250673946 
 0.625055192527  0.624312636652 
 0.719685673001  0.718786643022 
 0.828642772855  0.827553685718 
 0.95409547635  0.952776109183 
 1.09854114199  1.09694283674 
 1.26485521686  1.2629189665 
 1.4563484775  1.45400279972 
 1.67683293681  1.67399119475 
 1.93069772888  1.92725490359 
 2.22299648253  2.21882525226 
 2.5595479227  2.55449389888 
 2.94705170255  2.94092763589 
 3.3932217719  3.38580050216 
 3.90693993705  3.89794580804 
 4.49843266897  4.48753106667 
 5.17947467923  5.16625927183 
 5.96362331659  5.94760047421 
 6.86648845004  6.84705818875 
 7.90604321091  7.88247556133 
 9.10298177992  9.07438935634 
 10.4811313415  10.4464319889 
 12.0679264064  12.0258028328 
 13.8949549437  13.8437983285 
 15.9985871961  15.9364318764 
 18.4206996933  18.3451429408 
 21.2095088792  21.1176059966 
 24.4205309455  24.3086676017 
 28.1176869797  27.9814177449 
 32.3745754282  32.2084191529 
 37.2759372031  37.073116164 
 42.9193426013  42.6714491659 
 49.4171336132  49.1157486093 
 56.8986602902  56.556039269 
 65.512855686  65.1481667791 
 75.4312006335  75.0668912301 
 86.8511373751  86.5186585151 
 100.0  99.7232907493 
202358.964773 50 
 0.1  0.0999991575879 
 0.115139539933  0.115136691367 
 0.132571136559  0.132560768523 
 0.152641796718  0.152601152 
 0.175751062485  0.175578933033 
 0.202358964773  0.201575917283 
 0.232995181052  0.229310628026 
 0.268269579528  0.252848155226 
 0.308884359648  0.264190728637 
 0.355648030622  0.266948415854 
 0.409491506238  0.409281600993 
 0.471486636346  0.471299754708 
 0.542867543932  0.542648684332 
 0.625055192527  0.624791040647 
 0.719685673001  0.719365765479 
 0.828642772855  0.82825521599 
 0.95409547635  0.95362595801 
 1.09854114199  1.09797233122 
 1.26485521686  1.26416611341 
 1.4563484775  1.45551365502 
 1.67683293681  1.67582149743 
 1.93069772888  1.92947230093 
 2.22299648253  2.22151172566 
 2.5595479227  2.55774891707 
 2.94705170255  2.94487171102 
 3.3932217719  3.39057988687 
 3.90693993705  3.90373797043 
 4.49843266897  4.49455142147 
 5.17947467923  5.17476938969 
 5.96362331659  5.9579181067 
 6.86648845004  6.85956952711 
 7.90604321091  7.89765054391 
 9.10298177992  9.09279867646 
 10.4811313415  10.4687727433 
 12.0679264064  12.0529221656 
 13.8949549437  13.8767315808 
 15.9985871961  15.9764440369 
 18.4206996933  18.3937794641 
 21.2095088792  21.176761104 
 24.4205309455  24.3806649403 
 28.1176869797  28.0691169624 
 32.3745754282  32.3153462228 
 37.2759372031  37.2036252255 
 42.9193426013  42.8309461313 
 49.4171336132  49.3089109149 
 56.8986602902  56.7659302223 
 65.512855686  65.3561622236 
 75.4312006335  75.259785723 
 86.8511373751  86.6758165835 
 100.0  99.8359899818 
339322.17719 50 
 0.1  0.0999991572287 
 0.115139539933  0.115136692926 
 0.132571136559  0.132560770186 
 0.152641796718  0.152601148624 
 0.175751062485  0.175578926731 
 0.202358964773  0.201575893915 
 0.232995181052  0.229310579445 
 0.268269579528  0.252848338153 
 0.308884359648  0.26419290575 
 0.355648030622  0.266951236486 
 0.409491506238  0.40942755289 
 0.471486636346  0.471421191046 
 0.542867543932  0.5427898263 
 0.625055192527  0.624961244884 
 0.719685673001  0.719571876766 
 0.828642772855  0.828504909515 
 0.95409547635  0.953928455537 
 1.09854114199  1.09833879784 
 1.26485521686  1.26461007763 
 1.4563484775  1.45605148783 
 1.67683293681  1.67647313946 
 1.93069772888  1.93026178032 
 2.22299648253  2.22246829913 
 2.5595479227  2.55890787934 
 2.94705170255  2.94627609966 
 3.3932217719  3.39228181713 
 3.90693993705  3.90580068693 
 4.49843266897  4.49705170181 
 5.17947467923  5.17780059529 
 5.96362331659  5.96159343137 
 6.86648845004  6.86402659668 
 7.90604321091  7.90305700704 
 9.10298177992  9.09935850347 
 10.4811313415  10.4767337861 
 12.0679264064  12.0625872958 
 13.8949549437  13.8884701377 
 15.9985871961  15.9907069518 
 18.4206996933  18.4111194508 
 21.2095088792  21.1978543206 
 24.4205309455  24.4063428836 
 28.1176869797  28.1004004536 
 32.3745754282  32.3534936016 
 37.2759372031  37.2501980713 
 42.9193426013  42.8878763127 
 49.4171336132  49.3786072975 
 56.8986602902  56.8514034431 
 65.512855686  65.4547754427 
 75.4312006335  75.3604476961 
 86.8511373751  86.7712170498 
 100.0  99.9161561828 
568986.602902 50 
 0.1  0.0999991583869 
 0.115139539933  0.115136693573 
 0.132571136559  0.132560774361 
 0.152641796718  0.152601144368 
 0.175751062485  0.175578926398 
 0.202358964773  0.201575899721 
 0.232995181052  0.229310586412 
 0.268269579528  0.252848846904 
 0.308884359648  0.264195798729 
 0.355648030622  0.35559297797 
 0.409491506238  0.409470547855 
 0.471486636346  0.471463572176 
 0.542867543932  0.542839929714 
 0.625055192527  0.625021780616 
 0.719685673001  0.719645198182 
 0.828642772855  0.828593737332 
 0.95409547635  0.954036069757 
 1.09854114199  1.09846917115 
 1.26485521686  1.26476802409 
 1.4563484775  1.45624284181 
 1.67683293681  1.67670495402 
 1.93069772888  1.9305426661 
 2.22299648253  2.22280860386 
 2.5595479227  2.55932026325 
 2.94705170255  2.94677582311 
 3.3932217719  3.39288742994 
 3.90693993705  3.90653470186 
 4.49843266897  4.4979414493 
 5.17947467923  5.17887914722 
 5.96362331659  5.96290120436 
 6.86648845004  6.86561280058 
 7.90604321091  7.9049808707 
 9.10298177992  9.10169278112 
 10.4811313415  10.4795668643 
 12.0679264064  12.0660272189 
 13.8949549437  13.8926481972 
 15.9985871961  15.9957841534 
 18.4206996933  18.4172917798 
 21.2095088792  21.2053630309 
 24.4205309455  24.4154837857 
 28.1176869797  28.1115370165 
 32.3745754282  32.3670756722 
 37.2759372031  37.2667797173 
 42.9193426013  42.9081482197 
 49.4171336132  49.4034272751 
 56.8986602902  56.8818484084 
 65.512855686  65.4921916184 
 75.4312006335  75.4057371074 
 86.8511373751  86.8196797618 
 100.0  99.96307009 
954095.47635 50 
 0.1  0.0999991581162 
 0.115139539933  0.115136693579 
 0.132571136559  0.132560772925 
 0.152641796718  0.15260114188 
 0.175751062485  0.175578925011 
 0.202358964773  0.201575892876 
 0.232995181052  0.229310631319 
 0.268269579528  0.252849687587 
 0.308884359648  0.264198974529 
 0.355648030622  0.355638388391 
 0.409491506238  0.409484386378 
 0.471486636346  0.471478477939 
 0.542867543932  0.542857728545 
 0.625055192527  0.62504330973 
 0.719685673001  0.719671277359 
 0.828642772855  0.828625332276 
 0.95409547635  0.954074346988 
 1.09854114199  1.09851554377 
 1.26485521686  1.26482420448 
 1.4563484775  1.45631090533 
 1.67683293681  1.6767874162 
 1.93069772888  1.93064257644 
 2.22299648253  2.22292965706 
 2.5595479227  2.55946694882 
 2.94705170255  2.94695357765 
 3.3932217719  3.39310285294 
 3.90693993705  3.9067958028 
 4.49843266897  4.49825795198 
 5.17947467923  5.17926286046 
 5.96362331659  5.96336647462 
 6.86648845004  6.86617695494 
 7.90604321091  7.90566534908 
 9.10298177992  9.10252329388 
 10.4811313415  10.4805748646 
 12.0679264064  12.0672509114 
 13.8949549437  13.8941343039 
 15.9985871961  15.9975899845 
 18.4206996933  18.4194872727 
 21.2095088792  21.2080343268 
 24.4205309455  24.4187352751 
 28.1176869797  28.1154997815 
 32.3745754282  32.3719079721 
 37.2759372031  37.2726803961 
 42.9193426013  42.9153610381 
 49.4171336132  49.4122585761 
 56.8986602902  56.8926806172 
 65.512855686  65.5055046345 
 75.4312006335  75.4221444434 
 86.8511373751  86.8399469085 
 100.0  99.9861260956 
1599858.71961 50 
 0.1  0.0999991588206 
 0.115139539933  0.115136690686 
 0.132571136559  0.132560770993 
 0.152641796718  0.152601146548 
 0.175751062485  0.175578934387 
 0.202358964773  0.201575905627 
 0.232995181052  0.22931071052 
 0.268269579528  0.252850912435 
 0.308884359648  0.264202039198 
 0.355648030622  0.355645397103 
 0.409491506238  0.409489039139 
 0.471486636346  0.47148374418 
 0.542867543932  0.542864054321 
 0.625055192527  0.62505096818 
 0.719685673001  0.719680555611 
 0.828642772855  0.828636570036 
 0.95409547635  0.954087961507 
 1.09854114199  1.09853203763 
 1.26485521686  1.2648441867 
 1.4563484775  1.45633511397 
 1.67683293681  1.6768167459 
 1.93069772888  1.93067811199 
 2.22299648253  2.22297271359 
 2.5595479227  2.55951912123 
 2.94705170255  2.94701680054 
 3.3932217719  3.39317947355 
 3.90693993705  3.90688866983 
 4.49843266897  4.49837052366 
 5.17947467923  5.17939933698 
 5.96362331659  5.96353195987 
 6.86648845004  6.86637765371 
 7.90604321091  7.90590880883 
 9.10298177992  9.10281870139 
 10.4811313415  10.4809334102 
 12.0679264064  12.0676860908 
 13.8949549437  13.8946630513 
 15.9985871961  15.9982324937 
 18.4206996933  18.4202684359 
 21.2095088792  21.208984222 
 24.4205309455  24.4198922073 
 28.1176869797  28.1169087175 
 32.3745754282  32.3736262645 
 37.2759372031  37.2747783084 
 42.9193426013  42.9179257736 
 49.4171336132  49.4153987991 
 56.8986602902  56.8965336555 
 65.512855686  65.5102417439 
 75.4312006335  75.4279798742 
 86.8511373751  86.8471575803 
 100.0  99.9950658575 
2682695.79528 50 
 0.1  0.0999991609185 
 0.115139539933  0.115136691184 
 0.132571136559  0.132560775148 
 0.152641796718  0.152601140055 
 0.175751062485  0.17557892303 
 0.202358964773  0.2015759157 
 0.232995181052  0.229310871495 
 0.268269579528  0.252852477937 
 0.308884359648  0.308874810494 
 0.355648030622  0.355647207526 
 0.409491506238  0.409490642311 
 0.471486636346  0.471485609727 
 0.542867543932  0.54286630334 
 0.625055192527  0.625053690191 
 0.719685673001  0.719683853008 
 0.828642772855  0.828640568018 
 0.95409547635  0.954092805346 
 1.09854114199  1.0985379063 
 1.26485521686  1.26485129712 
 1.4563484775  1.45634372909 
 1.67683293681  1.67682718447 
 1.93069772888  1.93069075196 
 2.22299648253  2.22298802868 
 2.5595479227  2.55953767864 
 2.94705170255  2.94703928822 
 3.3932217719  3.39320672613 
 3.90693993705  3.90692170048 
 4.49843266897  4.49841056268 
 5.17947467923  5.17944787829 
 5.96362331659  5.96359081869 
 6.86648845004  6.86644903676 
 7.90604321091  7.90599540028 
 9.10298177992  9.1029237683 
 10.4811313415  10.4810609316 
 12.0679264064  12.067840919 
 13.8949549437  13.894851109 
 15.9985871961  15.9984610186 
 18.4206996933  18.4205462846 
 21.2095088792  21.2093222487 
 24.4205309455  24.420303738 
 28.1176869797  28.117410387 
 32.3745754282  32.3742377911 
 37.2759372031  37.275524949 
 42.9193426013  42.9188385791 
 49.4171336132  49.4165164542 
 56.8986602902  56.8979032552 
 65.512855686  65.5119251511 
 75.4312006335  75.4300540603 
 86.8511373751  86.8497205433 
 100.0  99.9982453212 
4498432.66897 50 
 0.1  0.0999991611716 
 0.115139539933  0.115136691581 
 0.132571136559  0.132560772153 
 0.152641796718  0.152601145539 
 0.175751062485  0.17557892406 
 0.202358964773  0.201575920801 
 0.232995181052  0.229311111649 
 0.268269579528  0.252854251227 
 0.308884359648  0.308883889994 
 0.355648030622  0.355647757935 
 0.409491506238  0.409491201767 
 0.471486636346  0.471486271648 
 0.542867543932  0.542867102813 
 0.625055192527  0.625054658234 
 0.719685673001  0.719685025724 
 0.828642772855  0.828641988707 
 0.95409547635  0.954094526411 
 1.09854114199  1.09853999122 
 1.26485521686  1.26485382281 
 1.4563484775  1.45634678873 
 1.67683293681  1.676830891 
 1.93069772888  1.93069525048 
 2.22299648253  2.22299347997 
 2.5595479227  2.55954428499 
 2.94705170255  2.94704729511 
 3.3932217719  3.39321643152 
 3.90693993705  3.90693346578 
 4.49843266897  4.49842480635 
 5.17947467923  5.17946514631 
 5.96362331659  5.96361175655 
 6.86648845004  6.86647442901 
 7.90604321091  7.90602620102 
 9.10298177992  9.10296114002 
 10.4811313415  10.48110629 
 12.0679264064  12.0678959898 
 13.8949549437  13.8949179986 
 15.9985871961  15.9985423009 
 18.4206996933  18.4206451089 
 21.2095088792  21.2094424743 
 24.4205309455  24.4204501025 
 28.1176869797  28.1175884777 
 32.3745754282  32.374455294 
 37.2759372031  37.2757905579 
 42.9193426013  42.9191632733 
 49.4171336132  49.4169140402 
 56.8986602902  56.8983910305 
 65.512855686  65.5125246252 
 75.4312006335  75.4307926913 
 86.8511373751  86.8506332519 
 100.0  99.9993749336 
7543120.06335 50 
 0.1  0.0999991579016 
 0.115139539933  0.11513669022 
 0.132571136559  0.132560771499 
 0.152641796718  0.152601143706 
 0.175751062485  0.17557892344 
 0.202358964773  0.201575932925 
 0.232995181052  0.229311454814 
 0.268269579528  0.252855969994 
 0.308884359648  0.308884249217 
 0.355648030622  0.355647937355 
 0.409491506238  0.409491398534 
 0.471486636346  0.471486506684 
 0.542867543932  0.542867387068 
 0.625055192527  0.625055002509 
 0.719685673001  0.719685442798 
 0.828642772855  0.828642493974 
 0.95409547635  0.954095138506 
 1.09854114199  1.09854073272 
 1.26485521686  1.26485472106 
 1.4563484775  1.45634787689 
 1.67683293681  1.67683220922 
 1.93069772888  1.93069684744 
 2.22299648253  2.22299541467 
 2.5595479227  2.55954662896 
 2.94705170255  2.94705013505 
 3.3932217719  3.3932198726 
 3.90693993705  3.90693763556 
 4.49843266897  4.49842987984 
 5.17947467923  5.17947128887 
 5.96362331659  5.96361921901 
 6.86648845004  6.86648348244 
 7.90604321091  7.90603716137 
 9.10298177992  9.10297443881 
 10.4811313415  10.4811224304 
 12.0679264064  12.0679155855 
 13.8949549437  13.8949417985 
 15.9985871961  15.9985712194 
 18.4206996933  18.4206802651 
 21.2095088792  21.2094852429 
 24.4205309455  24.420502169 
 28.1176869797  28.1176519164 
 32.3745754282  32.3745326636 
 37.2759372031  37.275884988 
 42.9193426013  42.9192787651 
 49.4171336132  49.4170554512 
 56.8986602902  56.8985644156 
 65.512855686  65.5127378385 
 75.4312006335  75.4310554228 
 86.8511373751  86.8509579366 
 100.0  99.9997775289 
12648552.1686 50 
 0.1  0.0999991604332 
 0.115139539933  0.115136692161 
 0.132571136559  0.132560772739 
 0.152641796718  0.152601143953 
 0.175751062485  0.175578925485 
 0.202358964773  0.201575968273 
 0.232995181052  0.229311878992 
 0.268269579528  0.252857458793 
 0.308884359648  0.308884327297 
 0.355648030622  0.35564799821 
 0.409491506238  0.409491468055 
 0.471486636346  0.471486590263 
 0.542867543932  0.542867488148 
 0.625055192527  0.625055124948 
 0.719685673001  0.71968559113 
 0.828642772855  0.828642673671 
 0.95409547635  0.954095356196 
 1.09854114199  1.09854099643 
 1.26485521686  1.26485504053 
 1.4563484775  1.4563482639 
 1.67683293681  1.67683267804 
 1.93069772888  1.9306974154 
 2.22299648253  2.22299610275 
 2.5595479227  2.55954746258 
 2.94705170255  2.94705114507 
 3.3932217719  3.39322109641 
 3.90693993705  3.90693911853 
 4.49843266897  4.49843167702 
 5.17947467923  5.17947347699 
 5.96362331659  5.9636218593 
 6.86648845004  6.86648668332 
 7.90604321091  7.9060410687 
 9.10298177992  9.10297917952 
 10.4811313415  10.48112819 
 12.0679264064  12.0679225825 
 13.8949549437  13.8949503024 
 15.9985871961  15.9985815607 
 18.4206996933  18.420692848 
 21.2095088792  21.2095004712 
 24.4205309455  24.4205207066 
 28.1176869797  28.1176745007 
 32.3745754282  32.3745602037 
 37.2759372031  37.2759186075 
 42.9193426013  42.9193198611 
 49.4171336132  49.4171057679 
 56.8986602902  56.8986261327 
 65.512855686  65.5128136984 
 75.4312006335  75.4311488958 
 86.8511373751  86.851073443 
 100.0  99.9999207391 
21209508.8792 50 
 0.1  0.099999159397 
 0.115139539933  0.115136692225 
 0.132571136559  0.132560769914 
 0.152641796718  0.152601144602 
 0.175751062485  0.175578926131 
 0.202358964773  0.201576014652 
 0.232995181052  0.229312367638 
 0.268269579528  0.268269556324 
 0.308884359648  0.30888434918 
 0.355648030622  0.355648019249 
 0.409491506238  0.409491492684 
 0.471486636346  0.471486619964 
 0.542867543932  0.542867524094 
 0.625055192527  0.625055168493 
 0.719685673001  0.719685643884 
 0.828642772855  0.82864273758 
 0.95409547635  0.954095433618 
 1.09854114199  1.09854109022 
 1.26485521686  1.26485515414 
 1.4563484775  1.45634840153 
 1.67683293681  1.67683284478 
 1.93069772888  1.93069761739 
 2.22299648253  2.22299634746 
 2.5595479227  2.55954775906 
 2.94705170255  2.94705150429 
 3.3932217719  3.39322153166 
 3.90693993705  3.90693964595 
 4.49843266897  4.49843231619 
 5.17947467923  5.17947425166 
 5.96362331659  5.96362279831 
 6.86648845004  6.86648782171 
 7.90604321091  7.90604244904 
 9.10298177992  9.10298085594 
 10.4811313415  10.4811302207 
 12.0679264064  12.0679250464 
 13.8949549437  13.8949532931 
 15.9985871961  15.9985851918 
 18.4206996933  18.4206972588 
 21.2095088792  21.2095059206 
 24.4205309455  24.4205273478 
 28.1176869797  28.117682602 
 32.3745754282  32.3745700972 
 37.2759372031  37.2759307052 
 42.9193426013  42.9193345124 
 49.4171336132  49.4171237042 
 56.8986602902  56.8986481291 
 65.512855686  65.5128407289 
 75.4312006335  75.4311821913 
 86.8511373751  86.8511145689 
 100.0  99.9999717206 
35564803.0622 50 
 0.1  0.0999991613291 
 0.115139539933  0.115136693207 
 0.132571136559  0.132560775542 
 0.152641796718  0.152601143684 
 0.175751062485  0.175578934312 
 0.202358964773  0.201576078506 
 0.232995181052  0.229312855477 
 0.268269579528  0.268269574956 
 0.308884359648  0.308884356123 
 0.355648030622  0.355648026609 
 0.409491506238  0.409491501419 
 0.471486636346  0.471486630521 
 0.542867543932  0.542867536877 
 0.625055192527  0.62505518398 
 0.719685673001  0.719685662646 
 0.828642772855  0.828642760309 
 0.95409547635  0.954095461152 
 1.09854114199  1.09854112358 
 1.26485521686  1.26485519455 
 1.4563484775  1.45634845048 
 1.67683293681  1.67683290408 
 1.93069772888  1.93069768923 
 2.22299648253  2.22299643449 
 2.5595479227  2.5595478645 
 2.94705170255  2.94705163204 
 3.3932217719  3.39322168646 
 3.90693993705  3.90693983352 
 4.49843266897  4.4984325435 
 5.17947467923  5.17947452717 
 5.96362331659  5.96362313227 
 6.86648845004  6.86648822658 
 7.90604321091  7.90604293995 
 9.10298177992  9.10298145131 
 10.4811313415  10.4811309429 
 12.0679264064  12.0679259227 
 13.8949549437  13.8949543567 
 15.9985871961  15.9985864833 
 18.4206996933  18.4206988274 
 21.2095088792  21.209507827 
 24.4205309455  24.420529666 
 28.1176869797  28.1176854228 
 32.3745754282  32.3745735322 
 37.2759372031  37.2759348922 
 42.9193426013  42.9193397813 
 49.4171336132  49.4171301678 
 56.8986602902  56.8986559651 
 65.512855686  65.5128505177 
 75.4312006335  75.4311942845 
 86.8511373751  86.8511292641 
 100.0  99.9999899353 
59636233.1659 50 
 0.1  0.0999991614983 
 0.115139539933  0.115136691789 
 0.132571136559  0.132560771654 
 0.152641796718  0.152601145666 
 0.175751062485  0.175578940083 
 0.202358964773  0.201576165715 
 0.232995181052  0.229313281518 
 0.268269579528  0.26826957826 
 0.308884359648  0.308884358432 
 0.355648030622  0.355648029202 
 0.409491506238  0.409491504526 
 0.471486636346  0.471486634274 
 0.542867543932  0.542867541423 
 0.625055192527  0.625055189487 
 0.719685673001  0.719685669318 
 0.828642772855  0.828642768393 
 0.95409547635  0.954095470945 
 1.09854114199  1.09854113544 
 1.26485521686  1.26485520892 
 1.4563484775  1.45634846789 
 1.67683293681  1.67683292517 
 1.93069772888  1.93069771478 
 2.22299648253  2.22299646544 
 2.5595479227  2.559547902 
 2.94705170255  2.94705167747 
 3.3932217719  3.39322174151 
 3.90693993705  3.90693990023 
 4.49843266897  4.49843262435 
 5.17947467923  5.17947462515 
 5.96362331659  5.96362325104 
 6.86648845004  6.86648837057 
 7.90604321091  7.90604311454 
 9.10298177992  9.10298166305 
 10.4811313415  10.4811311998 
 12.0679264064  12.0679262344 
 13.8949549437  13.8949547349 
 15.9985871961  15.9985869426 
 18.4206996933  18.4206993853 
 21.2095088792  21.209508505 
 24.4205309455  24.4205304904 
 28.1176869797  28.117686426 
 32.3745754282  32.3745747539 
 37.2759372031  37.2759363812 
 42.9193426013  42.9193415984 
 49.4171336132  49.4171323879 
 56.8986602902  56.8986587908 
 65.512855686  65.5128538479 
 75.4312006335  75.4311983755 
 86.8511373751  86.8511345943 
 100.0  99.9999965652 
100000000.0 50 
 0.1  0.0999991620193 
 0.115139539933  0.115136693233 
 0.132571136559  0.132560776141 
 0.152641796718  0.152601147749 
 0.175751062485  0.175578950006 
 0.202358964773  0.201576278542 
 0.232995181052  0.232995179546 
 0.268269579528  0.26826957913 
 0.308884359648  0.308884359223 
 0.355648030622  0.355648030117 
 0.409491506238  0.40949150563 
 0.471486636346  0.471486635609 
 0.542867543932  0.54286754304 
 0.625055192527  0.625055191446 
 0.719685673001  0.719685671691 
 0.828642772855  0.828642771268 
 0.95409547635  0.954095474428 
 1.09854114199  1.09854113966 
 1.26485521686  1.26485521403 
 1.4563484775  1.45634847408 
 1.67683293681  1.67683293267 
 1.93069772888  1.93069772387 
 2.22299648253  2.22299647645 
 2.5595479227  2.55954791534 
 2.94705170255  2.94705169363 
 3.3932217719  3.39322176109 
 3.90693993705  3.90693992396 
 4.49843266897  4.4984326531 
 5.17947467923  5.17947466 
 5.96362331659  5.96362329328 
 6.86648845004  6.86648842178 
 7.90604321091  7.90604317664 
 9.10298177992  9.10298173835 
 10.4811313415  10.4811312911 
 12.0679264064  12.0679263452 
 13.8949549437  13.8949548695 
 15.9985871961  15.9985871059 
 18.4206996933  18.4206995838 
 21.2095088792  21.2095087461 
 24.4205309455  24.4205307836 
 28.1176869797  28.1176867828 
 32.3745754282  32.3745751884 
 37.2759372031  37.2759369108 
 42.9193426013  42.9193422446 
 49.4171336132  49.4171331774 
 56.8986602902  56.8986597569 
 65.512855686  65.5128550322 
 75.4312006335  75.4311998305 
 86.8511373751  86.8511363861 
 100.0  99.9999987784 
