0.001 50 
 0.1  0.0999999999994 
 0.115139539933  0.115139539931 
 0.132571136559  0.132571136553 
 0.152641796718  0.152641796694 
 0.175751062485  0.175751062395 
 0.202358964773  0.202358964392 
 0.232995181052  0.232995179299 
 0.268269579528  0.268269570662 
 0.308884359648  0.308884310046 
 0.355648030622  0.355647721943 
 0.409491506238  0.409489355243 
 0.471486636346  0.471469736886 
 0.542867543932  0.542716955533 
 0.625055192527  0.623543588272 
 0.719685673001  0.7046886625 
 0.828642772855  0.746781482248 
 0.95409547635  0.753174806861 
 1.09854114199  0.753649520114 
 1.26485521686  0.753671608004 
 1.4563484775  0.753667312294 
 1.67683293681  0.753663702028 
 1.93069772888  0.753658368917 
 2.22299648253  0.753650855862 
 2.5595479227  0.753642782955 
 2.94705170255  0.753636689774 
 3.3932217719  0.753628688832 
 3.90693993705  0.75361790217 
 4.49843266897  0.753604799673 
 5.17947467923  0.753595814231 
 5.96362331659  0.753579430625 
 6.86648845004  0.753563977044 
 7.90604321091  0.753547335267 
 9.10298177992  0.753526576198 
 10.4811313415  0.753505409603 
 12.0679264064  0.753482240842 
 13.8949549437  0.753455073664 
 15.9985871961  2.89554919618 
 18.4206996933  5.75328286935 
 21.2095088792  9.13387667627 
 24.4205309455  13.0896904831 
 28.1176869797  17.6921336118 
 32.3745754282  23.0275016663 
 37.2759372031  29.196566542 
 42.9193426013  36.315292168 
 49.4171336132  44.5159558983 
 56.8986602902  53.9482947537 
 65.512855686  64.7802687055 
 75.4312006335  77.1977684857 
 86.8511373751  91.4020270644 
 100.0  107.602408834 
0.00167683293681 50 
 0.1  0.0999999999989 
 0.115139539933  0.115139539929 
 0.132571136559  0.132571136548 
 0.152641796718  0.152641796678 
 0.175751062485  0.175751062334 
 0.202358964773  0.202358964134 
 0.232995181052  0.232995178114 
 0.268269579528  0.26826956466 
 0.308884359648  0.308884276471 
 0.355648030622  0.355647513004 
 0.409491506238  0.409487899329 
 0.471486636346  0.471458302658 
 0.542867543932  0.542615396957 
 0.625055192527  0.62255452271 
 0.719685673001  0.697034548177 
 0.828642772855  0.727832165854 
 0.95409547635  0.73171721765 
 1.09854114199  0.731995016938 
 1.26485521686  0.732006948066 
 1.4563484775  0.732002770432 
 1.67683293681  0.731998933347 
 1.93069772888  0.731993676104 
 2.22299648253  0.731986682243 
 2.5595479227  0.73197941003 
 2.94705170255  0.73197281752 
 3.3932217719  0.731964807872 
 3.90693993705  0.731954962209 
 4.49843266897  0.731943909905 
 5.17947467923  0.731933115143 
 5.96362331659  0.731918213748 
 6.86648845004  0.731903128221 
 7.90604321091  0.73188684804 
 9.10298177992  0.731867274481 
 10.4811313415  0.731846703379 
 12.0679264064  0.731824175167 
 13.8949549437  0.731798841127 
 15.9985871961  2.83960651951 
 18.4206996933  5.67470826397 
 21.2095088792  9.0269478166 
 24.4205309455  12.9467465824 
 28.1176869797  17.5030873365 
 32.3745754282  22.778997972 
 37.2759372031  28.8707437505 
 42.9193426013  35.887972659 
 49.4171336132  43.9539826265 
 56.8986602902  53.2055634981 
 65.512855686  63.7917479761 
 75.4312006335  75.8703971405 
 86.8511373751  89.6007766832 
 100.0  105.128971015 
0.00281176869797 50 
 0.1  0.0999999999982 
 0.115139539933  0.115139539927 
 0.132571136559  0.132571136541 
 0.152641796718  0.152641796652 
 0.175751062485  0.175751062232 
 0.202358964773  0.202358963703 
 0.232995181052  0.232995176125 
 0.268269579528  0.268269554596 
 0.308884359648  0.308884220168 
 0.355648030622  0.355647162619 
 0.409491506238  0.409485457912 
 0.471486636346  0.471439136397 
 0.542867543932  0.54244575554 
 0.625055192527  0.620953350289 
 0.719685673001  0.686829470118 
 0.828642772855  0.708198546461 
 0.95409547635  0.710526803974 
 1.09854114199  0.710688583734 
 1.26485521686  0.710694689261 
 1.4563484775  0.71069064517 
 1.67683293681  0.710686680733 
 1.93069772888  0.710681481466 
 2.22299648253  0.710675143909 
 2.5595479227  0.710668248584 
 2.94705170255  0.710661582374 
 3.3932217719  0.710653898939 
 3.90693993705  0.710643652807 
 4.49843266897  0.710633802384 
 5.17947467923  0.710621995818 
 5.96362331659  0.710608967894 
 6.86648845004  0.710594386242 
 7.90604321091  0.710578416273 
 9.10298177992  0.710559779592 
 10.4811313415  0.710539647982 
 12.0679264064  0.710517946004 
 13.8949549437  0.710493238093 
 15.9985871961  2.74696247799 
 18.4206996933  5.54459539016 
 21.2095088792  8.84999053929 
 24.4205309455  12.7104064735 
 28.1176869797  17.1909039616 
 32.3745754282  22.3692691618 
 37.2759372031  28.334591759 
 42.9193426013  35.1865581199 
 49.4171336132  43.0344697938 
 56.8986602902  51.9952379267 
 65.512855686  62.1893993125 
 75.4312006335  73.7336956513 
 86.8511373751  86.7279425972 
 100.0  101.232799499 
0.00471486636346 50 
 0.1  0.099999999997 
 0.115139539933  0.115139539923 
 0.132571136559  0.132571136528 
 0.152641796718  0.152641796608 
 0.175751062485  0.17575106206 
 0.202358964773  0.202358962978 
 0.232995181052  0.23299517279 
 0.268269579528  0.268269537718 
 0.308884359648  0.308884125745 
 0.355648030622  0.355646575005 
 0.409491506238  0.409481363809 
 0.471486636346  0.471407017521 
 0.542867543932  0.542163118723 
 0.625055192527  0.618415508722 
 0.719685673001  0.67411092683 
 0.828642772855  0.68825315407 
 0.95409547635  0.689635679485 
 1.09854114199  0.689729417207 
 1.26485521686  0.689731716498 
 1.4563484775  0.689727884243 
 1.67683293681  0.689723804573 
 1.93069772888  0.689718909554 
 2.22299648253  0.689712790448 
 2.5595479227  0.689706320671 
 2.94705170255  0.689699803099 
 3.3932217719  0.689691808278 
 3.90693993705  0.689682284717 
 4.49843266897  0.689672620157 
 5.17947467923  0.689661238639 
 5.96362331659  0.68964855126 
 6.86648845004  0.689634248283 
 7.90604321091  0.689618649301 
 9.10298177992  0.6896006627 
 10.4811313415  0.689581156146 
 12.0679264064  0.689559822645 
 13.8949549437  0.689536098022 
 15.9985871961  2.59482689632 
 18.4206996933  5.33094747745 
 21.2095088792  8.55970924569 
 24.4205309455  12.3232963512 
 28.1176869797  16.6805880189 
 32.3745754282  21.7012005413 
 37.2759372031  27.4631856309 
 42.9193426013  34.0511418302 
 49.4171336132  41.5535808577 
 56.8986602902  50.0586122989 
 65.512855686  59.6467994683 
 75.4312006335  70.3796177412 
 86.8511373751  82.2814695187 
 100.0  95.3130375098 
0.00790604321091 50 
 0.1  0.099999999995 
 0.115139539933  0.115139539917 
 0.132571136559  0.132571136508 
 0.152641796718  0.152641796533 
 0.175751062485  0.175751061771 
 0.202358964773  0.202358961764 
 0.232995181052  0.232995167197 
 0.268269579528  0.268269509412 
 0.308884359648  0.308883967381 
 0.355648030622  0.355645589455 
 0.409491506238  0.409474497963 
 0.471486636346  0.471353214944 
 0.542867543932  0.541694222634 
 0.625055192527  0.614517882269 
 0.719685673001  0.659240430748 
 0.828642772855  0.668245264659 
 0.95409547635  0.669061120489 
 1.09854114199  0.66911494873 
 1.26485521686  0.669115041275 
 1.4563484775  0.669111246285 
 1.67683293681  0.669107198239 
 1.93069772888  0.669102344757 
 2.22299648253  0.66909656476 
 2.5595479227  0.669090696475 
 2.94705170255  0.669083730465 
 3.3932217719  0.669075902347 
 3.90693993705  0.66906666275 
 4.49843266897  0.669057038442 
 5.17947467923  0.669045927238 
 5.96362331659  0.669033401586 
 6.86648845004  0.669019405895 
 7.90604321091  0.669003775025 
 9.10298177992  0.668986493747 
 10.4811313415  0.668967319199 
 12.0679264064  0.668946202136 
 13.8949549437  0.668923080586 
 15.9985871961  2.34850414063 
 18.4206996933  4.98501540905 
 21.2095088792  8.09042183813 
 24.4205309455  11.6989787127 
 28.1176869797  15.8601997954 
 32.3745754282  20.6315681867 
 37.2759372031  26.0750873439 
 42.9193426013  32.2539732984 
 49.4171336132  39.2282019907 
 56.8986602902  47.0479351774 
 65.512855686  55.7437935436 
 75.4312006335  65.3129450599 
 86.8511373751  75.7002145877 
 100.0  86.7747432678 
0.0132571136559 50 
 0.1  0.0999999999916 
 0.115139539933  0.115139539907 
 0.132571136559  0.132571136473 
 0.152641796718  0.152641796408 
 0.175751062485  0.175751061288 
 0.202358964773  0.202358959727 
 0.232995181052  0.232995157815 
 0.268269579528  0.268269461933 
 0.308884359648  0.308883701735 
 0.355648030622  0.355643936233 
 0.409491506238  0.409462983067 
 0.471486636346  0.471263152356 
 0.542867543932  0.540921726884 
 0.625055192527  0.608790242396 
 0.719685673001  0.642762724894 
 0.828642772855  0.648331848569 
 0.95409547635  0.648810989127 
 1.09854114199  0.648841312484 
 1.26485521686  0.648840075269 
 1.4563484775  0.648836305763 
 1.67683293681  0.648832217807 
 1.93069772888  0.648827419477 
 2.22299648253  0.648821750185 
 2.5595479227  0.648815843404 
 2.94705170255  0.648809096782 
 3.3932217719  0.648801120075 
 3.90693993705  0.648792310429 
 4.49843266897  0.648782381041 
 5.17947467923  0.648771291275 
 5.96362331659  0.648758813591 
 6.86648845004  0.648744870545 
 7.90604321091  0.648729367583 
 9.10298177992  0.648712146437 
 10.4811313415  0.648693029757 
 12.0679264064  0.648672044368 
 13.8949549437  0.648649105965 
 15.9985871961  1.95904987551 
 18.4206996933  4.43773653401 
 21.2095088792  7.34970462054 
 24.4205309455  10.7172512627 
 28.1176869797  14.5765777401 
 32.3745754282  18.9685011555 
 37.2759372031  23.9337357427 
 42.9193426013  29.5082996473 
 49.4171336132  35.7177304429 
 56.8986602902  42.5693826714 
 65.512855686  50.0423800827 
 75.4312006335  58.0753016555 
 86.8511373751  66.5527125066 
 100.0  75.2935140595 
0.0222299648253 50 
 0.1  0.099999999986 
 0.115139539933  0.115139539889 
 0.132571136559  0.132571136414 
 0.152641796718  0.152641796199 
 0.175751062485  0.175751060477 
 0.202358964773  0.202358956309 
 0.232995181052  0.232995142077 
 0.268269579528  0.268269382276 
 0.308884359648  0.308883256027 
 0.355648030622  0.35564116232 
 0.409491506238  0.409443668844 
 0.471486636346  0.471112567056 
 0.542867543932  0.539663292864 
 0.625055192527  0.600836938118 
 0.719685673001  0.625232768325 
 0.828642772855  0.628606340086 
 0.95409547635  0.62888646795 
 1.09854114199  0.628902962313 
 1.26485521686  0.62890077606 
 1.4563484775  0.628896961201 
 1.67683293681  0.628892749755 
 1.93069772888  0.628887866889 
 2.22299648253  0.628882268998 
 2.5595479227  0.628876132253 
 2.94705170255  0.628869081831 
 3.3932217719  0.628861117336 
 3.90693993705  0.628852169191 
 4.49843266897  0.628842102806 
 5.17947467923  0.628830753598 
 5.96362331659  0.628818080006 
 6.86648845004  0.628803975687 
 7.90604321091  0.628788190017 
 9.10298177992  0.628770689918 
 10.4811313415  0.628751364448 
 12.0679264064  0.628730139375 
 13.8949549437  0.628706946103 
 15.9985871961  1.36774056099 
 18.4206996933  3.60436161961 
 21.2095088792  6.22524649582 
 24.4205309455  9.23511417391 
 28.1176869797  12.652989233 
 32.3745754282  16.4994646479 
 37.2759372031  20.7908965795 
 42.9193426013  25.5342785628 
 49.4171336132  30.7215091211 
 56.8986602902  36.3227997963 
 65.512855686  42.2795439453 
 75.4312006335  48.4977052249 
 86.8511373751  54.843711229 
 100.0  61.1457415865 
0.0372759372031 50 
 0.1  0.0999999999764 
 0.115139539933  0.11513953986 
 0.132571136559  0.132571136316 
 0.152641796718  0.152641795847 
 0.175751062485  0.175751059115 
 0.202358964773  0.202358950575 
 0.232995181052  0.232995115668 
 0.268269579528  0.268269248589 
 0.308884359648  0.308882507906 
 0.355648030622  0.355636506049 
 0.409491506238  0.409411266251 
 0.471486636346  0.47086127256 
 0.542867543932  0.537649228125 
 0.625055192527  0.590491631339 
 0.719685673001  0.607106169786 
 0.828642772855  0.60912041512 
 0.95409547635  0.609283200005 
 1.09854114199  0.609291460144 
 1.26485521686  0.609288613939 
 1.4563484775  0.609284615993 
 1.67683293681  0.609280166518 
 1.93069772888  0.609274934486 
 2.22299648253  0.609269226171 
 2.5595479227  0.609262686124 
 2.94705170255  0.609255287421 
 3.3932217719  0.609246937716 
 3.90693993705  0.609237514847 
 4.49843266897  0.609226939293 
 5.17947467923  0.609215099393 
 5.96362331659  0.60920183048 
 6.86648845004  0.6091870468 
 7.90604321091  0.609170611898 
 9.10298177992  0.609152428137 
 10.4811313415  0.609132461886 
 12.0679264064  0.609110594571 
 13.8949549437  0.609086866962 
 15.9985871961  0.609061330866 
 18.4206996933  2.412533257 
 21.2095088792  4.62172222968 
 24.4205309455  7.13687673148 
 28.1176869797  9.95741345885 
 32.3745754282  13.0836452504 
 37.2759372031  16.5099737305 
 42.9193426013  20.2203185252 
 49.4171336132  24.1840690401 
 56.8986602902  28.3524940208 
 65.512855686  32.6561986719 
 75.4312006335  37.0046306629 
 86.8511373751  41.2888397883 
 100.0  45.3885020044 
0.0625055192527 50 
 0.1  0.0999999999603 
 0.115139539933  0.115139539809 
 0.132571136559  0.13257113615 
 0.152641796718  0.152641795247 
 0.175751062485  0.175751056822 
 0.202358964773  0.202358940931 
 0.232995181052  0.232995071316 
 0.268269579528  0.268269024087 
 0.308884359648  0.30888125134 
 0.355648030622  0.355628684541 
 0.409491506238  0.409356888175 
 0.471486636346  0.470443254235 
 0.542867543932  0.534511210223 
 0.625055192527  0.57790280803 
 0.719685673001  0.588707370096 
 0.828642772855  0.589897335621 
 0.95409547635  0.589990973262 
 1.09854114199  0.589994198026 
 1.26485521686  0.589990704297 
 1.4563484775  0.589986322378 
 1.67683293681  0.589981410219 
 1.93069772888  0.589975751254 
 2.22299648253  0.589969431453 
 2.5595479227  0.589962256302 
 2.94705170255  0.589954167975 
 3.3932217719  0.589945038517 
 3.90693993705  0.589934788436 
 4.49843266897  0.589923279926 
 5.17947467923  0.589910440143 
 5.96362331659  0.589896115147 
 6.86648845004  0.589880202197 
 7.90604321091  0.589862631773 
 9.10298177992  0.589843334088 
 10.4811313415  0.589822255214 
 12.0679264064  0.589799454154 
 13.8949549437  0.589774976492 
 15.9985871961  0.589749001172 
 18.4206996933  0.880518370316 
 21.2095088792  2.55182909328 
 24.4205309455  4.44790947479 
 28.1176869797  6.54446078495 
 32.3745754282  8.82587558212 
 37.2759372031  11.2733162276 
 42.9193426013  13.8607054628 
 49.4171336132  16.5526578563 
 56.8986602902  19.3036354691 
 65.512855686  22.0584756936 
 75.4312006335  24.7545740383 
 86.8511373751  27.325890116 
 100.0  29.7085837871 
0.104811313415 50 
 0.1  0.0999999999325 
 0.115139539933  0.115139539718 
 0.132571136559  0.132571135868 
 0.152641796718  0.152641794202 
 0.175751062485  0.175751052936 
 0.202358964773  0.202358924628 
 0.232995181052  0.232994996333 
 0.268269579528  0.268268645334 
 0.308884359648  0.308879136972 
 0.355648030622  0.355615530648 
 0.409491506238  0.409265581863 
 0.471486636346  0.469751541323 
 0.542867543932  0.52980660835 
 0.625055192527  0.5634750686 
 0.719685673001  0.570242779447 
 0.828642772855  0.570939430567 
 0.95409547635  0.570992169802 
 1.09854114199  0.570992074736 
 1.26485521686  0.570987819513 
 1.4563484775  0.570982769629 
 1.67683293681  0.570977054103 
 1.93069772888  0.570970583502 
 2.22299648253  0.57096330538 
 2.5595479227  0.570955070082 
 2.94705170255  0.570945828229 
 3.3932217719  0.570935440072 
 3.90693993705  0.570923824452 
 4.49843266897  0.570910867411 
 5.17947467923  0.570896468476 
 5.96362331659  0.570880541484 
 6.86648845004  0.570863022938 
 7.90604321091  0.570843862391 
 9.10298177992  0.570823058307 
 10.4811313415  0.570800663567 
 12.0679264064  0.570776779265 
 13.8949549437  0.570751591357 
 15.9985871961  0.57072534107 
 18.4206996933  0.570698336695 
 21.2095088792  0.570670962221 
 24.4205309455  1.49585914203 
 28.1176869797  2.82973445711 
 32.3745754282  4.2602755692 
 37.2759372031  5.76332751996 
 42.9193426013  7.3147755497 
 49.4171336132  8.88777589402 
 56.8986602902  10.4524726034 
 65.512855686  11.9768847921 
 75.4312006335  13.4286232842 
 86.8511373751  14.7772008296 
 100.0  15.9966278786 
0.175751062485 50 
 0.1  0.0999999998777 
 0.115139539933  0.115139539548 
 0.132571136559  0.132571135351 
 0.152641796718  0.152641792589 
 0.175751062485  0.175751046235 
 0.202358964773  0.202358896594 
 0.232995181052  0.232994868255 
 0.268269579528  0.268268001427 
 0.308884359648  0.308875555497 
 0.355648030622  0.355593282381 
 0.409491506238  0.409112107436 
 0.471486636346  0.468616651636 
 0.542867543932  0.523103876906 
 0.625055192527  0.547710417516 
 0.719685673001  0.551826833281 
 0.828642772855  0.552230483294 
 0.95409547635  0.552258747048 
 1.09854114199  0.552256161464 
 1.26485521686  0.55225084365 
 1.4563484775  0.552244721541 
 1.67683293681  0.552237791028 
 1.93069772888  0.552230001587 
 2.22299648253  0.552221239086 
 2.5595479227  0.552211431997 
 2.94705170255  0.5522004492 
 3.3932217719  0.55218822799 
 3.90693993705  0.55217466494 
 4.49843266897  0.552159690127 
 5.17947467923  0.552143217112 
 5.96362331659  0.552125243625 
 6.86648845004  0.552105741858 
 7.90604321091  0.552084746763 
 9.10298177992  0.552062344916 
 10.4811313415  0.552038683985 
 12.0679264064  0.552013934314 
 13.8949549437  0.55198836209 
 15.9985871961  0.551962257578 
 18.4206996933  0.551935916719 
 21.2095088792  0.55190972105 
 24.4205309455  0.551884005099 
 28.1176869797  0.551859099873 
 32.3745754282  0.551835319686 
 37.2759372031  1.09656800949 
 42.9193426013  1.85002644195 
 49.4171336132  2.60321048616 
 56.8986602902  3.33861581213 
 65.512855686  4.04105396104 
 75.4312006335  4.6971623002 
 86.8511373751  5.29585041369 
 100.0  5.82898080862 
0.294705170255 50 
 0.1  0.0999999997392 
 0.115139539933  0.115139539299 
 0.132571136559  0.132571134462 
 0.152641796718  0.152641789323 
 0.175751062485  0.175751034169 
 0.202358964773  0.202358846445 
 0.232995181052  0.232994642266 
 0.268269579528  0.26826687129 
 0.308884359648  0.308869298342 
 0.355648030622  0.355554850771 
 0.409491506238  0.408850292372 
 0.471486636346  0.466772903876 
 0.542867543932  0.514118548338 
 0.625055192527  0.531059399455 
 0.719685673001  0.533504180301 
 0.828642772855  0.533734398801 
 0.95409547635  0.533747607665 
 1.09854114199  0.533742750299 
 1.26485521686  0.533735922666 
 1.4563484775  0.53372818165 
 1.67683293681  0.533719496143 
 1.93069772888  0.533709800959 
 2.22299648253  0.533698985728 
 2.5595479227  0.533686976132 
 2.94705170255  0.533673694072 
 3.3932217719  0.533659073384 
 3.90693993705  0.533643066857 
 4.49843266897  0.533625659506 
 5.17947467923  0.53360683302 
 5.96362331659  0.533586633895 
 6.86648845004  0.533565142563 
 7.90604321091  0.533542477342 
 9.10298177992  0.533518789794 
 10.4811313415  0.533494290062 
 12.0679264064  0.533469202945 
 13.8949549437  0.53344380428 
 15.9985871961  0.533418365213 
 18.4206996933  0.53339317007 
 21.2095088792  0.533368497203 
 24.4205309455  0.533344611262 
 28.1176869797  0.533321732997 
 32.3745754282  0.533300088693 
 37.2759372031  0.53327982776 
 42.9193426013  0.533261098614 
 49.4171336132  0.533243991069 
 56.8986602902  0.533228564509 
 65.512855686  0.533214794298 
 75.4312006335  0.533202754448 
 86.8511373751  0.533192309685 
 100.0  0.53318341152 
0.494171336132 50 
 0.1  0.0999999995729 
 0.115139539933  0.115139538676 
 0.132571136559  0.132571132512 
 0.152641796718  0.152641782626 
 0.175751062485  0.175751010077 
 0.202358964773  0.202358749335 
 0.232995181052  0.232994212227 
 0.268269579528  0.268264752011 
 0.308884359648  0.308857770511 
 0.355648030622  0.355485156024 
 0.409491506238  0.408385528059 
 0.471486636346  0.46374286118 
 0.542867543932  0.502615714688 
 0.625055192527  0.51371352277 
 0.719685673001  0.515175067114 
 0.828642772855  0.51530942081 
 0.95409547635  0.515316290702 
 1.09854114199  0.5153125695 
 1.26485521686  0.515307570804 
 1.4563484775  0.515301885214 
 1.67683293681  0.515295484192 
 1.93069772888  0.515288296003 
 2.22299648253  0.515280253535 
 2.5595479227  0.515271286227 
 2.94705170255  0.515261274482 
 3.3932217719  0.515250154852 
 3.90693993705  0.515237828804 
 4.49843266897  0.515224210899 
 5.17947467923  0.515209209654 
 5.96362331659  0.515192695775 
 6.86648845004  0.515174490119 
 7.90604321091  0.515154250648 
 9.10298177992  0.515130764948 
 10.4811313415  0.515106144911 
 12.0679264064  0.51508142803 
 13.8949549437  0.515056820469 
 15.9985871961  0.515032576246 
 18.4206996933  0.515008900104 
 21.2095088792  0.514985991037 
 24.4205309455  0.514964017787 
 28.1176869797  0.514943144777 
 32.3745754282  0.514923534252 
 37.2759372031  0.514905239531 
 42.9193426013  0.514888376188 
 49.4171336132  0.514872999757 
 56.8986602902  0.514859135896 
 65.512855686  0.51484675803 
 75.4312006335  0.514835819036 
 86.8511373751  0.514826287728 
 100.0  0.514818013304 
0.828642772855 50 
 0.1  0.099999998925 
 0.115139539933  0.115139536948 
 0.132571136559  0.132571127308 
 0.152641796718  0.152641766081 
 0.175751062485  0.175750952286 
 0.202358964773  0.202358519916 
 0.232995181052  0.232993233757 
 0.268269579528  0.268260129268 
 0.308884359648  0.308833433899 
 0.355648030622  0.355342570086 
 0.409491506238  0.407480109663 
 0.471486636346  0.458568996219 
 0.542867543932  0.487891127041 
 0.625055192527  0.494643450005 
 0.719685673001  0.495487927927 
 0.828642772855  0.495568891194 
 0.95409547635  0.495573715406 
 1.09854114199  0.49557213814 
 1.26485521686  0.495569895344 
 1.4563484775  0.495567415129 
 1.67683293681  0.49556471618 
 1.93069772888  0.49556176523 
 2.22299648253  0.495558547327 
 2.5595479227  0.49555511249 
 2.94705170255  0.495551420903 
 3.3932217719  0.495547492016 
 3.90693993705  0.495543297184 
 4.49843266897  0.495539001765 
 5.17947467923  0.49553446978 
 5.96362331659  0.495529816013 
 6.86648845004  0.495525012508 
 7.90604321091  0.495520156195 
 9.10298177992  0.495515232799 
 10.4811313415  0.495510312403 
 12.0679264064  0.495505385626 
 13.8949549437  0.495500530243 
 15.9985871961  0.495495785876 
 18.4206996933  0.495491169194 
 21.2095088792  0.495486689876 
 24.4205309455  0.495482406231 
 28.1176869797  0.495478326909 
 32.3745754282  0.495474491211 
 37.2759372031  0.495470895269 
 42.9193426013  0.495467574161 
 49.4171336132  0.49546451504 
 56.8986602902  0.495461723323 
 65.512855686  0.495459206371 
 75.4312006335  0.495456930326 
 86.8511373751  0.49545489303 
 100.0  0.49545305352 
1.38949549437 50 
 0.1  0.0999999965195 
 0.115139539933  0.115139531093 
 0.132571136559  0.132571109688 
 0.152641796718  0.152641711832 
 0.175751062485  0.175750763599 
 0.202358964773  0.202357825313 
 0.232995181052  0.232990395396 
 0.268269579528  0.268247318858 
 0.308884359648  0.308769158954 
 0.355648030622  0.354985047467 
 0.409491506238  0.405390825654 
 0.471486636346  0.449019298249 
 0.542867543932  0.468183888413 
 0.625055192527  0.47185378868 
 0.719685673001  0.472306852287 
 0.828642772855  0.472351846828 
 0.95409547635  0.472354889007 
 1.09854114199  0.472354145427 
 1.26485521686  0.472353062248 
 1.4563484775  0.472351846185 
 1.67683293681  0.472350552017 
 1.93069772888  0.472349180327 
 2.22299648253  0.472347733749 
 2.5595479227  0.472346211287 
 2.94705170255  0.472344621519 
 3.3932217719  0.472342974505 
 3.90693993705  0.472341285783 
 4.49843266897  0.472339557654 
 5.17947467923  0.472337808863 
 5.96362331659  0.472336046311 
 6.86648845004  0.472334269877 
 7.90604321091  0.472332445938 
 9.10298177992  0.472330781718 
 10.4811313415  0.472329071293 
 12.0679264064  0.472327417499 
 13.8949549437  0.472325804003 
 15.9985871961  0.472324245143 
 18.4206996933  0.472322745072 
 21.2095088792  0.472321299646 
 24.4205309455  0.472319970325 
 28.1176869797  0.472318687855 
 32.3745754282  0.472317496911 
 37.2759372031  0.472316377639 
 42.9193426013  0.472315353091 
 49.4171336132  0.472314400308 
 56.8986602902  0.472313521686 
 65.512855686  0.472312712885 
 75.4312006335  0.472311969164 
 86.8511373751  0.472311260017 
 100.0  0.472310549864 
2.32995181052 50 
 0.1  0.0999999869301 
 0.115139539933  0.115139505489 
 0.132571136559  0.132571037564 
 0.152641796718  0.152641490694 
 0.175751062485  0.175750036636 
 0.202358964773  0.202355201982 
 0.232995181052  0.232980026381 
 0.268269579528  0.268202129061 
 0.308884359648  0.308551633248 
 0.355648030622  0.353846765972 
 0.409491506238  0.399640391143 
 0.471486636346  0.430569222675 
 0.542867543932  0.440241538879 
 0.625055192527  0.441854085912 
 0.719685673001  0.442055463389 
 0.828642772855  0.442076425009 
 0.95409547635  0.442078062255 
 1.09854114199  0.442077947313 
 1.26485521686  0.442077599191 
 1.4563484775  0.442077119024 
 1.67683293681  0.44207672188 
 1.93069772888  0.442076256551 
 2.22299648253  0.44207577506 
 2.5595479227  0.442075242217 
 2.94705170255  0.442074767556 
 3.3932217719  0.442074240271 
 3.90693993705  0.442073737928 
 4.49843266897  0.442073217788 
 5.17947467923  0.442072698171 
 5.96362331659  0.442072182202 
 6.86648845004  0.442071679476 
 7.90604321091  0.442071178612 
 9.10298177992  0.442070626313 
 10.4811313415  0.44207021919 
 12.0679264064  0.442069755989 
 13.8949549437  0.4420693105 
 15.9985871961  0.442068907303 
 18.4206996933  0.442068478153 
 21.2095088792  0.442068091569 
 24.4205309455  0.442067726328 
 28.1176869797  0.442067381838 
 32.3745754282  0.442067057614 
 37.2759372031  0.442066734076 
 42.9193426013  0.44206646298 
 49.4171336132  0.442066195826 
 56.8986602902  0.442065974571 
 65.512855686  0.442065682552 
 75.4312006335  0.442065429439 
 86.8511373751  0.442065155636 
 100.0  0.442064877361 
3.90693993705 50 
 0.1  0.0999999452356 
 0.115139539933  0.11513939496 
 0.132571136559  0.132570724673 
 0.152641796718  0.152640538762 
 0.175751062485  0.175746907865 
 0.202358964773  0.202344034089 
 0.232995181052  0.232936482308 
 0.268269579528  0.268016092824 
 0.308884359648  0.307686791427 
 0.355648030622  0.34972948555 
 0.409491506238  0.384060953926 
 0.471486636346  0.399179673362 
 0.542867543932  0.402551699704 
 0.625055192527  0.403068647101 
 0.719685673001  0.403134773573 
 0.828642772855  0.403141101125 
 0.95409547635  0.403141695735 
 1.09854114199  0.40314172271 
 1.26485521686  0.403141684928 
 1.4563484775  0.403141678938 
 1.67683293681  0.403141582294 
 1.93069772888  0.403141543071 
 2.22299648253  0.403141466477 
 2.5595479227  0.403141408039 
 2.94705170255  0.403141347017 
 3.3932217719  0.403141305886 
 3.90693993705  0.403141222587 
 4.49843266897  0.40314116189 
 5.17947467923  0.403141100746 
 5.96362331659  0.403141052794 
 6.86648845004  0.403140987605 
 7.90604321091  0.403140925293 
 9.10298177992  0.403140881997 
 10.4811313415  0.403140814899 
 12.0679264064  0.403140769116 
 13.8949549437  0.403140719851 
 15.9985871961  0.403140695448 
 18.4206996933  0.403140627318 
 21.2095088792  0.403140584133 
 24.4205309455  0.403140613508 
 28.1176869797  0.40314050544 
 32.3745754282  0.403140488632 
 37.2759372031  0.403140451787 
 42.9193426013  0.403140400453 
 49.4171336132  0.403140356854 
 56.8986602902  0.403140315688 
 65.512855686  0.40314027965 
 75.4312006335  0.403140258589 
 86.8511373751  0.403140179648 
 100.0  0.403140146956 
6.5512855686 50 
 0.1  0.0999998093175 
 0.115139539933  0.115139002114 
 0.132571136559  0.132569537849 
 0.152641796718  0.152636746217 
 0.175751062485  0.175734003362 
 0.202358964773  0.202296884036 
 0.232995181052  0.232750547179 
 0.268269579528  0.267227038466 
 0.308884359648  0.304229791989 
 0.355648030622  0.336631105143 
 0.409491506238  0.353666661823 
 0.471486636346  0.358355785891 
 0.542867543932  0.359208714759 
 0.625055192527  0.359334845175 
 0.719685673001  0.359350839058 
 0.828642772855  0.359352525362 
 0.95409547635  0.359352640934 
 1.09854114199  0.359352772202 
 1.26485521686  0.359352735177 
 1.4563484775  0.359352830799 
 1.67683293681  0.359352768436 
 1.93069772888  0.359352750366 
 2.22299648253  0.35935278402 
 2.5595479227  0.359352838672 
 2.94705170255  0.35935289054 
 3.3932217719  0.359353075639 
 3.90693993705  0.35935298916 
 4.49843266897  0.359353020793 
 5.17947467923  0.359353035605 
 5.96362331659  0.35935302705 
 6.86648845004  0.359353081635 
 7.90604321091  0.359353151341 
 9.10298177992  0.359353179717 
 10.4811313415  0.359353210392 
 12.0679264064  0.359353180802 
 13.8949549437  0.359353269266 
 15.9985871961  0.359353362613 
 18.4206996933  0.359353291724 
 21.2095088792  0.359353342207 
 24.4205309455  0.359353335243 
 28.1176869797  0.359353398186 
 32.3745754282  0.35935341639 
 37.2759372031  0.359353439886 
 42.9193426013  0.359353468524 
 49.4171336132  0.359353553201 
 56.8986602902  0.359353545103 
 65.512855686  0.35935363475 
 75.4312006335  0.359353622987 
 86.8511373751  0.359353674791 
 100.0  0.359353766676 
10.9854114199 50 
 0.1  0.0999995965584 
 0.115139539933  0.115138292921 
 0.132571136559  0.132567042327 
 0.152641796718  0.152627577226 
 0.175751062485  0.175698612945 
 0.202358964773  0.202152893879 
 0.232995181052  0.232135197625 
 0.268269579528  0.264556687071 
 0.308884359648  0.294019576111 
 0.355648030622  0.311112340233 
 0.409491506238  0.316450469432 
 0.471486636346  0.317529510205 
 0.542867543932  0.317705695232 
 0.625055192527  0.317730697302 
 0.719685673001  0.317733826234 
 0.828642772855  0.31773416406 
 0.95409547635  0.317734199454 
 1.09854114199  0.317734221373 
 1.26485521686  0.317734229569 
 1.4563484775  0.317734227287 
 1.67683293681  0.317734251342 
 1.93069772888  0.317734253245 
 2.22299648253  0.317734276248 
 2.5595479227  0.317734319729 
 2.94705170255  0.317734345134 
 3.3932217719  0.317734377286 
 3.90693993705  0.317734415448 
 4.49843266897  0.317734438752 
 5.17947467923  0.317734476502 
 5.96362331659  0.317734497117 
 6.86648845004  0.317734524997 
 7.90604321091  0.317734559448 
 9.10298177992  0.31773458762 
 10.4811313415  0.317734611919 
 12.0679264064  0.317734631253 
 13.8949549437  0.317734659572 
 15.9985871961  0.317734691717 
 18.4206996933  0.317734707772 
 21.2095088792  0.317734744285 
 24.4205309455  0.31773476195 
 28.1176869797  0.317734800836 
 32.3745754282  0.317734825112 
 37.2759372031  0.317734865957 
 42.9193426013  0.317734902493 
 49.4171336132  0.317734954375 
 56.8986602902  0.317735010154 
 65.512855686  0.31773510977 
 75.4312006335  0.317735213579 
 86.8511373751  0.317735361078 
 100.0  0.317735567127 
18.4206996933 50 
 0.1  0.0999994306915 
 0.115139539933  0.115137679161 
 0.132571136559  0.132564668562 
 0.152641796718  0.152617759219 
 0.175751062485  0.175655433273 
 0.202358964773  0.201951668221 
 0.232995181052  0.231166325821 
 0.268269579528  0.260223914402 
 0.308884359648  0.280547313208 
 0.355648030622  0.288057151043 
 0.409491506238  0.289629657126 
 0.471486636346  0.289878352563 
 0.542867543932  0.289912661261 
 0.625055192527  0.289916918955 
 0.719685673001  0.289917410768 
 0.828642772855  0.289917460217 
 0.95409547635  0.289917467883 
 1.09854114199  0.289917452451 
 1.26485521686  0.289917456066 
 1.4563484775  0.289917483298 
 1.67683293681  0.289917475816 
 1.93069772888  0.289917481591 
 2.22299648253  0.289917482267 
 2.5595479227  0.289917493335 
 2.94705170255  0.289917500052 
 3.3932217719  0.289917517671 
 3.90693993705  0.289917538717 
 4.49843266897  0.289917555114 
 5.17947467923  0.289917574066 
 5.96362331659  0.289917589147 
 6.86648845004  0.289917605685 
 7.90604321091  0.289917627782 
 9.10298177992  0.28991764289 
 10.4811313415  0.289917652767 
 12.0679264064  0.289917672841 
 13.8949549437  0.289917685339 
 15.9985871961  0.289917710238 
 18.4206996933  0.289917732603 
 21.2095088792  0.289917747329 
 24.4205309455  0.289917768228 
 28.1176869797  0.289917797157 
 32.3745754282  0.289917824912 
 37.2759372031  0.289917874055 
 42.9193426013  0.289917924126 
 49.4171336132  0.28991797883 
 56.8986602902  0.289918071847 
 65.512855686  0.289918187886 
 75.4312006335  0.289918353195 
 86.8511373751  0.289918586111 
 100.0  0.289918905523 
30.8884359648 50 
 0.1  0.0999993230481 
 0.115139539933  0.115137287244 
 0.132571136559  0.132563112 
 0.152641796718  0.152611137825 
 0.175751062485  0.175625013508 
 0.202358964773  0.201802429768 
 0.232995181052  0.230418785128 
 0.268269579528  0.257038108057 
 0.308884359648  0.272616577184 
 0.355648030622  0.277151654434 
 0.409491506238  0.277946734206 
 0.471486636346  0.278057194193 
 0.542867543932  0.278070589193 
 0.625055192527  0.278072024941 
 0.719685673001  0.278072162544 
 0.828642772855  0.27807216903 
 0.95409547635  0.278072172122 
 1.09854114199  0.278072179388 
 1.26485521686  0.278072177307 
 1.4563484775  0.278072179134 
 1.67683293681  0.278072185414 
 1.93069772888  0.278072184816 
 2.22299648253  0.27807218217 
 2.5595479227  0.278072194313 
 2.94705170255  0.27807220072 
 3.3932217719  0.2780722056 
 3.90693993705  0.278072216176 
 4.49843266897  0.278072220775 
 5.17947467923  0.278072235309 
 5.96362331659  0.27807224379 
 6.86648845004  0.278072253302 
 7.90604321091  0.278072264046 
 9.10298177992  0.278072277236 
 10.4811313415  0.278072285424 
 12.0679264064  0.278072301598 
 13.8949549437  0.278072306308 
 15.9985871961  0.278072329535 
 18.4206996933  0.278072342861 
 21.2095088792  0.278072364622 
 24.4205309455  0.278072390179 
 28.1176869797  0.278072421067 
 32.3745754282  0.278072456424 
 37.2759372031  0.278072518246 
 42.9193426013  0.278072586094 
 49.4171336132  0.278072681811 
 56.8986602902  0.278072806254 
 65.512855686  0.278072996743 
 75.4312006335  0.278073240791 
 86.8511373751  0.278073589063 
 100.0  0.278074091301 
51.7947467923 50 
 0.1  0.0999992588176 
 0.115139539933  0.115137050643 
 0.132571136559  0.132562178819 
 0.152641796718  0.152607119129 
 0.175751062485  0.175606439215 
 0.202358964773  0.201710902631 
 0.232995181052  0.229965207705 
 0.268269579528  0.255244785153 
 0.308884359648  0.268777508707 
 0.355648030622  0.2723623258 
 0.409491506238  0.272959878696 
 0.471486636346  0.273040581177 
 0.542867543932  0.273050086996 
 0.625055192527  0.273051072221 
 0.719685673001  0.273051154706 
 0.828642772855  0.273051172764 
 0.95409547635  0.273051173825 
 1.09854114199  0.273051179703 
 1.26485521686  0.273051178253 
 1.4563484775  0.273051178802 
 1.67683293681  0.273051186946 
 1.93069772888  0.273051183809 
 2.22299648253  0.273051185768 
 2.5595479227  0.273051186652 
 2.94705170255  0.273051188177 
 3.3932217719  0.273051190367 
 3.90693993705  0.273051202969 
 4.49843266897  0.273051207742 
 5.17947467923  0.273051215449 
 5.96362331659  0.273051216484 
 6.86648845004  0.273051224012 
 7.90604321091  0.273051234779 
 9.10298177992  0.273051242424 
 10.4811313415  0.273051255861 
 12.0679264064  0.273051259043 
 13.8949549437  0.27305128041 
 15.9985871961  0.273051290378 
 18.4206996933  0.273051316512 
 21.2095088792  0.2730513446 
 24.4205309455  0.27305138073 
 28.1176869797  0.273051424206 
 32.3745754282  0.273051487194 
 37.2759372031  0.273051569231 
 42.9193426013  0.273051682506 
 49.4171336132  0.273051828881 
 56.8986602902  0.273052053025 
 65.512855686  0.273052322063 
 75.4312006335  0.273052729324 
 86.8511373751  0.273053282911 
 100.0  0.273054077587 
86.8511373751 50 
 0.1  0.0999992198944 
 0.115139539933  0.115136907546 
 0.132571136559  0.132561614861 
 0.152641796718  0.152604713076 
 0.175751062485  0.175595348781 
 0.202358964773  0.201656310105 
 0.232995181052  0.229698239766 
 0.268269579528  0.25424114011 
 0.308884359648  0.266789057312 
 0.355648030622  0.269976629309 
 0.409491506238  0.270499057304 
 0.471486636346  0.270569205965 
 0.542867543932  0.27057744099 
 0.625055192527  0.270578294431 
 0.719685673001  0.270578376737 
 0.828642772855  0.270578387647 
 0.95409547635  0.270578393197 
 1.09854114199  0.270578397235 
 1.26485521686  0.27057839732 
 1.4563484775  0.270578407412 
 1.67683293681  0.270578405856 
 1.93069772888  0.270578424522 
 2.22299648253  0.270578423594 
 2.5595479227  0.270578433656 
 2.94705170255  0.270578432766 
 3.3932217719  0.270578429272 
 3.90693993705  0.270578432564 
 4.49843266897  0.270578445047 
 5.17947467923  0.2705784535 
 5.96362331659  0.270578457424 
 6.86648845004  0.27057846259 
 7.90604321091  0.270578472881 
 9.10298177992  0.270578481855 
 10.4811313415  0.270578492512 
 12.0679264064  0.270578506349 
 13.8949549437  0.270578535744 
 15.9985871961  0.27057855075 
 18.4206996933  0.2705785816 
 21.2095088792  0.270578620583 
 24.4205309455  0.270578675045 
 28.1176869797  0.270578743629 
 32.3745754282  0.270578840802 
 37.2759372031  0.270578971886 
 42.9193426013  0.270579147854 
 49.4171336132  0.270579392597 
 56.8986602902  0.270579724169 
 65.512855686  0.270580192083 
 75.4312006335  0.270580838885 
 86.8511373751  0.270581740717 
 100.0  0.270582983778 
145.63484775 50 
 0.1  0.0999991980207 
 0.115139539933  0.115136822513 
 0.132571136559  0.132561279061 
 0.152641796718  0.152603281522 
 0.175751062485  0.175588726102 
 0.202358964773  0.20162381447 
 0.232995181052  0.229540745076 
 0.268269579528  0.253666143576 
 0.308884359648  0.265694245985 
 0.355648030622  0.268685820216 
 0.409491506238  0.269172494547 
 0.471486636346  0.269237759118 
 0.542867543932  0.269245423679 
 0.625055192527  0.269246243616 
 0.719685673001  0.269246314392 
 0.828642772855  0.269246355881 
 0.95409547635  0.269246358201 
 1.09854114199  0.269246371396 
 1.26485521686  0.269246385948 
 1.4563484775  0.269246401626 
 1.67683293681  0.269246415171 
 1.93069772888  0.269246428291 
 2.22299648253  0.269246443236 
 2.5595479227  0.269246451741 
 2.94705170255  0.269246462186 
 3.3932217719  0.269246473875 
 3.90693993705  0.269246481333 
 4.49843266897  0.269246493565 
 5.17947467923  0.269246510004 
 5.96362331659  0.269246501356 
 6.86648845004  0.269246514056 
 7.90604321091  0.269246529803 
 9.10298177992  0.26924654021 
 10.4811313415  0.26924655655 
 12.0679264064  0.269246578045 
 13.8949549437  0.269246603761 
 15.9985871961  0.269246641589 
 18.4206996933  0.269246694505 
 21.2095088792  0.269246751256 
 24.4205309455  0.269246837543 
 28.1176869797  0.269246951882 
 32.3745754282  0.269247108149 
 37.2759372031  0.269247321469 
 42.9193426013  0.269247612593 
 49.4171336132  0.26924800742 
 56.8986602902  0.269248565897 
 65.512855686  0.269249302559 
 75.4312006335  0.269250317657 
 86.8511373751  0.269251710153 
 100.0  0.269253595887 
244.205309455 50 
 0.1  0.0999991834394 
 0.115139539933  0.115136770988 
 0.132571136559  0.132561078605 
 0.152641796718  0.152602424204 
 0.175751062485  0.17558477656 
 0.202358964773  0.201604478185 
 0.232995181052  0.229447446555 
 0.268269579528  0.253331254603 
 0.308884359648  0.265070189963 
 0.355648030622  0.2679563936 
 0.409491506238  0.268424229534 
 0.471486636346  0.268486926659 
 0.542867543932  0.26849431761 
 0.625055192527  0.268495146931 
 0.719685673001  0.26849523859 
 0.828642772855  0.268495316066 
 0.95409547635  0.268495344508 
 1.09854114199  0.268495378034 
 1.26485521686  0.268495426651 
 1.4563484775  0.268495466502 
 1.67683293681  0.268495503098 
 1.93069772888  0.268495534944 
 2.22299648253  0.268495568419 
 2.5595479227  0.268495595662 
 2.94705170255  0.268495629288 
 3.3932217719  0.268495652004 
 3.90693993705  0.268495685892 
 4.49843266897  0.268495707664 
 5.17947467923  0.268495737669 
 5.96362331659  0.268495756874 
 6.86648845004  0.268495781648 
 7.90604321091  0.268495793587 
 9.10298177992  0.268495816623 
 10.4811313415  0.268495837593 
 12.0679264064  0.268495865148 
 13.8949549437  0.268495917591 
 15.9985871961  0.26849597179 
 18.4206996933  0.268496042671 
 21.2095088792  0.268496146271 
 24.4205309455  0.268496285986 
 28.1176869797  0.268496464937 
 32.3745754282  0.26849671579 
 37.2759372031  0.268497059084 
 42.9193426013  0.268497515967 
 49.4171336132  0.268498150252 
 56.8986602902  0.268499003691 
 65.512855686  0.268500160786 
 75.4312006335  0.268501729855 
 86.8511373751  21.2558636081 
 100.0  60.6330873818 
409.491506238 50 
 0.1  0.0999991719026 
 0.115139539933  0.115136739301 
 0.132571136559  0.132560961919 
 0.152641796718  0.152601914026 
 0.175751062485  0.175582423419 
 0.202358964773  0.201592934563 
 0.232995181052  0.229392030744 
 0.268269579528  0.25313430507 
 0.308884359648  0.264707531893 
 0.355648030622  0.267534562687 
 0.409491506238  0.267991890362 
 0.471486636346  0.268053253391 
 0.542867543932  0.26806057208 
 0.625055192527  0.268061463512 
 0.719685673001  0.26806166228 
 0.828642772855  0.268061814844 
 0.95409547635  0.26806191486 
 1.09854114199  0.268062036358 
 1.26485521686  0.268062145293 
 1.4563484775  0.268062258341 
 1.67683293681  0.268062333106 
 1.93069772888  0.268062432558 
 2.22299648253  0.268062513192 
 2.5595479227  0.268062599778 
 2.94705170255  0.2680626681 
 3.3932217719  0.26806275124 
 3.90693993705  0.268062819897 
 4.49843266897  0.26806288486 
 5.17947467923  0.268062940628 
 5.96362331659  0.268063023502 
 6.86648845004  0.268063055361 
 7.90604321091  0.268063115279 
 9.10298177992  0.268063155946 
 10.4811313415  0.268063212383 
 12.0679264064  0.268063247505 
 13.8949549437  0.268063322648 
 15.9985871961  0.268063423643 
 18.4206996933  0.268063530681 
 21.2095088792  0.26806367856 
 24.4205309455  0.268063876476 
 28.1176869797  0.268064156026 
 32.3745754282  0.268064528116 
 37.2759372031  0.268065046287 
 42.9193426013  0.268065738931 
 49.4171336132  0.268066673135 
 56.8986602902  0.26806794441 
 65.512855686  1.13017378005 
 75.4312006335  37.1458592912 
 86.8511373751  59.9439616364 
 100.0  79.9212292148 
686.648845004 50 
 0.1  0.0999991689179 
 0.115139539933  0.11513672313 
 0.132571136559  0.132560887239 
 0.152641796718  0.1526016084 
 0.175751062485  0.175581013786 
 0.202358964773  0.201586061231 
 0.232995181052  0.229359062234 
 0.268269579528  0.253017794857 
 0.308884359648  0.264494539519 
 0.355648030622  0.267287487147 
 0.409491506238  0.267738886322 
 0.471486636346  0.267799618858 
 0.542867543932  0.267807092674 
 0.625055192527  0.267808205254 
 0.719685673001  0.267808650958 
 0.828642772855  0.267808974836 
 0.95409547635  0.267809304955 
 1.09854114199  0.267809586835 
 1.26485521686  0.267809874537 
 1.4563484775  0.267810115222 
 1.67683293681  0.267810349835 
 1.93069772888  0.267810562376 
 2.22299648253  0.267810772336 
 2.5595479227  0.267810968776 
 2.94705170255  0.267811139768 
 3.3932217719  0.267811317282 
 3.90693993705  0.267811471221 
 4.49843266897  0.267811635126 
 5.17947467923  0.26781177484 
 5.96362331659  0.26781190003 
 6.86648845004  0.267812017927 
 7.90604321091  0.267812164981 
 9.10298177992  0.267812243263 
 10.4811313415  0.267812370824 
 12.0679264064  0.267812440748 
 13.8949549437  0.267812536952 
 15.9985871961  0.267812646646 
 18.4206996933  0.267812814171 
 21.2095088792  0.267812994785 
 24.4205309455  0.267813281339 
 28.1176869797  0.267813637468 
 32.3745754282  0.267814130938 
 37.2759372031  0.267814826136 
 42.9193426013  0.630949755422 
 49.4171336132  1.75304438159 
 56.8986602902  19.9728405684 
 65.512855686  40.5928333798 
 75.4312006335  56.7927827673 
 86.8511373751  72.4984622167 
 100.0  88.836431522 
1151.39539933 50 
 0.1  0.0999991635506 
 0.115139539933  0.115136711426 
 0.132571136559  0.13256084396 
 0.152641796718  0.152601424756 
 0.175751062485  0.175580177736 
 0.202358964773  0.20158194685 
 0.232995181052  0.229339427989 
 0.268269579528  0.252948657004 
 0.308884359648  0.264368653116 
 0.355648030622  0.267141706891 
 0.409491506238  0.26758983036 
 0.471486636346  0.267650628681 
 0.542867543932  0.267658638408 
 0.625055192527  0.267660319713 
 0.719685673001  0.267661259015 
 0.828642772855  0.267662046155 
 0.95409547635  0.267662745347 
 1.09854114199  0.267663369021 
 1.26485521686  0.267663954677 
 1.4563484775  0.267664466496 
 1.67683293681  0.267664929252 
 1.93069772888  0.430066096613 
 2.22299648253  0.472411434163 
 2.5595479227  0.513030378421 
 2.94705170255  0.554898377284 
 3.3932217719  0.598730266058 
 3.90693993705  0.644718187083 
 4.49843266897  0.69289813253 
 5.17947467923  0.743248764772 
 5.96362331659  0.795719295648 
 6.86648845004  0.850236879117 
 7.90604321091  0.906708226987 
 9.10298177992  0.965019673533 
 10.4811313415  1.02503700578 
 12.0679264064  1.08660524742 
 13.8949549437  1.14954881403 
 15.9985871961  1.2136718957 
 18.4206996933  1.2871329258 
 21.2095088792  1.39764013136 
 24.4205309455  1.57390710598 
 28.1176869797  1.87751203985 
 32.3745754282  2.46893338876 
 37.2759372031  3.90042266098 
 42.9193426013  9.39701092728 
 49.4171336132  26.8922317333 
 56.8986602902  40.1446637769 
 65.512855686  52.5177533582 
 75.4312006335  65.1919018767 
 86.8511373751  78.7419261978 
 100.0  93.583120786 
1930.69772888 50 
 0.1  0.0999991619478 
 0.115139539933  0.115136704676 
 0.132571136559  0.132560815005 
 0.152641796718  0.152601313545 
 0.175751062485  0.175579678711 
 0.202358964773  0.201579503476 
 0.232995181052  0.22932772363 
 0.268269579528  0.252907539735 
 0.308884359648  0.26429400214 
 0.355648030622  0.267055418947 
 0.409491506238  0.267501992052 
 0.471486636346  0.267563617689 
 0.542867543932  0.267572882501 
 0.625055192527  0.267575643245 
 0.719685673001  0.453019335931 
 0.828642772855  0.516033035452 
 0.95409547635  0.581659085609 
 1.09854114199  0.654186011218 
 1.26485521686  0.734880887656 
 1.4563484775  0.824629479707 
 1.67683293681  0.924306915849 
 1.93069772888  1.03483444531 
 2.22299648253  1.15718639705 
 2.5595479227  1.29238881599 
 2.94705170255  1.44151572025 
 3.3932217719  1.60568359944 
 3.90693993705  1.78604397478 
 4.49843266897  1.98377381294 
 5.17947467923  2.20006337037 
 5.96362331659  2.43610128848 
 6.86648845004  2.6930565443 
 7.90604321091  2.97205698787 
 9.10298177992  3.27416421268 
 10.4811313415  3.60034448326 
 12.0679264064  3.9514356992 
 13.8949549437  4.32811028657 
 15.9985871961  4.73083422633 
 18.4206996933  5.15982261924 
 21.2095088792  5.62665679513 
 24.4205309455  6.32870844867 
 28.1176869797  7.57598264736 
 32.3745754282  10.1489966945 
 37.2759372031  17.215728257 
 42.9193426013  28.2153388799 
 49.4171336132  37.9818138407 
 56.8986602902  47.8103725435 
 65.512855686  58.2259011713 
 75.4312006335  69.575280157 
 86.8511373751  82.1540533115 
 100.0  96.2510361624 
3237.45754282 50 
 0.1  0.0999991632401 
 0.115139539933  0.11513670023 
 0.132571136559  0.132560802037 
 0.152641796718  0.152601246866 
 0.175751062485  0.175579378134 
 0.202358964773  0.201578043414 
 0.232995181052  0.229320742118 
 0.268269579528  0.252883069866 
 0.308884359648  0.264249629997 
 0.355648030622  0.267004335822 
 0.409491506238  0.267450671715 
 0.471486636346  0.267514155837 
 0.542867543932  0.460387990831 
 0.625055192527  0.531682612627 
 0.719685673001  0.607884910464 
 0.828642772855  0.694027162226 
 0.95409547635  0.791957666754 
 1.09854114199  0.903297238754 
 1.26485521686  1.02980907219 
 1.4563484775  1.17346429638 
 1.67683293681  1.33646952522 
 1.93069772888  1.5212914121 
 2.22299648253  1.73068223116 
 2.5595479227  1.96770673177 
 2.94705170255  2.23577002853 
 3.3932217719  2.538646135 
 3.90693993705  2.8805065848 
 4.49843266897  3.26594836366 
 5.17947467923  3.70002013834 
 5.96362331659  4.18824544462 
 6.86648845004  4.73664111582 
 7.90604321091  5.35172874248 
 9.10298177992  6.04053637159 
 10.4811313415  6.81058702213 
 12.0679264064  7.66986986155 
 13.8949549437  8.62678885119 
 15.9985871961  9.69008287968 
 18.4206996933  10.8687103217 
 21.2095088792  12.1716899842 
 24.4205309455  13.6078896295 
 28.1176869797  15.6205403241 
 32.3745754282  19.8588895367 
 37.2759372031  27.4273270282 
 42.9193426013  35.0515887023 
 49.4171336132  43.0538044154 
 56.8986602902  51.7265809677 
 65.512855686  61.3065334854 
 75.4312006335  72.018596304 
 86.8511373751  84.0957458204 
 100.0  97.7905055408 
5428.67543932 50 
 0.1  0.0999991627654 
 0.115139539933  0.115136697885 
 0.132571136559  0.132560789933 
 0.152641796718  0.152601208833 
 0.175751062485  0.175579194498 
 0.202358964773  0.20157716941 
 0.232995181052  0.22931658247 
 0.268269579528  0.252868492819 
 0.308884359648  0.264223260652 
 0.355648030622  0.266974274786 
 0.409491506238  0.267421530442 
 0.471486636346  0.441759499904 
 0.542867543932  0.513037241266 
 0.625055192527  0.589657892091 
 0.719685673001  0.6769630237 
 0.828642772855  0.776992908633 
 0.95409547635  0.891649136775 
 1.09854114199  1.02304756738 
 1.26485521686  1.17359611626 
 1.4563484775  1.34604012509 
 1.67683293681  1.54350845901 
 1.93069772888  1.76956486318 
 2.22299648253  2.02826558902 
 2.5595479227  2.32422395153 
 2.94705170255  2.66268245993 
 3.3932217719  3.04959315966 
 3.90693993705  3.49170679167 
 4.49843266897  3.99667130644 
 5.17947467923  4.57314014598 
 5.96362331659  5.23089050936 
 6.86648845004  5.98095151569 
 7.90604321091  6.83574173407 
 9.10298177992  7.80921492654 
 10.4811313415  8.91701196968 
 12.0679264064  10.1766157108 
 13.8949549437  11.6075038799 
 15.9985871961  13.2312929521 
 18.4206996933  15.071862934 
 21.2095088792  17.1554491998 
 24.4205309455  19.5106824848 
 28.1176869797  22.1685516783 
 32.3745754282  25.7036722373 
 37.2759372031  31.8389494758 
 42.9193426013  38.4637699186 
 49.4171336132  45.7561231833 
 56.8986602902  53.8917251564 
 65.512855686  63.0497261582 
 75.4312006335  73.4226863414 
 86.8511373751  85.2235166196 
 100.0  98.6913941079 
9102.98177992 50 
 0.1  0.0999991621872 
 0.115139539933  0.115136697943 
 0.132571136559  0.132560785135 
 0.152641796718  0.152601185238 
 0.175751062485  0.175579087712 
 0.202358964773  0.201576657443 
 0.232995181052  0.229314102482 
 0.268269579528  0.252859813441 
 0.308884359648  0.264207653601 
 0.355648030622  0.266956844536 
 0.409491506238  0.358972709952 
 0.471486636346  0.461817726584 
 0.542867543932  0.53211619256 
 0.625055192527  0.612157505555 
 0.719685673001  0.704082931615 
 0.828642772855  0.80975214402 
 0.95409547635  0.931223039792 
 1.09854114199  1.07084793526 
 1.26485521686  1.23132537107 
 1.4563484775  1.41575161861 
 1.67683293681  1.62767865335 
 1.93069772888  1.87118028837 
 2.22299648253  2.15092765901 
 2.5595479227  2.47227532399 
 2.94705170255  2.84135941884 
 3.3932217719  3.26520927328 
 3.90693993705  3.75187460696 
 4.49843266897  4.31056972992 
 5.17947467923  4.95183718341 
 5.96362331659  5.68773293218 
 6.86648845004  6.53203551715 
 7.90604321091  7.50048165038 
 9.10298177992  8.6110307534 
 10.4811313415  9.88416085241 
 12.0679264064  11.3431979686 
 13.8949549437  13.0146806137 
 15.9985871961  14.9287600876 
 18.4206996933  17.1196358149 
 21.2095088792  19.6260226988 
 24.4205309455  22.4916441052 
 28.1176869797  25.7657391155 
 32.3745754282  29.5035655368 
 37.2759372031  34.1580925788 
 42.9193426013  40.3348906956 
 49.4171336132  47.2769113435 
 56.8986602902  55.1311345868 
 65.512855686  64.0592919106 
 75.4312006335  74.2425401184 
 86.8511373751  85.8858959144 
 100.0  99.2227595694 
15264.1796718 50 
 0.1  0.0999991584418 
 0.115139539933  0.115136697187 
 0.132571136559  0.132560785592 
 0.152641796718  0.152601165468 
 0.175751062485  0.175579022089 
 0.202358964773  0.201576338878 
 0.232995181052  0.229312618179 
 0.268269579528  0.252854649154 
 0.308884359648  0.264198482069 
 0.355648030622  0.266947291358 
 0.409491506238  0.405134527044 
 0.471486636346  0.4681657893 
 0.542867543932  0.539028229451 
 0.625055192527  0.620428274575 
 0.719685673001  0.714083336412 
 0.828642772855  0.821856244527 
 0.95409547635  0.94587412316 
 1.09854114199  1.08858147239 
 1.26485521686  1.25278939317 
 1.4563484775  1.44173056262 
 1.67683293681  1.65912220062 
 1.93069772888  1.90923832864 
 2.22299648253  2.19699276208 
 2.5595479227  2.52803426655 
 2.94705170255  2.90885584346 
 3.3932217719  3.34691994954 
 3.90693993705  3.85080212909 
 4.49843266897  4.43035557233 
 5.17947467923  5.09689959708 
 5.96362331659  5.86343532039 
 6.86648845004  6.74489249189 
 7.90604321091  7.75841142658 
 9.10298177992  8.92366464944 
 10.4811313415  10.2632242929 
 12.0679264064  11.8029796617 
 13.8949549437  13.5726121084 
 15.9985871961  15.6061334021 
 18.4206996933  17.9424944618 
 21.2095088792  20.6262712389 
 24.4205309455  23.7084340948 
 28.1176869797  27.2472059076 
 32.3745754282  31.3090119669 
 37.2759372031  35.9695209706 
 42.9193426013  41.4148017134 
 49.4171336132  48.1552740625 
 56.8986602902  55.8533593789 
 65.512855686  64.6513110935 
 75.4312006335  74.7255144487 
 86.8511373751  86.2773993781 
 100.0  99.5375965855 
25595.479227 50 
 0.1  0.0999991578824 
 0.115139539933  0.115136696343 
 0.132571136559  0.13256078291 
 0.152641796718  0.152601163621 
 0.175751062485  0.175578985995 
 0.202358964773  0.201576153104 
 0.232995181052  0.229311737497 
 0.268269579528  0.25285159485 
 0.308884359648  0.264193230474 
 0.355648030622  0.266942727095 
 0.409491506238  0.408281190033 
 0.471486636346  0.470328118109 
 0.542867543932  0.541501191173 
 0.625055192527  0.623404669029 
 0.719685673001  0.717686415745 
 0.828642772855  0.826220448317 
 0.95409547635  0.951160459228 
 1.09854114199  1.09498483925 
 1.26485521686  1.26054596407 
 1.4563484775  1.45112658636 
 1.67683293681  1.67050472958 
 1.93069772888  1.92302819533 
 2.22299648253  2.21370039155 
 2.5595479227  2.54827896593 
 2.94705170255  2.93338926088 
 3.3932217719  3.37665473499 
 3.90693993705  3.88684692129 
 4.49843266897  4.47405778799 
 5.17947467923  5.14989782324 
 5.96362331659  5.92772363254 
 6.86648845004  6.82289937926 
 7.90604321091  7.85309701084 
 9.10298177992  9.03864090155 
 10.4811313415  10.4029033385 
 12.0679264064  11.97275797 
 13.8949549437  13.7790998413 
 15.9985871961  15.8574405687 
 18.4206996933  18.2485898581 
 21.2095088792  20.999433429 
 24.4205309455  24.1638225696 
 28.1176869797  27.8035858559 
 32.3745754282  31.9896798874 
 37.2759372031  36.8034931592 
 42.9193426013  42.3383179219 
 49.4171336132  48.7133958439 
 56.8986602902  56.2783350586 
 65.512855686  65.000918864 
 75.4312006335  75.0114753997 
 86.8511373751  86.5096507745 
 100.0  99.7246341033 
42919.3426013 50 
 0.1  0.0999991596571 
 0.115139539933  0.115136692412 
 0.132571136559  0.132560775091 
 0.152641796718  0.15260115222 
 0.175751062485  0.175578961341 
 0.202358964773  0.201576045262 
 0.232995181052  0.229311214596 
 0.268269579528  0.252849805842 
 0.308884359648  0.264190443614 
 0.355648030622  0.344840722487 
 0.409491506238  0.409108353844 
 0.471486636346  0.471079311615 
 0.542867543932  0.542381741558 
 0.625055192527  0.624467586248 
 0.719685673001  0.718973782641 
 0.828642772855  0.827780171551 
 0.95409547635  0.953050231745 
 1.09854114199  1.0972745457 
 1.26485521686  1.26332034382 
 1.4563484775  1.45448839075 
 1.67683293681  1.67457858126 
 1.93069772888  1.927965312 
 2.22299648253  2.21968426421 
 2.5595479227  2.55553237239 
 2.94705170255  2.94218275508 
 3.3932217719  3.38731701308 
 3.90693993705  3.8997776211 
 4.49843266897  4.48974295838 
 5.17947467923  5.16892904629 
 5.96362331659  5.95082146125 
 6.86648845004  6.85094219736 
 7.90604321091  7.88715664189 
 9.10298177992  9.08002658394 
 10.4811313415  10.4532163501 
 12.0679264064  12.0339595386 
 13.8949549437  13.8535957345 
 15.9985871961  15.9481872524 
 18.4206996933  18.3592277421 
 21.2095088792  21.1344557766 
 24.4205309455  24.3287891112 
 28.1176869797  28.0053959613 
 32.3745754282  32.2369234082 
 37.2759372031  37.1069034753 
 42.9193426013  42.7113621038 
 49.4171336132  49.160653867 
 56.8986602902  56.5815561921 
 65.512855686  65.2082093852 
 75.4312006335  75.1812875666 
 86.8511373751  86.6477248007 
 100.0  99.8359217824 
71968.5673001 50 
 0.1  0.0999991565568 
 0.115139539933  0.115136691652 
 0.132571136559  0.132560776072 
 0.152641796718  0.152601152418 
 0.175751062485  0.175578947199 
 0.202358964773  0.2015759719 
 0.232995181052  0.229310907716 
 0.268269579528  0.252848796925 
 0.308884359648  0.264189336392 
 0.355648030622  0.355423184239 
 0.409491506238  0.409363513995 
 0.471486636346  0.471342771523 
 0.542867543932  0.542694842152 
 0.625055192527  0.624846142016 
 0.719685673001  0.719432382344 
 0.828642772855  0.828335850301 
 0.95409547635  0.953723558299 
 1.09854114199  1.0980904528 
 1.26485521686  1.26430905115 
 1.4563484775  1.45568657268 
 1.67683293681  1.67603070952 
 1.93069772888  1.92972534566 
 2.22299648253  2.22181772725 
 2.5595479227  2.55811881547 
 2.94705170255  2.94531881373 
 3.3932217719  3.39112014236 
 3.90693993705  3.90439060802 
 4.49843266897  4.49533957854 
 5.17947467923  5.17572075822 
 5.96362331659  5.95906601815 
 6.86648845004  6.86095388196 
 7.90604321091  7.8993190792 
 9.10298177992  9.09480860398 
 10.4811313415  10.4711915671 
 12.0679264064  12.0558308522 
 13.8949549437  13.8802258409 
 15.9985871961  15.9806369335 
 18.4206996933  18.3988040641 
 21.2095088792  21.1827730735 
 24.4205309455  24.3878465845 
 28.1176869797  28.0776768162 
 32.3745754282  32.3255223779 
 37.2759372031  37.215691924 
 42.9193426013  42.8452035755 
 49.4171336132  49.3256884274 
 56.8986602902  56.7855753336 
 65.512855686  65.3725943996 
 75.4312006335  75.2823017443 
 86.8511373751  86.7299148938 
 100.0  99.9021994488 
120679.264064 50 
 0.1  0.0999991578878 
 0.115139539933  0.115136690887 
 0.132571136559  0.132560776987 
 0.152641796718  0.152601152213 
 0.175751062485  0.17557893942 
 0.202358964773  0.201575949786 
 0.232995181052  0.229310721332 
 0.268269579528  0.252848297175 
 0.308884359648  0.264189488509 
 0.355648030622  0.355595890714 
 0.409491506238  0.409447572354 
 0.471486636346  0.471435684132 
 0.542867543932  0.542806143418 
 0.625055192527  0.624980836743 
 0.719685673001  0.719595577125 
 0.828642772855  0.828533598732 
 0.95409547635  0.953963179848 
 1.09854114199  1.09838082639 
 1.26485521686  1.26466093726 
 1.4563484775  1.45611302534 
 1.67683293681  1.67654756624 
 1.93069772888  1.9303518261 
 2.22299648253  2.22257716268 
 2.5595479227  2.55903953851 
 2.94705170255  2.94643524433 
 3.3932217719  3.39247412728 
 3.90693993705  3.90603302144 
 4.49843266897  4.49733228465 
 5.17947467923  5.17813919403 
 5.96362331659  5.96200197297 
 6.86648845004  6.86451942013 
 7.90604321091  7.9036508779 
 9.10298177992  9.10007389557 
 10.4811313415  10.4775948493 
 12.0679264064  12.0636227979 
 13.8949549437  13.889714174 
 15.9985871961  15.9921999704 
 18.4206996933  18.412908326 
 21.2095088792  21.1999948476 
 24.4205309455  24.4088996425 
 28.1176869797  28.1034480433 
 32.3745754282  32.3571174172 
 37.2759372031  37.2544946995 
 42.9193426013  42.8929534937 
 49.4171336132  49.3845822115 
 56.8986602902  56.8584027018 
 65.512855686  65.4629190778 
 75.4312006335  75.3690467383 
 86.8511373751  86.7791241276 
 100.0  99.9416930579 
202358.964773 50 
 0.1  0.0999991584515 
 0.115139539933  0.115136693292 
 0.132571136559  0.132560776235 
 0.152641796718  0.152601151532 
 0.175751062485  0.175578932448 
 0.202358964773  0.201575910545 
 0.232995181052  0.229310628648 
 0.268269579528  0.252848162368 
 0.308884359648  0.264190724602 
 0.355648030622  0.355632665921 
 0.409491506238  0.409476199262 
 0.471486636346  0.471468560496 
 0.542867543932  0.542845712149 
 0.625055192527  0.625028747145 
 0.719685673001  0.719653628536 
 0.828642772855  0.828603942555 
 0.95409547635  0.954048422497 
 1.09854114199  1.0984841224 
 1.26485521686  1.26478611572 
 1.4563484775  1.45626473345 
 1.67683293681  1.67673143523 
 1.93069772888  1.93057469954 
 2.22299648253  2.2228473351 
 2.5595479227  2.55936710105 
 2.94705170255  2.94683244019 
 3.3932217719  3.39295585017 
 3.90693993705  3.9066173612 
 4.49843266897  4.49804127719 
 5.17947467923  5.17899966233 
 5.96362331659  5.96304662829 
 6.86648845004  6.86578807935 
 7.90604321091  7.90519226777 
 9.10298177992  9.101947428 
 10.4811313415  10.4798734105 
 12.0679264064  12.0663956014 
 13.8949549437  13.8930907135 
 15.9985871961  15.9963152615 
 18.4206996933  18.4179282811 
 21.2095088792  21.2061246707 
 24.4205309455  24.416393553 
 28.1176869797  28.1126217124 
 32.3745754282  32.3683652096 
 37.2759372031  37.2683091173 
 42.9193426013  42.9099545738 
 49.4171336132  49.4055530694 
 56.8986602902  56.8843377467 
 65.512855686  65.4950890399 
 75.4312006335  75.4090864589 
 86.8511373751  86.82350464 
 100.0  99.9661285415 
339322.17719 50 
 0.1  0.0999991572838 
 0.115139539933  0.115136689558 
 0.132571136559  0.132560771482 
 0.152641796718  0.152601147228 
 0.175751062485  0.175578926138 
 0.202358964773  0.201575889864 
 0.232995181052  0.229310580099 
 0.268269579528  0.252848344481 
 0.308884359648  0.308870352904 
 0.355648030622  0.355643072827 
 0.409491506238  0.409486127647 
 0.471486636346  0.471480217364 
 0.542867543932  0.542859780693 
 0.625055192527  0.625045787263 
 0.719685673001  0.719674276244 
 0.828642772855  0.82862896283 
 0.95409547635  0.954078741378 
 1.09854114199  1.09852086229 
 1.26485521686  1.26483064058 
 1.4563484775  1.4563186927 
 1.67683293681  1.6767968379 
 1.93069772888  1.93065397129 
 2.22299648253  2.22294343697 
 2.5595479227  2.5594836095 
 2.94705170255  2.94697371653 
 3.3932217719  3.39312718962 
 3.90693993705  3.90682520325 
 4.49843266897  4.49829346588 
 5.17947467923  5.17930573357 
 5.96362331659  5.96341820974 
 6.86648845004  6.8662393533 
 7.90604321091  7.90574056617 
 9.10298177992  9.10261390434 
 10.4811313415  10.4806839368 
 12.0679264064  12.0673819318 
 13.8949549437  13.8942918938 
 15.9985871961  15.9977791351 
 18.4206996933  18.4197139801 
 21.2095088792  21.2083052107 
 24.4205309455  24.4190593898 
 28.1176869797  28.115885487 
 32.3745754282  32.3723664724 
 37.2759372031  37.2732242316 
 42.9193426013  42.9160036739 
 49.4171336132  49.41301452 
 56.8986602902  56.8935662854 
 65.512855686  65.5065366531 
 75.4312006335  75.4233345446 
 86.8511373751  86.841308197 
 100.0  99.9876634054 
568986.602902 50 
 0.1  0.0999991602317 
 0.115139539933  0.11513669277 
 0.132571136559  0.132560768358 
 0.152641796718  0.152601143703 
 0.175751062485  0.175578935583 
 0.202358964773  0.201575906088 
 0.232995181052  0.229310582508 
 0.268269579528  0.252848829259 
 0.308884359648  0.308882058676 
 0.355648030622  0.355646359776 
 0.409491506238  0.409489606945 
 0.471486636346  0.471484355499 
 0.542867543932  0.542864783216 
 0.625055192527  0.625051847575 
 0.719685673001  0.719681619742 
 0.828642772855  0.828637861248 
 0.95409547635  0.954089524544 
 1.09854114199  1.09853392949 
 1.26485521686  1.26484647628 
 1.4563484775  1.4563378845 
 1.67683293681  1.67682009787 
 1.93069772888  1.93068216642 
 2.22299648253  2.22297761678 
 2.5595479227  2.55952504958 
 2.94705170255  2.94702396665 
 3.3932217719  3.39318813348 
 3.90693993705  3.90689913167 
 4.49843266897  4.49838315796 
 5.17947467923  5.17941458899 
 5.96362331659  5.96355036386 
 6.86648845004  6.86639985783 
 7.90604321091  7.90593556307 
 9.10298177992  9.10285092815 
 10.4811313415  10.4809721989 
 12.0679264064  12.0677327668 
 13.8949549437  13.894719134 
 15.9985871961  15.9982998041 
 18.4206996933  18.4203491176 
 21.2095088792  21.2090807858 
 24.4205309455  24.4200075747 
 28.1176869797  28.1170462634 
 32.3745754282  32.3737897924 
 37.2759372031  37.2749723062 
 42.9193426013  42.9181550791 
 49.4171336132  49.41566875 
 56.8986602902  56.8968485792 
 65.512855686  65.5106083006 
 75.4312006335  75.4284032897 
 86.8511373751  86.8476419381 
 100.0  99.9956128389 
954095.47635 50 
 0.1  0.099999157336 
 0.115139539933  0.115136692311 
 0.132571136559  0.13256077335 
 0.152641796718  0.152601143389 
 0.175751062485  0.175578933285 
 0.202358964773  0.201575889316 
 0.232995181052  0.22931062986 
 0.268269579528  0.25284967924 
 0.308884359648  0.308883739781 
 0.355648030622  0.355647454387 
 0.409491506238  0.409490833601 
 0.471486636346  0.471485825603 
 0.542867543932  0.542866562147 
 0.625055192527  0.625054002906 
 0.719685673001  0.719684231465 
 0.828642772855  0.828641026047 
 0.95409547635  0.954093359596 
 1.09854114199  1.09853857687 
 1.26485521686  1.26485210828 
 1.4563484775  1.45634471011 
 1.67683293681  1.67682837065 
 1.93069772888  1.93069219411 
 2.22299648253  2.22298977294 
 2.5595479227  2.55953978789 
 2.94705170255  2.94704183829 
 3.3932217719  3.39320980841 
 3.90693993705  3.90692542463 
 4.49843266897  4.49841506039 
 5.17947467923  5.17945330815 
 5.96362331659  5.96359737096 
 6.86648845004  6.86645693939 
 7.90604321091  7.90600492593 
 9.10298177992  9.10293524244 
 10.4811313415  10.4810747424 
 12.0679264064  12.0678575281 
 13.8949549437  13.8948710636 
 15.9985871961  15.9984849653 
 18.4206996933  18.4205749836 
 21.2095088792  21.2093565898 
 24.4205309455  24.4203447563 
 28.1176869797  28.1174591078 
 32.3745754282  32.3742960344 
 37.2759372031  37.275594009 
 42.9193426013  42.9189202563 
 49.4171336132  49.4166126301 
 56.8986602902  56.8980159479 
 65.512855686  65.5120562965 
 75.4312006335  75.4302057452 
 86.8511373751  86.8498942034 
 100.0  99.9984397068 
1599858.71961 50 
 0.1  0.0999991576879 
 0.115139539933  0.115136693019 
 0.132571136559  0.132560772887 
 0.152641796718  0.152601143742 
 0.175751062485  0.175578926341 
 0.202358964773  0.201575903397 
 0.232995181052  0.229310715003 
 0.268269579528  0.26826851335 
 0.308884359648  0.308884167445 
 0.355648030622  0.355647829321 
 0.409491506238  0.409491267618 
 0.471486636346  0.471486348099 
 0.542867543932  0.542867194829 
 0.625055192527  0.625054769525 
 0.719685673001  0.719685160437 
 0.828642772855  0.828642151605 
 0.95409547635  0.95409472353 
 1.09854114199  1.09854022971 
 1.26485521686  1.26485411129 
 1.4563484775  1.45634713763 
 1.67683293681  1.67683131286 
 1.93069772888  1.93069576045 
 2.22299648253  2.22299409627 
 2.5595479227  2.55954502957 
 2.94705170255  2.94704819434 
 3.3932217719  3.3932175171 
 3.90693993705  3.90693477573 
 4.49843266897  4.4984264065 
 5.17947467923  5.17946707864 
 5.96362331659  5.96361408906 
 6.86648845004  6.86647724332 
 7.90604321091  7.90602959629 
 9.10298177992  9.10296522892 
 10.4811313415  10.4811112121 
 12.0679264064  12.0679019099 
 13.8949549437  13.8949251119 
 15.9985871961  15.9985508378 
 18.4206996933  18.42065535 
 21.2095088792  21.2094547176 
 24.4205309455  24.4204647274 
 28.1176869797  28.1176059118 
 32.3745754282  32.3744760618 
 37.2759372031  37.2758151072 
 42.9193426013  42.9191923942 
 49.4171336132  49.4169482326 
 56.8986602902  56.8984311302 
 65.512855686  65.5125714177 
 75.4312006335  75.4308467529 
 86.8511373751  86.8506952411 
 100.0  99.9994449868 
2682695.79528 50 
 0.1  0.0999991573734 
 0.115139539933  0.115136689032 
 0.132571136559  0.132560772225 
 0.152641796718  0.152601142797 
 0.175751062485  0.175578926058 
 0.202358964773  0.201575896676 
 0.232995181052  0.22931087505 
 0.268269579528  0.268269479288 
 0.308884359648  0.308884296115 
 0.355648030622  0.35564795978 
 0.409491506238  0.4094914215 
 0.471486636346  0.471486533851 
 0.542867543932  0.542867419777 
 0.625055192527  0.625055042088 
 0.719685673001  0.719685490668 
 0.828642772855  0.828642551965 
 0.95409547635  0.95409520869 
 1.09854114199  1.09854081765 
 1.26485521686  1.26485482366 
 1.4563484775  1.45634800119 
 1.67683293681  1.67683235954 
 1.93069772888  1.93069702881 
 2.22299648253  2.22299563386 
 2.5595479227  2.55954689376 
 2.94705170255  2.94705045486 
 3.3932217719  3.39322025868 
 3.90693993705  3.90693810144 
 4.49843266897  4.49843044173 
 5.17947467923  5.17947197609 
 5.96362331659  5.96362003484 
 6.86648845004  6.86648446439 
 7.90604321091  7.9060383684 
 9.10298177992  9.10297589358 
 10.4811313415  10.4811241826 
 12.0679264064  12.0679176943 
 13.8949549437  13.8949443341 
 15.9985871961  15.9985742653 
 18.4206996933  18.4206839192 
 21.2095088792  21.2094896167 
 24.4205309455  24.4205073951 
 28.1176869797  28.1176581481 
 32.3745754282  32.3745400762 
 37.2759372031  37.2758937799 
 42.9193426013  42.9192891565 
 49.4171336132  49.4170676829 
 56.8986602902  56.8985787439 
 65.512855686  65.5127545227 
 75.4312006335  75.4310747052 
 86.8511373751  86.8509800079 
 100.0  99.9998024723 
4498432.66897 50 
 0.1  0.0999991608367 
 0.115139539933  0.11513669161 
 0.132571136559  0.132560772566 
 0.152641796718  0.152601143872 
 0.175751062485  0.175578925036 
 0.202358964773  0.201575917063 
 0.232995181052  0.229311108113 
 0.268269579528  0.268269554714 
 0.308884359648  0.308884337962 
 0.355648030622  0.355648005583 
 0.409491506238  0.409491476128 
 0.471486636346  0.471486599898 
 0.542867543932  0.542867499778 
 0.625055192527  0.625055139024 
 0.719685673001  0.719685608169 
 0.828642772855  0.828642694296 
 0.95409547635  0.954095381157 
 1.09854114199  1.09854102664 
 1.26485521686  1.26485507707 
 1.4563484775  1.4563483081 
 1.67683293681  1.67683273141 
 1.93069772888  1.93069748004 
 2.22299648253  2.22299618089 
 2.5595479227  2.55954755703 
 2.94705170255  2.94705125881 
 3.3932217719  3.39322123423 
 3.90693993705  3.90693928422 
 4.49843266897  4.49843187686 
 5.17947467923  5.17947371786 
 5.96362331659  5.96362214944 
 6.86648845004  6.86648703255 
 7.90604321091  7.90604148868 
 9.10298177992  9.10297968645 
 10.4811313415  10.4811287955 
 12.0679264064  12.0679233079 
 13.8949549437  13.8949511704 
 15.9985871961  15.9985825973 
 18.4206996933  18.4206940833 
 21.2095088792  21.2095020285 
 24.4205309455  24.4205225698 
 28.1176869797  28.1176767258 
 32.3745754282  32.3745628553 
 37.2759372031  37.2759217597 
 42.9193426013  42.9193235937 
 49.4171336132  49.4171101652 
 56.8986602902  56.8986312884 
 65.512855686  65.5128197074 
 75.4312006335  75.4311558473 
 86.8511373751  86.8510814077 
 100.0  99.9999297496 
7543120.06335 50 
 0.1  0.0999991602355 
 0.115139539933  0.115136688135 
 0.132571136559  0.132560774206 
 0.152641796718  0.152601144066 
 0.175751062485  0.175578923185 
 0.202358964773  0.201575926573 
 0.232995181052  0.232995109013 
 0.268269579528  0.268269572113 
 0.308884359648  0.308884352116 
 0.355648030622  0.35564802175 
 0.409491506238  0.409491495535 
 0.471486636346  0.471486623385 
 0.542867543932  0.542867528229 
 0.625055192527  0.625055173499 
 0.719685673001  0.719685649944 
 0.828642772855  0.828642744915 
 0.95409547635  0.954095442495 
 1.09854114199  1.09854110096 
 1.26485521686  1.26485516714 
 1.4563484775  1.45634841725 
 1.67683293681  1.67683286379 
 1.93069772888  1.93069764038 
 2.22299648253  2.22299637525 
 2.5595479227  2.55954779265 
 2.94705170255  2.94705154487 
 3.3932217719  3.39322158068 
 3.90693993705  3.90693970488 
 4.49843266897  4.4984323876 
 5.17947467923  5.1794743378 
 5.96362331659  5.96362290216 
 6.86648845004  6.86648794682 
 7.90604321091  7.90604259965 
 9.10298177992  9.10298103538 
 10.4811313415  10.481130436 
 12.0679264064  12.0679253044 
 13.8949549437  13.8949536018 
 15.9985871961  15.9985855605 
 18.4206996933  18.4206976981 
 21.2095088792  21.2095064428 
 24.4205309455  24.4205279667 
 28.1176869797  28.1176833329 
 32.3745754282  32.3745709567 
 37.2759372031  37.2759317107 
 42.9193426013  42.9193358413 
 49.4171336132  49.417125274 
 56.8986602902  56.8986499757 
 65.512855686  65.5128428903 
 75.4312006335  75.4311847054 
 86.8511373751  86.8511174704 
 100.0  99.9999750156 
12648552.1686 50 
 0.1  0.0999991593399 
 0.115139539933  0.115136693156 
 0.132571136559  0.132560771951 
 0.152641796718  0.152601141962 
 0.175751062485  0.175578922969 
 0.202358964773  0.201575976516 
 0.232995181052  0.232995176922 
 0.268269579528  0.268269577122 
 0.308884359648  0.308884357006 
 0.355648030622  0.355648027474 
 0.409491506238  0.409491502433 
 0.471486636346  0.471486631737 
 0.542867543932  0.542867538348 
 0.625055192527  0.62505518576 
 0.719685673001  0.719685664801 
 0.828642772855  0.828642762918 
 0.95409547635  0.954095464309 
 1.09854114199  1.0985411274 
 1.26485521686  1.26485519917 
 1.4563484775  1.45634845607 
 1.67683293681  1.67683291084 
 1.93069772888  1.93069769741 
 2.22299648253  2.22299644437 
 2.5595479227  2.55954787645 
 2.94705170255  2.94705164647 
 3.3932217719  3.39322170389 
 3.90693993705  3.90693985457 
 4.49843266897  4.4984325689 
 5.17947467923  5.1794745578 
 5.96362331659  5.9636231692 
 6.86648845004  6.86648827104 
 7.90604321091  7.90604299352 
 9.10298177992  9.10298151574 
 10.4811313415  10.4811310204 
 12.0679264064  12.0679260157 
 13.8949549437  13.8949544681 
 15.9985871961  15.9985866166 
 18.4206996933  18.4206989868 
 21.2095088792  21.2095080127 
 24.4205309455  24.4205298861 
 28.1176869797  28.1176856828 
 32.3745754282  32.3745738379 
 37.2759372031  37.2759352498 
 42.9193426013  42.9193401971 
 49.4171336132  49.4171306474 
 56.8986602902  56.8986566219 
 65.512855686  65.5128511352 
 75.4312006335  75.4311949687 
 86.8511373751  86.8511302961 
 100.0  99.9999911143 
21209508.8792 50 
 0.1  0.099999161674 
 0.115139539933  0.115136690867 
 0.132571136559  0.132560767842 
 0.152641796718  0.152601144405 
 0.175751062485  0.175578929066 
 0.202358964773  0.201576017825 
 0.232995181052  0.232995180092 
 0.268269579528  0.268269578714 
 0.308884359648  0.308884358716 
 0.355648030622  0.355648029504 
 0.409491506238  0.409491504885 
 0.471486636346  0.471486634707 
 0.542867543932  0.542867541946 
 0.625055192527  0.625055190121 
 0.719685673001  0.719685670085 
 0.828642772855  0.828642769321 
 0.95409547635  0.954095472068 
 1.09854114199  1.0985411368 
 1.26485521686  1.26485521057 
 1.4563484775  1.45634846988 
 1.67683293681  1.67683292758 
 1.93069772888  1.93069771769 
 2.22299648253  2.22299646896 
 2.5595479227  2.55954790625 
 2.94705170255  2.94705168261 
 3.3932217719  3.39322174771 
 3.90693993705  3.90693990772 
 4.49843266897  4.49843263338 
 5.17947467923  5.17947463604 
 5.96362331659  5.96362326417 
 6.86648845004  6.86648838639 
 7.90604321091  7.90604313359 
 9.10298177992  9.10298168596 
 10.4811313415  10.4811312273 
 12.0679264064  12.0679262674 
 13.8949549437  13.8949547746 
 15.9985871961  15.99858699 
 18.4206996933  18.420699442 
 21.2095088792  21.2095085725 
 24.4205309455  24.4205305687 
 28.1176869797  28.1176865214 
 32.3745754282  32.3745748666 
 37.2759372031  37.275936514 
 42.9193426013  42.9193417539 
 49.4171336132  49.4171325584 
 56.8986602902  56.8986589856 
 65.512855686  65.5128540675 
 75.4312006335  75.4311986189 
 86.8511373751  86.8511348575 
 100.0  99.9999968398 
35564803.0622 50 
 0.1  0.0999991614463 
 0.115139539933  0.115136691315 
 0.132571136559  0.132560771494 
 0.152641796718  0.152601145236 
 0.175751062485  0.175578933133 
 0.202358964773  0.202358962132 
 0.232995181052  0.232995180772 
 0.268269579528  0.268269579247 
 0.308884359648  0.308884359318 
 0.355648030622  0.355648030225 
 0.409491506238  0.409491505757 
 0.471486636346  0.471486635763 
 0.542867543932  0.542867543226 
 0.625055192527  0.625055191671 
 0.719685673001  0.719685671964 
 0.828642772855  0.828642771598 
 0.95409547635  0.954095474827 
 1.09854114199  1.09854114014 
 1.26485521686  1.26485521462 
 1.4563484775  1.45634847479 
 1.67683293681  1.67683293353 
 1.93069772888  1.9306977249 
 2.22299648253  2.2229964777 
 2.5595479227  2.55954791685 
 2.94705170255  2.94705169546 
 3.3932217719  3.39322176329 
 3.90693993705  3.90693992662 
 4.49843266897  4.49843265631 
 5.17947467923  5.17947466387 
 5.96362331659  5.96362329795 
 6.86648845004  6.86648842741 
 7.90604321091  7.90604318341 
 9.10298177992  9.1029817465 
 10.4811313415  10.4811313009 
 12.0679264064  12.067926357 
 13.8949549437  13.8949548836 
 15.9985871961  15.9985871228 
 18.4206996933  18.4206996039 
 21.2095088792  21.2095087701 
 24.4205309455  24.4205308122 
 28.1176869797  28.1176868167 
 32.3745754282  32.3745752285 
 37.2759372031  37.275936958 
 42.9193426013  42.9193422999 
 49.4171336132  49.4171332419 
 56.8986602902  56.8986598314 
 65.512855686  65.5128551176 
 75.4312006335  75.4311999271 
 86.8511373751  86.8511364797 
 100.0  99.9999988761 
59636233.1659 50 
 0.1  0.099999160777 
 0.115139539933  0.115136694793 
 0.132571136559  0.132560769526 
 0.152641796718  0.152601143285 
 0.175751062485  0.17557893961 
 0.202358964773  0.202358964501 
 0.232995181052  0.232995180952 
 0.268269579528  0.26826957943 
 0.308884359648  0.308884359531 
 0.355648030622  0.355648030481 
 0.409491506238  0.409491506067 
 0.471486636346  0.471486636138 
 0.542867543932  0.542867543681 
 0.625055192527  0.625055192223 
 0.719685673001  0.719685672632 
 0.828642772855  0.828642772408 
 0.95409547635  0.954095475808 
 1.09854114199  1.09854114133 
 1.26485521686  1.26485521606 
 1.4563484775  1.45634847654 
 1.67683293681  1.67683293564 
 1.93069772888  1.93069772747 
 2.22299648253  2.22299648081 
 2.5595479227  2.55954792062 
 2.94705170255  2.94705170003 
 3.3932217719  3.39322176884 
 3.90693993705  3.90693993334 
 4.49843266897  4.49843266447 
 5.17947467923  5.17947467377 
 5.96362331659  5.96362330996 
 6.86648845004  6.86648844199 
 7.90604321091  7.90604320113 
 9.10298177992  9.10298176803 
 10.4811313415  10.4811313271 
 12.0679264064  12.0679263888 
 13.8949549437  13.8949549223 
 15.9985871961  15.99858717 
 18.4206996933  18.4206996615 
 21.2095088792  21.2095088404 
 24.4205309455  24.4205308981 
 28.1176869797  28.1176869218 
 32.3745754282  32.3745753571 
 37.2759372031  37.275937116 
 42.9193426013  42.9193424941 
 49.4171336132  49.4171334812 
 56.8986602902  56.898660127 
 65.512855686  65.5128554838 
 75.4312006335  75.4312003823 
 86.8511373751  86.8511370617 
 100.0  99.9999996072 
100000000.0 50 
 0.1  0.0999991611361 
 0.115139539933  0.115136694178 
 0.132571136559  0.13256077369 
 0.152641796718  0.152601146772 
 0.175751062485  0.175578950862 
 0.202358964773  0.202358964728 
 0.232995181052  0.232995181017 
 0.268269579528  0.268269579493 
 0.308884359648  0.308884359606 
 0.355648030622  0.355648030572 
 0.409491506238  0.409491506177 
 0.471486636346  0.471486636272 
 0.542867543932  0.542867543843 
 0.625055192527  0.625055192419 
 0.719685673001  0.71968567287 
 0.828642772855  0.828642772696 
 0.95409547635  0.954095476157 
 1.09854114199  1.09854114175 
 1.26485521686  1.26485521657 
 1.4563484775  1.45634847716 
 1.67683293681  1.6768329364 
 1.93069772888  1.93069772838 
 2.22299648253  2.22299648192 
 2.5595479227  2.55954792196 
 2.94705170255  2.94705170165 
 3.3932217719  3.39322177081 
 3.90693993705  3.90693993573 
 4.49843266897  4.49843266737 
 5.17947467923  5.17947467729 
 5.96362331659  5.96362331424 
 6.86648845004  6.86648844718 
 7.90604321091  7.90604320743 
 9.10298177992  9.10298177569 
 10.4811313415  10.4811313364 
 12.0679264064  12.0679264001 
 13.8949549437  13.8949549361 
 15.9985871961  15.9985871868 
 18.4206996933  18.420699682 
 21.2095088792  21.2095088654 
 24.4205309455  24.4205309286 
 28.1176869797  28.1176869591 
 32.3745754282  32.3745754029 
 37.2759372031  37.2759371721 
 42.9193426013  42.9193425632 
 49.4171336132  49.4171335663 
 56.8986602902  56.8986602322 
 65.512855686  65.5128556141 
 75.4312006335  75.4312005442 
 86.8511373751  86.8511372636 
 100.0  99.9999998603 
