0.001 50 
 0.1  0.1 
 0.115139539933  0.115139539933 
 0.132571136559  0.132571136559 
 0.152641796718  0.152641796717 
 0.175751062485  0.175751062484 
 0.202358964773  0.202358964763 
 0.232995181052  0.232995180957 
 0.268269579528  0.268269578365 
 0.308884359648  0.308884340603 
 0.355648030622  0.355647603143 
 0.409491506238  0.409477883077 
 0.471486636346  0.470857107991 
 0.542867543932  0.520504786595 
 0.625055192527  0.52572811904 
 0.719685673001  0.525784336954 
 0.828642772855  0.525784402908 
 0.95409547635  0.525784372743 
 1.09854114199  0.525784412083 
 1.26485521686  0.525784352527 
 1.4563484775  0.525783630831 
 1.67683293681  0.525783794267 
 1.93069772888  0.525784833767 
 2.22299648253  0.525783829427 
 2.5595479227  0.525783874152 
 2.94705170255  0.5257846974 
 3.3932217719  0.525783679101 
 3.90693993705  0.525784879129 
 4.49843266897  0.525784306548 
 5.17947467923  0.525784248404 
 5.96362331659  0.525784462823 
 6.86648845004  0.525784884093 
 7.90604321091  0.525784373327 
 9.10298177992  0.525784368711 
 10.4811313415  0.525783731441 
 12.0679264064  0.525783851876 
 13.8949549437  0.525783867401 
 15.9985871961  0.5257848857 
 18.4206996933  0.525783598038 
 21.2095088792  0.525784974205 
 24.4205309455  0.5257844912 
 28.1176869797  0.525784236169 
 32.3745754282  0.525784955621 
 37.2759372031  0.525784494191 
 42.9193426013  0.525784548865 
 49.4171336132  4.98688322254 
 56.8986602902  16.1086306267 
 65.512855686  27.1405244111 
 75.4312006335  38.9806617635 
 86.8511373751  52.0304991599 
 100.0  66.6099790449 
0.00167683293681 50 
 0.1  0.1 
 0.115139539933  0.115139539933 
 0.132571136559  0.132571136559 
 0.152641796718  0.152641796717 
 0.175751062485  0.175751062483 
 0.202358964773  0.202358964756 
 0.232995181052  0.232995180893 
 0.268269579528  0.268269577577 
 0.308884359648  0.308884327708 
 0.355648030622  0.355647313678 
 0.409491506238  0.409468664166 
 0.471486636346  0.470444121122 
 0.542867543932  0.513712293082 
 0.625055192527  0.517008130401 
 0.719685673001  0.517041595581 
 0.828642772855  0.517041677073 
 0.95409547635  0.51704163809 
 1.09854114199  0.517041693639 
 1.26485521686  0.517041624679 
 1.4563484775  0.517041127474 
 1.67683293681  0.517041183015 
 1.93069772888  0.517041924973 
 2.22299648253  0.517041203486 
 2.5595479227  0.517041244692 
 2.94705170255  0.517041820891 
 3.3932217719  0.517041663908 
 3.90693993705  0.517041977179 
 4.49843266897  0.517041597862 
 5.17947467923  0.517041548493 
 5.96362331659  0.51704170476 
 6.86648845004  0.51704198111 
 7.90604321091  0.51704168585 
 9.10298177992  0.517041579828 
 10.4811313415  0.517041183243 
 12.0679264064  0.517041232693 
 13.8949549437  0.517041193669 
 15.9985871961  0.517041641677 
 18.4206996933  0.517041711431 
 21.2095088792  0.517041937547 
 24.4205309455  0.517041669909 
 28.1176869797  0.517041759126 
 32.3745754282  0.51704174395 
 37.2759372031  0.517041587587 
 42.9193426013  0.517041573875 
 49.4171336132  4.31091771084 
 56.8986602902  15.493722219 
 65.512855686  26.4975952237 
 75.4312006335  38.2934188357 
 86.8511373751  51.2912049009 
 100.0  65.81314442 
0.00281176869797 50 
 0.1  0.1 
 0.115139539933  0.115139539933 
 0.132571136559  0.132571136559 
 0.152641796718  0.152641796717 
 0.175751062485  0.175751062482 
 0.202358964773  0.202358964745 
 0.232995181052  0.232995180786 
 0.268269579528  0.268269576255 
 0.308884359648  0.308884306074 
 0.355648030622  0.355646828052 
 0.409491506238  0.40945320866 
 0.471486636346  0.46977376469 
 0.542867543932  0.506276692767 
 0.625055192527  0.508311533305 
 0.719685673001  0.508331505985 
 0.828642772855  0.508331517969 
 0.95409547635  0.508331510846 
 1.09854114199  0.508331548691 
 1.26485521686  0.508331499513 
 1.4563484775  0.508331151488 
 1.67683293681  0.508331180446 
 1.93069772888  0.508331196292 
 2.22299648253  0.508331190211 
 2.5595479227  0.508331533986 
 2.94705170255  0.508331534691 
 3.3932217719  0.508331516083 
 3.90693993705  0.508331492381 
 4.49843266897  0.50833149286 
 5.17947467923  0.508331541311 
 5.96362331659  0.508331549911 
 6.86648845004  0.508331492341 
 7.90604321091  0.508331530824 
 9.10298177992  0.508331213009 
 10.4811313415  0.508331627281 
 12.0679264064  0.50833127861 
 13.8949549437  0.508331748361 
 15.9985871961  0.508331551947 
 18.4206996933  0.508331505377 
 21.2095088792  0.508331513565 
 24.4205309455  0.508331547854 
 28.1176869797  0.508331635183 
 32.3745754282  0.508331570827 
 37.2759372031  0.508331404805 
 42.9193426013  0.508331476417 
 49.4171336132  3.14125046876 
 56.8986602902  14.4673577857 
 65.512855686  25.4267124379 
 75.4312006335  37.1487873652 
 86.8511373751  50.0594512627 
 100.0  64.4849445811 
0.00471486636346 50 
 0.1  0.1 
 0.115139539933  0.115139539933 
 0.132571136559  0.132571136559 
 0.152641796718  0.152641796717 
 0.175751062485  0.175751062479 
 0.202358964773  0.202358964726 
 0.232995181052  0.232995180606 
 0.268269579528  0.268269574038 
 0.308884359648  0.308884269769 
 0.355648030622  0.355646013058 
 0.409491506238  0.409427300995 
 0.471486636346  0.468706809725 
 0.542867543932  0.498402682125 
 0.625055192527  0.499640293066 
 0.719685673001  0.499652168674 
 0.828642772855  0.499652206727 
 0.95409547635  0.499652189503 
 1.09854114199  0.499652219695 
 1.26485521686  0.499652179934 
 1.4563484775  0.499651931028 
 1.67683293681  0.499651939491 
 1.93069772888  0.499651968452 
 2.22299648253  0.499652153261 
 2.5595479227  0.499652201739 
 2.94705170255  0.499652208878 
 3.3932217719  0.499652189207 
 3.90693993705  0.499652188672 
 4.49843266897  0.499652152166 
 5.17947467923  0.499652202131 
 5.96362331659  0.499652195798 
 6.86648845004  0.499652203868 
 7.90604321091  0.499652177457 
 9.10298177992  0.499651951269 
 10.4811313415  0.499652142011 
 12.0679264064  0.499652184277 
 13.8949549437  0.499652221245 
 15.9985871961  0.499652176218 
 18.4206996933  0.499652180579 
 21.2095088792  0.49965222264 
 24.4205309455  0.499652219205 
 28.1176869797  0.49965222782 
 32.3745754282  0.499652159681 
 37.2759372031  0.49965216567 
 42.9193426013  0.499652210063 
 49.4171336132  0.94033044231 
 56.8986602902  12.7581911237 
 65.512855686  23.6510488732 
 75.4312006335  35.2512021792 
 86.8511373751  48.0162653564 
 100.0  62.2801568478 
0.00790604321091 50 
 0.1  0.1 
 0.115139539933  0.115139539933 
 0.132571136559  0.132571136559 
 0.152641796718  0.152641796716 
 0.175751062485  0.175751062475 
 0.202358964773  0.202358964694 
 0.232995181052  0.232995180304 
 0.268269579528  0.268269570316 
 0.308884359648  0.308884208812 
 0.355648030622  0.35564464454 
 0.409491506238  0.409383882501 
 0.471486636346  0.467057801416 
 0.542867543932  0.490248652745 
 0.625055192527  0.49099383549 
 0.719685673001  0.491000910787 
 0.828642772855  0.491000926678 
 0.95409547635  0.491000917137 
 1.09854114199  0.491000953026 
 1.26485521686  0.491000910732 
 1.4563484775  0.491000750058 
 1.67683293681  0.491000736215 
 1.93069772888  0.491000775349 
 2.22299648253  0.491000740779 
 2.5595479227  0.491000928917 
 2.94705170255  0.491000927366 
 3.3932217719  0.491000957099 
 3.90693993705  0.491000918068 
 4.49843266897  0.491000917497 
 5.17947467923  0.491000934017 
 5.96362331659  0.491000972485 
 6.86648845004  0.491000922741 
 7.90604321091  0.491000939484 
 9.10298177992  0.491000981684 
 10.4811313415  0.491000930084 
 12.0679264064  0.491000919866 
 13.8949549437  0.491000933158 
 15.9985871961  0.491000915406 
 18.4206996933  0.491000919963 
 21.2095088792  0.491000970445 
 24.4205309455  0.491000915548 
 28.1176869797  0.491000891661 
 32.3745754282  0.491000897936 
 37.2759372031  0.491000897716 
 42.9193426013  0.49100087678 
 49.4171336132  0.491000952059 
 56.8986602902  9.91625924806 
 65.512855686  20.7286055213 
 75.4312006335  32.1302095191 
 86.8511373751  44.652724718 
 100.0  58.646040951 
0.0132571136559 50 
 0.1  0.1 
 0.115139539933  0.115139539933 
 0.132571136559  0.132571136558 
 0.152641796718  0.152641796715 
 0.175751062485  0.175751062468 
 0.202358964773  0.202358964641 
 0.232995181052  0.232995179797 
 0.268269579528  0.268269564061 
 0.308884359648  0.308884106372 
 0.355648030622  0.355642344396 
 0.409491506238  0.409311145566 
 0.471486636346  0.464612438299 
 0.542867543932  0.481923155314 
 0.625055192527  0.482368704463 
 0.719685673001  0.482372916054 
 0.828642772855  0.482372785307 
 0.95409547635  0.482372917082 
 1.09854114199  0.482372940932 
 1.26485521686  0.482372914293 
 1.4563484775  0.482372798507 
 1.67683293681  0.482372794236 
 1.93069772888  0.482372813282 
 2.22299648253  0.482372796784 
 2.5595479227  0.482372923491 
 2.94705170255  0.482372935789 
 3.3932217719  0.482372971308 
 3.90693993705  0.482372915046 
 4.49843266897  0.482372925417 
 5.17947467923  0.482372926966 
 5.96362331659  0.48237291033 
 6.86648845004  0.482372915206 
 7.90604321091  0.482372926391 
 9.10298177992  0.482372924287 
 10.4811313415  0.482372920212 
 12.0679264064  0.48237293147 
 13.8949549437  0.482372923363 
 15.9985871961  0.482372935288 
 18.4206996933  0.482372905876 
 21.2095088792  0.482372900079 
 24.4205309455  0.482372976073 
 28.1176869797  0.482372916919 
 32.3745754282  0.482372917372 
 37.2759372031  0.482372908105 
 42.9193426013  0.482372904636 
 49.4171336132  0.482372905727 
 56.8986602902  5.13038104356 
 65.512855686  15.9744787227 
 75.4312006335  27.0664979951 
 86.8511373751  39.188164466 
 100.0  52.729263999 
0.0222299648253 50 
 0.1  0.0999999999999 
 0.115139539933  0.115139539932 
 0.132571136559  0.132571136558 
 0.152641796718  0.152641796713 
 0.175751062485  0.175751062456 
 0.202358964773  0.202358964552 
 0.232995181052  0.232995178943 
 0.268269579528  0.268269553538 
 0.308884359648  0.308883933963 
 0.355648030622  0.355638472355 
 0.409491506238  0.409189371804 
 0.471486636346  0.461174779331 
 0.542867543932  0.473492810251 
 0.625055192527  0.473757817786 
 0.719685673001  0.473760291005 
 0.828642772855  0.473760295733 
 0.95409547635  0.473760290859 
 1.09854114199  0.473760309843 
 1.26485521686  0.473760289131 
 1.4563484775  0.473760241159 
 1.67683293681  0.473760235253 
 1.93069772888  0.473760255403 
 2.22299648253  0.473760311588 
 2.5595479227  0.473760296639 
 2.94705170255  0.473760312017 
 3.3932217719  0.473760290874 
 3.90693993705  0.473760291781 
 4.49843266897  0.473760299104 
 5.17947467923  0.473760318374 
 5.96362331659  0.473760293647 
 6.86648845004  0.473760322329 
 7.90604321091  0.473760294546 
 9.10298177992  0.473760295312 
 10.4811313415  0.473760299858 
 12.0679264064  0.473760297164 
 13.8949549437  0.473760294755 
 15.9985871961  0.473760304144 
 18.4206996933  0.473760296881 
 21.2095088792  0.473760288992 
 24.4205309455  0.473760305794 
 28.1176869797  0.473760288281 
 32.3745754282  0.473760312088 
 37.2759372031  0.473760295473 
 42.9193426013  0.473760304137 
 49.4171336132  0.47376029477 
 56.8986602902  0.473760291214 
 65.512855686  8.33133051317 
 75.4312006335  19.0394605376 
 86.8511373751  30.5160628975 
 100.0  43.3055494979 
0.0372759372031 50 
 0.1  0.0999999999999 
 0.115139539933  0.115139539932 
 0.132571136559  0.132571136557 
 0.152641796718  0.15264179671 
 0.175751062485  0.175751062437 
 0.202358964773  0.202358964401 
 0.232995181052  0.232995177506 
 0.268269579528  0.268269535795 
 0.308884359648  0.308883643078 
 0.355648030622  0.35563193721 
 0.409491506238  0.408985727236 
 0.471486636346  0.456632431145 
 0.542867543932  0.464991877542 
 0.625055192527  0.465148666797 
 0.719685673001  0.465150116274 
 0.828642772855  0.465150122267 
 0.95409547635  0.465150116416 
 1.09854114199  0.465150134938 
 1.26485521686  0.46515011962 
 1.4563484775  0.465150092485 
 1.67683293681  0.465150091781 
 1.93069772888  0.465150120294 
 2.22299648253  0.465150100625 
 2.5595479227  0.465150131177 
 2.94705170255  0.46515008914 
 3.3932217719  0.465150115284 
 3.90693993705  0.465150118817 
 4.49843266897  0.465150136546 
 5.17947467923  0.465150120617 
 5.96362331659  0.465150118759 
 6.86648845004  0.465150117074 
 7.90604321091  0.465150127801 
 9.10298177992  0.465150118196 
 10.4811313415  0.465150124094 
 12.0679264064  0.465150119539 
 13.8949549437  0.465150120618 
 15.9985871961  0.46515012164 
 18.4206996933  0.465150143105 
 21.2095088792  0.465150122233 
 24.4205309455  0.465150116778 
 28.1176869797  0.465150118832 
 32.3745754282  0.465150134236 
 37.2759372031  0.465150122738 
 42.9193426013  0.465150127803 
 49.4171336132  0.465150128322 
 56.8986602902  0.46515011833 
 65.512855686  0.465150116252 
 75.4312006335  6.69611977785 
 86.8511373751  17.3259059455 
 100.0  28.899516878 
0.0625055192527 50 
 0.1  0.0999999999998 
 0.115139539933  0.115139539932 
 0.132571136559  0.132571136556 
 0.152641796718  0.152641796704 
 0.175751062485  0.175751062403 
 0.202358964773  0.202358964147 
 0.232995181052  0.232995175074 
 0.268269579528  0.268269505767 
 0.308884359648  0.308883150301 
 0.355648030622  0.355620859874 
 0.409491506238  0.40864581442 
 0.471486636346  0.450998329747 
 0.542867543932  0.45642822289 
 0.625055192527  0.456520437353 
 0.719685673001  0.456521277116 
 0.828642772855  0.456521281627 
 0.95409547635  0.456521276893 
 1.09854114199  0.456521276446 
 1.26485521686  0.456521275453 
 1.4563484775  0.456521285553 
 1.67683293681  0.456521273522 
 1.93069772888  0.45652127764 
 2.22299648253  0.456521278379 
 2.5595479227  0.456521278215 
 2.94705170255  0.45652127827 
 3.3932217719  0.456521278752 
 3.90693993705  0.456521280648 
 4.49843266897  0.456521284347 
 5.17947467923  0.456521277305 
 5.96362331659  0.456521281113 
 6.86648845004  0.456521278312 
 7.90604321091  0.45652127806 
 9.10298177992  0.456521280508 
 10.4811313415  0.456521278928 
 12.0679264064  0.456521282873 
 13.8949549437  0.45652128964 
 15.9985871961  0.456521280353 
 18.4206996933  0.456521276219 
 21.2095088792  0.456521283006 
 24.4205309455  0.456521276827 
 28.1176869797  0.45652127712 
 32.3745754282  0.456521287951 
 37.2759372031  0.456521286264 
 42.9193426013  0.456521288007 
 49.4171336132  0.45652128467 
 56.8986602902  0.456521290899 
 65.512855686  0.456521286905 
 75.4312006335  0.456521288399 
 86.8511373751  0.456521284662 
 100.0  8.53666296706 
0.104811313415 50 
 0.1  0.0999999999997 
 0.115139539933  0.115139539932 
 0.132571136559  0.132571136555 
 0.152641796718  0.152641796695 
 0.175751062485  0.175751062346 
 0.202358964773  0.202358963715 
 0.232995181052  0.232995170941 
 0.268269579528  0.26826945464 
 0.308884359648  0.308882309904 
 0.355648030622  0.355601951285 
 0.409491506238  0.408080320877 
 0.471486636346  0.444392240576 
 0.542867543932  0.447785812475 
 0.625055192527  0.447839591044 
 0.719685673001  0.447840079135 
 0.828642772855  0.447840082977 
 0.95409547635  0.44784007946 
 1.09854114199  0.447840078395 
 1.26485521686  0.44784007962 
 1.4563484775  0.447840079914 
 1.67683293681  0.447840082296 
 1.93069772888  0.447840080382 
 2.22299648253  0.447840079376 
 2.5595479227  0.447840078839 
 2.94705170255  0.44784007865 
 3.3932217719  0.447840080284 
 3.90693993705  0.447840079027 
 4.49843266897  0.447840084561 
 5.17947467923  0.447840081064 
 5.96362331659  0.44784008522 
 6.86648845004  0.447840079239 
 7.90604321091  0.447840080807 
 9.10298177992  0.447840080702 
 10.4811313415  0.447840081976 
 12.0679264064  0.44784008536 
 13.8949549437  0.447840086634 
 15.9985871961  0.447840079584 
 18.4206996933  0.447840087364 
 21.2095088792  0.447840086509 
 24.4205309455  0.447840085211 
 28.1176869797  0.447840086164 
 32.3745754282  0.447840084415 
 37.2759372031  0.447840085512 
 42.9193426013  0.447840083302 
 49.4171336132  0.44784008371 
 56.8986602902  0.447840086527 
 65.512855686  0.447840085533 
 75.4312006335  0.447840086322 
 86.8511373751  0.447840081053 
 100.0  0.447840085034 
0.175751062485 50 
 0.1  0.0999999999995 
 0.115139539933  0.115139539931 
 0.132571136559  0.132571136552 
 0.152641796718  0.152641796679 
 0.175751062485  0.175751062249 
 0.202358964773  0.202358962977 
 0.232995181052  0.232995163851 
 0.268269579528  0.268269366726 
 0.308884359648  0.308880861082 
 0.355648030622  0.355569310255 
 0.409491506238  0.40714501034 
 0.471486636346  0.436973224646 
 0.542867543932  0.439022673472 
 0.625055192527  0.439053640909 
 0.719685673001  0.439053915593 
 0.828642772855  0.43905391783 
 0.95409547635  0.439053918774 
 1.09854114199  0.439053918807 
 1.26485521686  0.439053916413 
 1.4563484775  0.439053919418 
 1.67683293681  0.439053916492 
 1.93069772888  0.439053919538 
 2.22299648253  0.439053919692 
 2.5595479227  0.439053921298 
 2.94705170255  0.43905391952 
 3.3932217719  0.439053918841 
 3.90693993705  0.439053917513 
 4.49843266897  0.43905391944 
 5.17947467923  0.439053924206 
 5.96362331659  0.439053918535 
 6.86648845004  0.439053924561 
 7.90604321091  0.439053920503 
 9.10298177992  0.43905391984 
 10.4811313415  0.439053920285 
 12.0679264064  0.439053919388 
 13.8949549437  0.439053921538 
 15.9985871961  0.439053920976 
 18.4206996933  0.439053918955 
 21.2095088792  0.439053922485 
 24.4205309455  0.439053918262 
 28.1176869797  0.439053918263 
 32.3745754282  0.439053919506 
 37.2759372031  0.439053921335 
 42.9193426013  0.439053918655 
 49.4171336132  0.439053917928 
 56.8986602902  0.439053923532 
 65.512855686  0.439053920336 
 75.4312006335  0.439053920087 
 86.8511373751  0.439053921259 
 100.0  0.439053918801 
0.294705170255 50 
 0.1  0.0999999999992 
 0.115139539933  0.11513953993 
 0.132571136559  0.132571136546 
 0.152641796718  0.152641796652 
 0.175751062485  0.175751062082 
 0.202358964773  0.202358961696 
 0.232995181052  0.232995151514 
 0.268269579528  0.268269213175 
 0.308884359648  0.308878320297 
 0.355648030622  0.355511968251 
 0.409491506238  0.405614047436 
 0.471486636346  0.428868707327 
 0.542867543932  0.430065980678 
 0.625055192527  0.430083467688 
 0.719685673001  0.430083623493 
 0.828642772855  0.430083622644 
 0.95409547635  0.430083623313 
 1.09854114199  0.430083623766 
 1.26485521686  0.430083623858 
 1.4563484775  0.430083624018 
 1.67683293681  0.430083623115 
 1.93069772888  0.430083623262 
 2.22299648253  0.430083620504 
 2.5595479227  0.430083624444 
 2.94705170255  0.430083626835 
 3.3932217719  0.430083625804 
 3.90693993705  0.430083624664 
 4.49843266897  0.430083624788 
 5.17947467923  0.430083621795 
 5.96362331659  0.430083625516 
 6.86648845004  0.430083625892 
 7.90604321091  0.430083626417 
 9.10298177992  0.430083627257 
 10.4811313415  0.430083625928 
 12.0679264064  0.430083623343 
 13.8949549437  0.430083626132 
 15.9985871961  0.430083626644 
 18.4206996933  0.430083626818 
 21.2095088792  0.430083624093 
 24.4205309455  0.430083626586 
 28.1176869797  0.430083626536 
 32.3745754282  0.430083626826 
 37.2759372031  0.430083622056 
 42.9193426013  0.430083624296 
 49.4171336132  0.430083625495 
 56.8986602902  0.430083624747 
 65.512855686  0.430083625479 
 75.4312006335  0.430083626845 
 86.8511373751  0.430083625245 
 100.0  0.430083626763 
0.494171336132 50 
 0.1  0.0999999999987 
 0.115139539933  0.115139539928 
 0.132571136559  0.132571136537 
 0.152641796718  0.152641796605 
 0.175751062485  0.175751061787 
 0.202358964773  0.20235895943 
 0.232995181052  0.23299512957 
 0.268269579528  0.268268938453 
 0.308884359648  0.308873746905 
 0.355648030622  0.35540857516 
 0.409491506238  0.403154092012 
 0.471486636346  0.420132626308 
 0.542867543932  0.420806954147 
 0.625055192527  0.420816552781 
 0.719685673001  0.420816634448 
 0.828642772855  0.420816636696 
 0.95409547635  0.420816638368 
 1.09854114199  0.42081663815 
 1.26485521686  0.420816637925 
 1.4563484775  0.420816637609 
 1.67683293681  0.420816635879 
 1.93069772888  0.420816636711 
 2.22299648253  0.420816637714 
 2.5595479227  0.42081663485 
 2.94705170255  0.420816638302 
 3.3932217719  0.420816637285 
 3.90693993705  0.420816636493 
 4.49843266897  0.420816638523 
 5.17947467923  0.420816634795 
 5.96362331659  0.420816638081 
 6.86648845004  0.420816638596 
 7.90604321091  0.420816635938 
 9.10298177992  0.42081663645 
 10.4811313415  0.420816635235 
 12.0679264064  0.420816639965 
 13.8949549437  0.420816638682 
 15.9985871961  0.420816635668 
 18.4206996933  0.420816637426 
 21.2095088792  0.420816639011 
 24.4205309455  0.420816637105 
 28.1176869797  0.420816638869 
 32.3745754282  0.420816636105 
 37.2759372031  0.42081663768 
 42.9193426013  0.420816637437 
 49.4171336132  0.420816635711 
 56.8986602902  0.420816635478 
 65.512855686  0.420816636057 
 75.4312006335  0.420816637643 
 86.8511373751  0.420816636607 
 100.0  0.420816639107 
0.828642772855 50 
 0.1  0.0999999999977 
 0.115139539933  0.115139539924 
 0.132571136559  0.132571136521 
 0.152641796718  0.15264179652 
 0.175751062485  0.175751061253 
 0.202358964773  0.202358955297 
 0.232995181052  0.232995089236 
 0.268269579528  0.268268429305 
 0.308884359648  0.308865199177 
 0.355648030622  0.35521531996 
 0.409491506238  0.399325587796 
 0.471486636346  0.410738052128 
 0.542867543932  0.411101484036 
 0.625055192527  0.411106548131 
 0.719685673001  0.411106587129 
 0.828642772855  0.411106592787 
 0.95409547635  0.411106593142 
 1.09854114199  0.411106591523 
 1.26485521686  0.411106591872 
 1.4563484775  0.411106592851 
 1.67683293681  0.411106591278 
 1.93069772888  0.411106591019 
 2.22299648253  0.411106590465 
 2.5595479227  0.41110659212 
 2.94705170255  0.411106591824 
 3.3932217719  0.41110659332 
 3.90693993705  0.411106591222 
 4.49843266897  0.411106594057 
 5.17947467923  0.411106592124 
 5.96362331659  0.411106594347 
 6.86648845004  0.411106592322 
 7.90604321091  0.411106592137 
 9.10298177992  0.411106594344 
 10.4811313415  0.411106590456 
 12.0679264064  0.411106590836 
 13.8949549437  0.411106592104 
 15.9985871961  0.411106592934 
 18.4206996933  0.411106590403 
 21.2095088792  0.411106591186 
 24.4205309455  0.411106591817 
 28.1176869797  0.41110659341 
 32.3745754282  0.411106590507 
 37.2759372031  0.41110659 
 42.9193426013  0.411106592212 
 49.4171336132  0.411106590685 
 56.8986602902  0.411106590619 
 65.512855686  0.411106590313 
 75.4312006335  0.411106590004 
 86.8511373751  0.41110659436 
 100.0  0.411106593595 
1.38949549437 50 
 0.1  0.0999999999959 
 0.115139539933  0.115139539917 
 0.132571136559  0.132571136491 
 0.152641796718  0.152641796362 
 0.175751062485  0.175751060247 
 0.202358964773  0.202358947429 
 0.232995181052  0.232995011657 
 0.268269579528  0.268267439245 
 0.308884359648  0.308848399763 
 0.355648030622  0.354837819205 
 0.409491506238  0.393661920465 
 0.471486636346  0.400599938946 
 0.542867543932  0.400785569327 
 0.625055192527  0.400788109257 
 0.719685673001  0.400788128125 
 0.828642772855  0.40078813168 
 0.95409547635  0.400788131513 
 1.09854114199  0.400788132531 
 1.26485521686  0.4007881313 
 1.4563484775  0.400788131503 
 1.67683293681  0.400788133039 
 1.93069772888  0.40078813083 
 2.22299648253  0.400788131815 
 2.5595479227  0.400788129484 
 2.94705170255  0.400788132679 
 3.3932217719  0.400788128657 
 3.90693993705  0.400788132194 
 4.49843266897  0.400788129575 
 5.17947467923  0.400788131972 
 5.96362331659  0.400788131907 
 6.86648845004  0.400788133196 
 7.90604321091  0.400788130987 
 9.10298177992  0.400788131895 
 10.4811313415  0.400788131952 
 12.0679264064  0.40078813087 
 13.8949549437  0.400788131731 
 15.9985871961  0.400788132004 
 18.4206996933  0.400788130223 
 21.2095088792  0.400788132242 
 24.4205309455  0.400788131482 
 28.1176869797  0.400788128859 
 32.3745754282  0.400788131575 
 37.2759372031  0.40078813328 
 42.9193426013  0.400788131139 
 49.4171336132  0.400788132742 
 56.8986602902  0.400788129906 
 65.512855686  0.400788128751 
 75.4312006335  0.400788130635 
 86.8511373751  0.400788132787 
 100.0  0.400788133238 
2.32995181052 50 
 0.1  0.0999999999925 
 0.115139539933  0.115139539904 
 0.132571136559  0.132571136432 
 0.152641796718  0.15264179605 
 0.175751062485  0.175751058248 
 0.202358964773  0.202358931602 
 0.232995181052  0.232994853607 
 0.268269579528  0.268265395932 
 0.308884359648  0.308813323393 
 0.355648030622  0.35406751352 
 0.409491506238  0.385853075386 
 0.471486636346  0.389623170267 
 0.542867543932  0.389712273582 
 0.625055192527  0.389713476095 
 0.719685673001  0.389713485376 
 0.828642772855  0.389713483702 
 0.95409547635  0.38971348704 
 1.09854114199  0.389713485969 
 1.26485521686  0.389713485936 
 1.4563484775  0.389713485975 
 1.67683293681  0.389713485878 
 1.93069772888  0.389713484424 
 2.22299648253  0.389713482011 
 2.5595479227  0.38971348623 
 2.94705170255  0.38971348323 
 3.3932217719  0.389713486133 
 3.90693993705  0.389713484326 
 4.49843266897  0.389713485978 
 5.17947467923  0.389713486602 
 5.96362331659  0.389713486838 
 6.86648845004  0.389713486929 
 7.90604321091  0.389713485489 
 9.10298177992  0.389713486834 
 10.4811313415  0.389713484343 
 12.0679264064  0.389713486861 
 13.8949549437  0.38971348389 
 15.9985871961  0.389713483985 
 18.4206996933  0.389713483919 
 21.2095088792  0.389713484347 
 24.4205309455  0.389713482579 
 28.1176869797  0.389713486684 
 32.3745754282  0.389713483009 
 37.2759372031  0.389713486362 
 42.9193426013  0.389713487501 
 49.4171336132  0.389713482434 
 56.8986602902  0.389713482465 
 65.512855686  0.389713485724 
 75.4312006335  0.389713486534 
 86.8511373751  0.389713483638 
 100.0  0.38971348698 
3.90693993705 50 
 0.1  0.0999999999857 
 0.115139539933  0.115139539878 
 0.132571136559  0.132571136311 
 0.152641796718  0.1526417954 
 0.175751062485  0.175751054018 
 0.202358964773  0.202358897667 
 0.232995181052  0.232994509967 
 0.268269579528  0.268260893006 
 0.308884359648  0.308735254156 
 0.355648030622  0.352457075134 
 0.409491506238  0.37592908408 
 0.471486636346  0.377762205373 
 0.542867543932  0.377802258611 
 0.625055192527  0.377802793398 
 0.719685673001  0.377802798622 
 0.828642772855  0.377802798348 
 0.95409547635  0.377802798489 
 1.09854114199  0.377802800388 
 1.26485521686  0.377802801157 
 1.4563484775  0.377802798785 
 1.67683293681  0.377802798874 
 1.93069772888  0.37780279845 
 2.22299648253  0.377802797763 
 2.5595479227  0.377802800243 
 2.94705170255  0.377802798812 
 3.3932217719  0.377802798563 
 3.90693993705  0.377802798275 
 4.49843266897  0.377802797979 
 5.17947467923  0.377802798258 
 5.96362331659  0.377802804146 
 6.86648845004  0.377802798505 
 7.90604321091  0.377802797432 
 9.10298177992  0.377802798943 
 10.4811313415  0.377802798423 
 12.0679264064  0.377802797972 
 13.8949549437  0.377802798622 
 15.9985871961  0.377802798484 
 18.4206996933  0.377802798302 
 21.2095088792  0.377802795238 
 24.4205309455  0.37780279577 
 28.1176869797  0.377802797341 
 32.3745754282  0.377802798535 
 37.2759372031  0.377802798059 
 42.9193426013  0.377802800144 
 49.4171336132  0.377802799552 
 56.8986602902  0.377802800177 
 65.512855686  0.377802798913 
 75.4312006335  0.377802800215 
 86.8511373751  0.377802798163 
 100.0  0.37780279632 
6.5512855686 50 
 0.1  0.0999999999711 
 0.115139539933  0.11513953982 
 0.132571136559  0.132571136046 
 0.152641796718  0.152641793951 
 0.175751062485  0.17575104446 
 0.202358964773  0.202358819947 
 0.232995181052  0.232993712763 
 0.268269579528  0.26825031955 
 0.308884359648  0.30855127025 
 0.355648030622  0.349174467558 
 0.409491506238  0.364254321299 
 0.471486636346  0.365063603009 
 0.542867543932  0.365080521208 
 0.625055192527  0.365080747648 
 0.719685673001  0.365080750163 
 0.828642772855  0.365080748989 
 0.95409547635  0.365080752138 
 1.09854114199  0.365080752107 
 1.26485521686  0.365080750536 
 1.4563484775  0.365080748054 
 1.67683293681  0.365080750692 
 1.93069772888  0.365080750773 
 2.22299648253  0.36508074809 
 2.5595479227  0.365080750834 
 2.94705170255  0.365080747148 
 3.3932217719  0.365080751652 
 3.90693993705  0.365080751717 
 4.49843266897  0.365080750927 
 5.17947467923  0.365080750784 
 5.96362331659  0.365080749817 
 6.86648845004  0.365080754199 
 7.90604321091  0.36508074973 
 9.10298177992  0.365080749971 
 10.4811313415  0.365080750387 
 12.0679264064  0.365080747775 
 13.8949549437  0.365080750786 
 15.9985871961  0.3650807508 
 18.4206996933  0.365080751051 
 21.2095088792  0.365080751905 
 24.4205309455  0.365080750407 
 28.1176869797  0.365080750061 
 32.3745754282  0.365080750304 
 37.2759372031  0.365080750692 
 42.9193426013  0.365080748811 
 49.4171336132  0.365080748245 
 56.8986602902  0.36508075038 
 65.512855686  0.365080749527 
 75.4312006335  0.365080750367 
 86.8511373751  0.365080753553 
 100.0  0.365080747967 
10.9854114199 50 
 0.1  0.0999999999379 
 0.115139539933  0.115139539687 
 0.132571136559  0.132571135424 
 0.152641796718  0.1526417905 
 0.175751062485  0.175751021503 
 0.202358964773  0.20235863114 
 0.232995181052  0.232991755182 
 0.268269579528  0.268224120592 
 0.308884359648  0.308100441379 
 0.355648030622  0.343146435178 
 0.409491506238  0.351334489604 
 0.471486636346  0.351666072052 
 0.542867543932  0.351672846614 
 0.625055192527  0.351672939233 
 0.719685673001  0.351672939998 
 0.828642772855  0.351672940803 
 0.95409547635  0.351672940761 
 1.09854114199  0.351672940369 
 1.26485521686  0.351672939234 
 1.4563484775  0.351672940554 
 1.67683293681  0.351672937483 
 1.93069772888  0.351672941303 
 2.22299648253  0.351672939195 
 2.5595479227  0.351672940981 
 2.94705170255  0.351672940396 
 3.3932217719  0.351672939612 
 3.90693993705  0.351672937304 
 4.49843266897  0.351672940262 
 5.17947467923  0.351672940768 
 5.96362331659  0.351672943435 
 6.86648845004  0.351672938378 
 7.90604321091  0.351672938473 
 9.10298177992  0.351672940731 
 10.4811313415  0.351672940458 
 12.0679264064  0.35167293691 
 13.8949549437  0.351672940819 
 15.9985871961  0.351672939177 
 18.4206996933  0.351672940746 
 21.2095088792  0.351672942347 
 24.4205309455  0.351672940838 
 28.1176869797  0.351672939913 
 32.3745754282  0.351672939334 
 37.2759372031  0.351672939405 
 42.9193426013  0.351672941092 
 49.4171336132  0.35167293862 
 56.8986602902  0.35167293917 
 65.512855686  0.351672940849 
 75.4312006335  0.351672939188 
 86.8511373751  0.351672939822 
 100.0  0.35167293978 
18.4206996933 50 
 0.1  0.0999999998572 
 0.115139539933  0.115139539359 
 0.132571136559  0.132571133884 
 0.152641796718  0.152641781909 
 0.175751062485  0.175750963548 
 0.202358964773  0.202358150336 
 0.232995181052  0.232986731488 
 0.268269579528  0.268156593181 
 0.308884359648  0.306989051317 
 0.355648030622  0.333861250936 
 0.409491506238  0.337634421871 
 0.471486636346  0.337763344095 
 0.542867543932  0.337765950178 
 0.625055192527  0.337765986824 
 0.719685673001  0.337765986862 
 0.828642772855  0.337765988585 
 0.95409547635  0.337765987624 
 1.09854114199  0.337765987087 
 1.26485521686  0.337765987073 
 1.4563484775  0.337765987472 
 1.67683293681  0.337765987082 
 1.93069772888  0.337765987557 
 2.22299648253  0.337765984145 
 2.5595479227  0.337765984687 
 2.94705170255  0.337765988804 
 3.3932217719  0.337765988909 
 3.90693993705  0.337765989313 
 4.49843266897  0.33776598883 
 5.17947467923  0.337765986004 
 5.96362331659  0.337765986799 
 6.86648845004  0.33776598579 
 7.90604321091  0.337765986869 
 9.10298177992  0.33776598836 
 10.4811313415  0.337765988583 
 12.0679264064  0.337765989235 
 13.8949549437  0.337765989644 
 15.9985871961  0.337765988927 
 18.4206996933  0.337765985931 
 21.2095088792  0.337765986049 
 24.4205309455  0.33776598458 
 28.1176869797  0.337765989153 
 32.3745754282  0.337765988968 
 37.2759372031  0.33776598753 
 42.9193426013  0.337765988858 
 49.4171336132  0.337765990834 
 56.8986602902  0.337765986187 
 65.512855686  0.337765985835 
 75.4312006335  0.337765988849 
 86.8511373751  0.337765987485 
 100.0  0.337765987411 
30.8884359648 50 
 0.1  0.0999999996521 
 0.115139539933  0.115139538507 
 0.132571136559  0.132571129903 
 0.152641796718  0.152641759531 
 0.175751062485  0.175750811833 
 0.202358964773  0.202356884485 
 0.232995181052  0.23297344234 
 0.268269579528  0.267978596356 
 0.308884359648  0.304386202021 
 0.355648030622  0.321971541007 
 0.409491506238  0.323513881998 
 0.471486636346  0.323562401924 
 0.542867543932  0.323563382885 
 0.625055192527  0.32356339489 
 0.719685673001  0.323563393585 
 0.828642772855  0.323563394831 
 0.95409547635  0.323563394918 
 1.09854114199  0.323563395646 
 1.26485521686  0.323563395983 
 1.4563484775  0.32356339294 
 1.67683293681  0.323563395687 
 1.93069772888  0.323563396818 
 2.22299648253  0.323563395493 
 2.5595479227  0.323563393955 
 2.94705170255  0.323563396158 
 3.3932217719  0.323563392898 
 3.90693993705  0.323563393917 
 4.49843266897  0.323563392936 
 5.17947467923  0.323563395126 
 5.96362331659  0.32356339467 
 6.86648845004  0.323563394872 
 7.90604321091  0.323563394788 
 9.10298177992  0.323563395306 
 10.4811313415  0.323563394761 
 12.0679264064  0.323563395156 
 13.8949549437  0.323563395072 
 15.9985871961  0.323563394603 
 18.4206996933  0.323563395102 
 21.2095088792  0.323563392969 
 24.4205309455  0.323563394397 
 28.1176869797  0.323563395059 
 32.3745754282  0.323563393984 
 37.2759372031  0.323563397546 
 42.9193426013  0.323563396251 
 49.4171336132  0.323563397127 
 56.8986602902  0.323563394256 
 65.512855686  0.323563393142 
 75.4312006335  0.323563394469 
 86.8511373751  0.323563395472 
 100.0  0.323563394261 
51.7947467923 50 
 0.1  0.0999999991125 
 0.115139539933  0.115139536309 
 0.132571136559  0.132571119328 
 0.152641796718  0.152641699797 
 0.175751062485  0.175750405468 
 0.202358964773  0.202353483968 
 0.232995181052  0.232937715007 
 0.268269579528  0.267509466802 
 0.308884359648  0.29908393647 
 0.355648030622  0.308658289827 
 0.409491506238  0.309249720557 
 0.471486636346  0.309267748022 
 0.542867543932  0.309268111987 
 0.625055192527  0.309268119882 
 0.719685673001  0.309268120241 
 0.828642772855  0.309268117296 
 0.95409547635  0.309268120342 
 1.09854114199  0.309268120244 
 1.26485521686  0.309268118168 
 1.4563484775  0.309268117028 
 1.67683293681  0.3092681196 
 1.93069772888  0.309268117661 
 2.22299648253  0.309268118347 
 2.5595479227  0.309268119908 
 2.94705170255  0.309268117327 
 3.3932217719  0.309268119289 
 3.90693993705  0.309268117112 
 4.49843266897  0.309268119731 
 5.17947467923  0.309268117508 
 5.96362331659  0.309268119986 
 6.86648845004  0.309268119773 
 7.90604321091  0.309268119272 
 9.10298177992  0.309268117286 
 10.4811313415  0.309268119412 
 12.0679264064  0.309268117534 
 13.8949549437  0.309268119098 
 15.9985871961  0.309268120541 
 18.4206996933  0.309268117124 
 21.2095088792  0.309268118167 
 24.4205309455  0.309268118092 
 28.1176869797  0.309268117561 
 32.3745754282  0.309268116664 
 37.2759372031  0.309268121992 
 42.9193426013  0.309268118297 
 49.4171336132  0.309268120534 
 56.8986602902  0.309268118301 
 65.512855686  0.309268118287 
 75.4312006335  0.309268119714 
 86.8511373751  0.30926812167 
 100.0  0.309268121452 
86.8511373751 50 
 0.1  0.0999999976639 
 0.115139539933  0.115139530346 
 0.132571136559  0.13257109081 
 0.152641796718  0.152641538517 
 0.175751062485  0.175749307378 
 0.202358964773  0.202344301082 
 0.232995181052  0.232841774593 
 0.268269579528  0.266320317445 
 0.308884359648  0.290461005683 
 0.355648030622  0.29487816174 
 0.409491506238  0.29510162507 
 0.471486636346  0.295108416544 
 0.542867543932  0.295108557778 
 0.625055192527  0.29510855986 
 0.719685673001  0.295108556867 
 0.828642772855  0.295108558437 
 0.95409547635  0.295108560986 
 1.09854114199  0.295108556832 
 1.26485521686  0.2951085585 
 1.4563484775  0.295108559721 
 1.67683293681  0.295108556873 
 1.93069772888  0.295108560378 
 2.22299648253  0.295108559658 
 2.5595479227  0.295108557208 
 2.94705170255  0.295108559349 
 3.3932217719  0.295108560551 
 3.90693993705  0.29510855998 
 4.49843266897  0.295108560105 
 5.17947467923  0.295108558886 
 5.96362331659  0.295108560754 
 6.86648845004  0.295108561313 
 7.90604321091  0.295108559856 
 9.10298177992  0.295108556871 
 10.4811313415  0.295108559056 
 12.0679264064  0.295108558998 
 13.8949549437  0.295108555515 
 15.9985871961  0.295108560761 
 18.4206996933  0.295108561091 
 21.2095088792  0.295108561587 
 24.4205309455  0.295108560829 
 28.1176869797  0.295108561111 
 32.3745754282  0.295108561087 
 37.2759372031  0.295108560709 
 42.9193426013  0.295108559201 
 49.4171336132  0.295108560312 
 56.8986602902  0.295108560734 
 65.512855686  0.295108555252 
 75.4312006335  0.295108554695 
 86.8511373751  0.295108560456 
 100.0  0.295108560937 
145.63484775 50 
 0.1  0.0999999937515 
 0.115139539933  0.115139514224 
 0.132571136559  0.132571013993 
 0.152641796718  0.152641105444 
 0.175751062485  0.175746372496 
 0.202358964773  0.202319932835 
 0.232995181052  0.2325920827 
 0.268269579528  0.263626822785 
 0.308884359648  0.2794545561 
 0.355648030622  0.28132613003 
 0.409491506238  0.281413826357 
 0.471486636346  0.281416546863 
 0.542867543932  0.281416607282 
 0.625055192527  0.281416607591 
 0.719685673001  0.281416607569 
 0.828642772855  0.281416607486 
 0.95409547635  0.281416605288 
 1.09854114199  0.281416607749 
 1.26485521686  0.281416607465 
 1.4563484775  0.281416604108 
 1.67683293681  0.28141660728 
 1.93069772888  0.281416607716 
 2.22299648253  0.281416607166 
 2.5595479227  0.281416607077 
 2.94705170255  0.28141660718 
 3.3932217719  0.281416607537 
 3.90693993705  0.2814166063 
 4.49843266897  0.28141660628 
 5.17947467923  0.28141660602 
 5.96362331659  0.281416608358 
 6.86648845004  0.281416605311 
 7.90604321091  0.281416605406 
 9.10298177992  0.281416607253 
 10.4811313415  0.281416606045 
 12.0679264064  0.281416605856 
 13.8949549437  0.281416606108 
 15.9985871961  0.281416607206 
 18.4206996933  0.28141660742 
 21.2095088792  0.281416606492 
 24.4205309455  0.281416607657 
 28.1176869797  0.281416606548 
 32.3745754282  0.281416605535 
 37.2759372031  0.281416606409 
 42.9193426013  0.281416605525 
 49.4171336132  0.281416605897 
 56.8986602902  0.281416605683 
 65.512855686  0.281416606226 
 75.4312006335  0.281416607222 
 86.8511373751  0.28141660459 
 100.0  0.281416605402 
244.205309455 50 
 0.1  0.0999999833517 
 0.115139539933  0.115139471752 
 0.132571136559  0.132570813191 
 0.152641796718  0.152639985844 
 0.175751062485  0.175738900367 
 0.202358964773  0.202259151086 
 0.232995181052  0.231999022757 
 0.268269579528  0.258741078337 
 0.308884359648  0.267876077758 
 0.355648030622  0.268692633564 
 0.409491506238  0.268730950714 
 0.471486636346  0.268732194592 
 0.542867543932  0.268732223189 
 0.625055192527  0.268732221796 
 0.719685673001  0.268732222358 
 0.828642772855  0.268732221876 
 0.95409547635  0.268732223787 
 1.09854114199  0.268732220179 
 1.26485521686  0.268732223761 
 1.4563484775  0.268732222587 
 1.67683293681  0.26873222291 
 1.93069772888  0.268732219879 
 2.22299648253  0.268732222685 
 2.5595479227  0.2687322228 
 2.94705170255  0.268732221885 
 3.3932217719  0.268732222632 
 3.90693993705  0.268732220218 
 4.49843266897  0.26873222262 
 5.17947467923  0.268732222664 
 5.96362331659  0.268732222097 
 6.86648845004  0.268732222691 
 7.90604321091  0.268732222024 
 9.10298177992  0.26873222267 
 10.4811313415  0.268732218859 
 12.0679264064  0.2687322219 
 13.8949549437  0.268732221759 
 15.9985871961  0.268732222587 
 18.4206996933  0.268732220828 
 21.2095088792  0.268732222522 
 24.4205309455  0.268732220968 
 28.1176869797  0.268732221894 
 32.3745754282  0.268732222604 
 37.2759372031  0.268732223271 
 42.9193426013  0.268732221522 
 49.4171336132  0.268732220766 
 56.8986602902  0.268732222622 
 65.512855686  0.268732222002 
 75.4312006335  0.268732224133 
 86.8511373751  0.268732226927 
 100.0  0.268732224482 
409.491506238 50 
 0.1  0.0999999569392 
 0.115139539933  0.115139367421 
 0.132571136559  0.132570329122 
 0.152641796718  0.152637376639 
 0.175751062485  0.175722024486 
 0.202358964773  0.202127463981 
 0.232995181052  0.230832994447 
 0.268269579528  0.252217711611 
 0.308884359648  0.257341233367 
 0.355648030622  0.25774679071 
 0.409491506238  0.257766535835 
 0.471486636346  0.257767209506 
 0.542867543932  0.257767227188 
 0.625055192527  0.257767227895 
 0.719685673001  0.257767227692 
 0.828642772855  0.257767227219 
 0.95409547635  0.257767227938 
 1.09854114199  0.257767226776 
 1.26485521686  0.257767226728 
 1.4563484775  0.257767227551 
 1.67683293681  0.257767226057 
 1.93069772888  0.257767227789 
 2.22299648253  0.257767225386 
 2.5595479227  0.257767227446 
 2.94705170255  0.25776722614 
 3.3932217719  0.257767226242 
 3.90693993705  0.257767227727 
 4.49843266897  0.257767226102 
 5.17947467923  0.257767226205 
 5.96362331659  0.257767225892 
 6.86648845004  0.257767225803 
 7.90604321091  0.257767226064 
 9.10298177992  0.257767225961 
 10.4811313415  0.257767228038 
 12.0679264064  0.25776722615 
 13.8949549437  0.257767227065 
 15.9985871961  0.257767226031 
 18.4206996933  0.25776722783 
 21.2095088792  0.257767228166 
 24.4205309455  0.25776722659 
 28.1176869797  0.257767228631 
 32.3745754282  0.257767228165 
 37.2759372031  0.257767227419 
 42.9193426013  0.257767228307 
 49.4171336132  0.25776722837 
 56.8986602902  0.25776723118 
 65.512855686  0.257767229598 
 75.4312006335  0.257767241082 
 86.8511373751  0.257767249296 
 100.0  0.257767228565 
686.648845004 50 
 0.1  0.0999999002015 
 0.115139539933  0.115139147723 
 0.132571136559  0.132569358696 
 0.152641796718  0.152632340161 
 0.175751062485  0.175691054996 
 0.202358964773  0.201900259351 
 0.232995181052  0.229089105275 
 0.268269579528  0.245662263106 
 0.308884359648  0.248764448249 
 0.355648030622  0.249001244319 
 0.409491506238  0.249013179008 
 0.471486636346  0.249013599682 
 0.542867543932  0.249013610578 
 0.625055192527  0.249013610402 
 0.719685673001  0.249013610262 
 0.828642772855  0.249013612159 
 0.95409547635  0.249013604592 
 1.09854114199  0.249013610295 
 1.26485521686  0.249013610394 
 1.4563484775  0.249013609901 
 1.67683293681  0.249013610275 
 1.93069772888  0.249013610385 
 2.22299648253  0.249013608571 
 2.5595479227  0.249013610175 
 2.94705170255  0.249013607372 
 3.3932217719  0.249013610656 
 3.90693993705  0.249013608697 
 4.49843266897  0.249013610464 
 5.17947467923  0.249013610135 
 5.96362331659  0.249013610103 
 6.86648845004  0.249013610352 
 7.90604321091  0.24901361004 
 9.10298177992  0.249013609506 
 10.4811313415  0.249013610573 
 12.0679264064  0.249013608409 
 13.8949549437  0.249013609201 
 15.9985871961  0.249013609482 
 18.4206996933  0.249013614393 
 21.2095088792  0.249013611068 
 24.4205309455  0.249013604874 
 28.1176869797  0.249013609552 
 32.3745754282  0.249013608195 
 37.2759372031  0.249013611405 
 42.9193426013  0.249013614478 
 49.4171336132  0.249013614412 
 56.8986602902  0.249013631978 
 65.512855686  0.24901365366 
 75.4312006335  0.249013680231 
 86.8511373751  25.6559890342 
 100.0  55.8108162125 
1151.39539933 50 
 0.1  0.0999997997264 
 0.115139539933  0.115138781665 
 0.132571136559  0.132567813652 
 0.152641796718  0.152624736655 
 0.175751062485  0.175646578699 
 0.202358964773  0.201593716203 
 0.232995181052  0.227075921089 
 0.268269579528  0.240115203866 
 0.308884359648  0.242205778745 
 0.355648030622  0.242363404988 
 0.409491506238  0.242371492896 
 0.471486636346  0.24237178745 
 0.542867543932  0.242371794375 
 0.625055192527  0.242371792085 
 0.719685673001  0.242371794472 
 0.828642772855  0.242371794098 
 0.95409547635  0.242371796927 
 1.09854114199  0.24237179205 
 1.26485521686  0.242371796854 
 1.4563484775  0.24237179209 
 1.67683293681  0.242371796918 
 1.93069772888  0.242371794903 
 2.22299648253  0.242371789504 
 2.5595479227  0.242371794987 
 2.94705170255  0.242371795877 
 3.3932217719  0.242371789566 
 3.90693993705  0.24237178949 
 4.49843266897  0.242371794438 
 5.17947467923  0.242371789232 
 5.96362331659  0.242371796889 
 6.86648845004  0.242371796038 
 7.90604321091  0.242371795055 
 9.10298177992  0.242371795634 
 10.4811313415  0.242371794733 
 12.0679264064  0.242371796122 
 13.8949549437  0.242371789657 
 15.9985871961  0.242371791969 
 18.4206996933  0.242371790663 
 21.2095088792  0.242371794201 
 24.4205309455  0.242371796925 
 28.1176869797  0.242371800602 
 32.3745754282  0.242371800529 
 37.2759372031  0.242371813393 
 42.9193426013  0.24237182759 
 49.4171336132  0.24237182279 
 56.8986602902  0.242371878708 
 65.512855686  13.6379650174 
 75.4312006335  39.7968733717 
 86.8511373751  58.6259184955 
 100.0  76.7714206514 
1930.69772888 50 
 0.1  0.0999996625337 
 0.115139539933  0.115138294919 
 0.132571136559  0.132565845695 
 0.152641796718  0.152615395163 
 0.175751062485  0.17559380189 
 0.202358964773  0.201246870465 
 0.232995181052  0.225094779787 
 0.268269579528  0.235692639064 
 0.308884359648  0.237230227251 
 0.355648030622  0.23734518503 
 0.409491506238  0.237351134995 
 0.471486636346  0.237351348495 
 0.542867543932  0.237351354904 
 0.625055192527  0.237351355751 
 0.719685673001  0.237351356416 
 0.828642772855  0.237351353163 
 0.95409547635  0.23735135415 
 1.09854114199  0.237351355666 
 1.26485521686  0.237351357554 
 1.4563484775  0.23735135776 
 1.67683293681  0.237351354062 
 1.93069772888  0.237351355823 
 2.22299648253  0.237351355787 
 2.5595479227  0.237351354866 
 2.94705170255  0.237351355043 
 3.3932217719  0.237351357732 
 3.90693993705  0.237351356331 
 4.49843266897  0.237351355207 
 5.17947467923  0.237351360461 
 5.96362331659  0.237351356433 
 6.86648845004  0.237351352747 
 7.90604321091  0.237351352228 
 9.10298177992  0.237351352937 
 10.4811313415  0.237351354834 
 12.0679264064  0.237351354533 
 13.8949549437  0.237351357363 
 15.9985871961  0.237351355592 
 18.4206996933  0.237351357964 
 21.2095088792  0.237351365703 
 24.4205309455  0.237351358752 
 28.1176869797  0.237351379029 
 32.3745754282  0.237351383327 
 37.2759372031  0.237351406263 
 42.9193426013  0.237351475254 
 49.4171336132  0.237351373092 
 56.8986602902  28.0848850656 
 65.512855686  42.9326260873 
 75.4312006335  56.9308889225 
 86.8511373751  71.3748500046 
 100.0  86.8978772688 
3237.45754282 50 
 0.1  0.0999995001282 
 0.115139539933  0.115137742288 
 0.132571136559  0.132563663265 
 0.152641796718  0.152605212644 
 0.175751062485  0.175537338321 
 0.202358964773  0.200888217837 
 0.232995181052  0.223272067981 
 0.268269579528  0.232157587819 
 0.308884359648  0.233361001452 
 0.355648030622  0.233450324171 
 0.409491506238  0.23345495505 
 0.471486636346  0.233455123132 
 0.542867543932  0.233455129464 
 0.625055192527  0.233455123654 
 0.719685673001  0.233455128623 
 0.828642772855  0.233455124661 
 0.95409547635  0.233455128329 
 1.09854114199  0.233455128271 
 1.26485521686  0.233455127045 
 1.4563484775  0.233455124363 
 1.67683293681  0.23345512867 
 1.93069772888  0.233455124752 
 2.22299648253  0.233455124173 
 2.5595479227  0.233455124483 
 2.94705170255  0.233455126648 
 3.3932217719  0.233455124492 
 3.90693993705  0.233455126042 
 4.49843266897  0.23345512872 
 5.17947467923  0.233455128401 
 5.96362331659  0.23345512987 
 6.86648845004  0.233455124082 
 7.90604321091  0.233455124658 
 9.10298177992  0.233455126075 
 10.4811313415  0.233455123617 
 12.0679264064  0.233455128246 
 13.8949549437  0.233455133373 
 15.9985871961  0.233455129384 
 18.4206996933  0.23345514143 
 21.2095088792  0.233455152943 
 24.4205309455  0.233455178066 
 28.1176869797  0.233455218051 
 32.3745754282  0.233455286308 
 37.2759372031  0.233455210572 
 42.9193426013  19.5391626797 
 49.4171336132  31.3327679435 
 56.8986602902  42.156080234 
 65.512855686  53.2128145182 
 75.4312006335  65.0348308689 
 86.8511373751  77.9921689154 
 100.0  92.4102502004 
5428.67543932 50 
 0.1  0.0999993287745 
 0.115139539933  0.115137163889 
 0.132571136559  0.132561385808 
 0.152641796718  0.152594699039 
 0.175751062485  0.175479587574 
 0.202358964773  0.200530928328 
 0.232995181052  0.221626213576 
 0.268269579528  0.229264659194 
 0.308884359648  0.230248625259 
 0.355648030622  0.230321224652 
 0.409491506238  0.230324990616 
 0.471486636346  0.230325123843 
 0.542867543932  0.23032512959 
 0.625055192527  0.230325127581 
 0.719685673001  0.230325129708 
 0.828642772855  0.23032512962 
 0.95409547635  0.230325129699 
 1.09854114199  0.230325128992 
 1.26485521686  0.230325129385 
 1.4563484775  0.230325129844 
 1.67683293681  0.230325127834 
 1.93069772888  0.23032513301 
 2.22299648253  0.230325129969 
 2.5595479227  0.230325134144 
 2.94705170255  0.230325128873 
 3.3932217719  0.230325125865 
 3.90693993705  0.230325132925 
 4.49843266897  0.230325126388 
 5.17947467923  0.230325128136 
 5.96362331659  0.23032512851 
 6.86648845004  0.230325130279 
 7.90604321091  0.230325129506 
 9.10298177992  0.230325135705 
 10.4811313415  0.230325133581 
 12.0679264064  0.23032513509 
 13.8949549437  0.23032514658 
 15.9985871961  0.230325135873 
 18.4206996933  0.230325144908 
 21.2095088792  0.230325206432 
 24.4205309455  0.230325308387 
 28.1176869797  0.230325221857 
 32.3745754282  13.3142422142 
 37.2759372031  22.773564759 
 42.9193426013  31.1640865686 
 49.4171336132  39.6380722479 
 56.8986602902  48.6474683137 
 65.512855686  58.4897331193 
 75.4312006335  69.4188541673 
 86.8511373751  81.6837111772 
 100.0  95.5463572004 
9102.98177992 50 
 0.1  0.0999991513572 
 0.115139539933  0.115136571405 
 0.132571136559  0.13255907846 
 0.152641796718  0.152584070095 
 0.175751062485  0.175421527351 
 0.202358964773  0.200179825471 
 0.232995181052  0.220139889932 
 0.268269579528  0.226835005835 
 0.308884359648  0.227665323134 
 0.355648030622  0.227726288716 
 0.409491506238  0.227729447759 
 0.471486636346  0.227729567549 
 0.542867543932  0.227729573 
 0.625055192527  0.227729571271 
 0.719685673001  0.227729570999 
 0.828642772855  0.227729570192 
 0.95409547635  0.227729571144 
 1.09854114199  0.227729572705 
 1.26485521686  0.22772957106 
 1.4563484775  0.227729571436 
 1.67683293681  0.227729571563 
 1.93069772888  0.227729570748 
 2.22299648253  0.227729574486 
 2.5595479227  0.227729576762 
 2.94705170255  0.227729569684 
 3.3932217719  0.227729572314 
 3.90693993705  0.227729570279 
 4.49843266897  0.227729569453 
 5.17947467923  0.227729571474 
 5.96362331659  0.227729571019 
 6.86648845004  0.227729575023 
 7.90604321091  0.227729575637 
 9.10298177992  0.22772958083 
 10.4811313415  0.227729590329 
 12.0679264064  0.2277295745 
 13.8949549437  0.227729636409 
 15.9985871961  0.227729686597 
 18.4206996933  0.227729748052 
 21.2095088792  0.227729933533 
 24.4205309455  8.77722270359 
 28.1176869797  16.4702012012 
 32.3745754282  22.994966105 
 37.2759372031  29.4982260236 
 42.9193426013  36.3691577625 
 49.4171336132  43.8485511908 
 56.8986602902  52.1353735754 
 65.512855686  61.4212635379 
 75.4312006335  71.9061993746 
 86.8511373751  83.8078393634 
 100.0  97.3685396937 
15264.1796718 50 
 0.1  0.099998974176 
 0.115139539933  0.115135977151 
 0.132571136559  0.132556757891 
 0.152641796718  0.15257340565 
 0.175751062485  0.175363519919 
 0.202358964773  0.199836372179 
 0.232995181052  0.218789667153 
 0.268269579528  0.224747715529 
 0.308884359648  0.225465007393 
 0.355648030622  0.225517474841 
 0.409491506238  0.225520192306 
 0.471486636346  0.225520293461 
 0.542867543932  0.225520293876 
 0.625055192527  0.22552029418 
 0.719685673001  0.22552029296 
 0.828642772855  0.225520294094 
 0.95409547635  0.225520293487 
 1.09854114199  0.22552029629 
 1.26485521686  0.225520295142 
 1.4563484775  0.2255202944 
 1.67683293681  0.225520297139 
 1.93069772888  0.225520297178 
 2.22299648253  0.22552029281 
 2.5595479227  0.225520295232 
 2.94705170255  0.225520292466 
 3.3932217719  0.225520290628 
 3.90693993705  0.225520298724 
 4.49843266897  0.225520293684 
 5.17947467923  0.225520298081 
 5.96362331659  0.225520301399 
 6.86648845004  0.225520307374 
 7.90604321091  0.225520299816 
 9.10298177992  0.225520332009 
 10.4811313415  0.225520366453 
 12.0679264064  0.225520370922 
 13.8949549437  0.225520393212 
 15.9985871961  0.225520325829 
 18.4206996933  5.44345800461 
 21.2095088792  11.8380538231 
 24.4205309455  16.9307990844 
 28.1176869797  21.9291906077 
 32.3745754282  27.1734204477 
 37.2759372031  32.8599210863 
 42.9193426013  39.145199769 
 49.4171336132  46.1771365527 
 56.8986602902  54.1085097727 
 65.512855686  63.1047243038 
 75.4312006335  73.3494163197 
 86.8511373751  85.049338459 
 100.0  98.4391644372 
25595.479227 50 
 0.1  0.0999987968145 
 0.115139539933  0.115135380347 
 0.132571136559  0.132554433642 
 0.152641796718  0.152562730518 
 0.175751062485  0.175305690002 
 0.202358964773  0.199500817613 
 0.232995181052  0.217554400453 
 0.268269579528  0.222921029826 
 0.308884359648  0.223551915291 
 0.355648030622  0.223597919877 
 0.409491506238  0.223600309417 
 0.471486636346  0.22360039532 
 0.542867543932  0.223600400645 
 0.625055192527  0.223600400559 
 0.719685673001  0.223600404672 
 0.828642772855  0.223600394862 
 0.95409547635  0.223600397275 
 1.09854114199  0.223600399271 
 1.26485521686  0.22360039615 
 1.4563484775  0.223600403633 
 1.67683293681  0.22360039662 
 1.93069772888  0.223600397833 
 2.22299648253  0.223600401787 
 2.5595479227  0.223600401307 
 2.94705170255  0.223600398816 
 3.3932217719  0.223600397358 
 3.90693993705  0.223600401537 
 4.49843266897  0.223600395323 
 5.17947467923  0.223600412894 
 5.96362331659  0.223600414481 
 6.86648845004  0.223600414172 
 7.90604321091  0.223600424432 
 9.10298177992  0.223600473457 
 10.4811313415  0.223600586227 
 12.0679264064  0.223600632992 
 13.8949549437  2.89719909175 
 15.9985871961  8.4419470518 
 18.4206996933  12.4349612911 
 21.2095088792  16.2832919708 
 24.4205309455  20.2894518375 
 28.1176869797  24.6150690678 
 32.3745754282  29.3838158245 
 37.2759372031  34.7100775546 
 42.9193426013  40.7107197813 
 49.4171336132  47.5115224293 
 56.8986602902  55.2516814419 
 65.512855686  64.0876294726 
 75.4312006335  74.1967341444 
 86.8511373751  85.7811682083 
 100.0  99.0721366032 
42919.3426013 50 
 0.1  0.0999986180818 
 0.115139539933  0.115134783413 
 0.132571136559  0.13255210992 
 0.152641796718  0.152552057863 
 0.175751062485  0.175248075412 
 0.202358964773  0.199173000573 
 0.232995181052  0.216416705594 
 0.268269579528  0.221298356276 
 0.308884359648  0.221861158368 
 0.355648030622  0.221902098389 
 0.409491506238  0.221904226211 
 0.471486636346  0.221904298187 
 0.542867543932  0.221904305992 
 0.625055192527  0.221904307076 
 0.719685673001  0.221904305141 
 0.828642772855  0.221904306082 
 0.95409547635  0.221904302493 
 1.09854114199  0.221904304672 
 1.26485521686  0.221904301937 
 1.4563484775  0.221904301871 
 1.67683293681  0.22190430065 
 1.93069772888  0.221904297978 
 2.22299648253  0.22190430169 
 2.5595479227  0.221904309582 
 2.94705170255  0.221904302628 
 3.3932217719  0.221904304589 
 3.90693993705  0.221904311697 
 4.49843266897  0.221904320065 
 5.17947467923  0.221904334689 
 5.96362331659  0.221904353217 
 6.86648845004  0.22190442867 
 7.90604321091  0.221904524569 
 9.10298177992  0.221904453419 
 10.4811313415  0.22190467544 
 12.0679264064  5.95815394537 
 13.8949549437  9.10657929812 
 15.9985871961  12.0752520509 
 18.4206996933  15.1385867852 
 21.2095088792  18.4308465003 
 24.4205309455  22.0502542131 
 28.1176869797  26.0855227138 
 32.3745754282  30.6261700376 
 37.2759372031  35.7679157257 
 42.9193426013  41.6163133702 
 49.4171336132  48.2897509252 
 56.8986602902  55.9223028815 
 65.512855686  64.6666855174 
 75.4312006335  74.6974670666 
 86.8511373751  86.2146465122 
 100.0  99.4476993867 
71968.5673001 50 
 0.1  0.0999984404485 
 0.115139539933  0.115134187808 
 0.132571136559  0.132549782388 
 0.152641796718  0.152541398833 
 0.175751062485  0.175190701976 
 0.202358964773  0.198852634174 
 0.232995181052  0.2153625777 
 0.268269579528  0.219839365957 
 0.308884359648  0.220347165216 
 0.355648030622  0.220384041828 
 0.409491506238  0.220385948267 
 0.471486636346  0.220386022907 
 0.542867543932  0.220386024795 
 0.625055192527  0.220386026317 
 0.719685673001  0.220386019097 
 0.828642772855  0.220386019594 
 0.95409547635  0.220386017441 
 1.09854114199  0.220386017423 
 1.26485521686  0.220386017694 
 1.4563484775  0.220386020419 
 1.67683293681  0.220386018698 
 1.93069772888  0.220386026169 
 2.22299648253  0.220386025509 
 2.5595479227  0.220386024225 
 2.94705170255  0.22038603121 
 3.3932217719  0.220386030527 
 3.90693993705  0.220386035254 
 4.49843266897  0.220386093174 
 5.17947467923  0.22038612235 
 5.96362331659  0.220386200087 
 6.86648845004  0.220386430422 
 7.90604321091  0.220386332705 
 9.10298177992  4.14591019159 
 10.4811313415  6.64637991419 
 12.0679264064  8.94161910869 
 13.8949549437  11.2865237256 
 15.9985871961  13.7938097813 
 18.4206996933  16.5419286248 
 21.2095088792  19.599885743 
 24.4205309455  23.0363577258 
 28.1176869797  26.9242471298 
 32.3745754282  31.3436327274 
 37.2759372031  36.3841335728 
 42.9193426013  42.1471140735 
 49.4171336132  48.7479433579 
 56.8986602902  56.3184349178 
 65.512855686  65.0095574022 
 75.4312006335  74.9944936876 
 86.8511373751  86.4721221828 
 100.0  99.6709971355 
120679.264064 50 
 0.1  0.0999982628378 
 0.115139539933  0.11513359216 
 0.132571136559  0.132547458971 
 0.152641796718  0.152530741847 
 0.175751062485  0.175133567689 
 0.202358964773  0.198539423168 
 0.232995181052  0.214380738578 
 0.268269579528  0.21851442508 
 0.308884359648  0.218976923015 
 0.355648030622  0.219010443795 
 0.409491506238  0.219012181714 
 0.471486636346  0.219012243184 
 0.542867543932  0.219012245629 
 0.625055192527  0.219012245722 
 0.719685673001  0.219012243546 
 0.828642772855  0.219012241467 
 0.95409547635  0.219012246588 
 1.09854114199  0.219012246104 
 1.26485521686  0.219012247445 
 1.4563484775  0.219012249359 
 1.67683293681  0.219012243384 
 1.93069772888  0.219012252999 
 2.22299648253  0.219012261885 
 2.5595479227  0.21901226564 
 2.94705170255  0.219012291573 
 3.3932217719  0.219012302446 
 3.90693993705  0.219012245426 
 4.49843266897  0.219012468929 
 5.17947467923  0.219012671097 
 5.96362331659  0.219012966315 
 6.86648845004  2.82596875814 
 7.90604321091  4.83109383179 
 9.10298177992  6.61030445642 
 10.4811313415  8.40740456835 
 12.0679264064  10.3181402415 
 13.8949549437  12.4055634557 
 15.9985871961  14.7235271387 
 18.4206996933  17.3248085226 
 21.2095088792  20.264982918 
 24.4205309455  23.604832829 
 28.1176869797  27.4122185495 
 32.3745754282  31.7637875518 
 37.2759372031  36.7467041622 
 42.9193426013  42.460505043 
 49.4171336132  49.0191533326 
 56.8986602902  56.5533522696 
 65.512855686  65.2131750983 
 75.4312006335  75.1710704609 
 86.8511373751  86.6253066075 
 100.0  99.8039256456 
202358.964773 50 
 0.1  0.0999980826591 
 0.115139539933  0.115132993533 
 0.132571136559  0.132545134318 
 0.152641796718  0.152520088629 
 0.175751062485  0.175076667525 
 0.202358964773  0.198233062135 
 0.232995181052  0.213462003866 
 0.268269579528  0.217301230915 
 0.308884359648  0.21772575665 
 0.355648030622  0.217756483897 
 0.409491506238  0.217758078944 
 0.471486636346  0.217758126851 
 0.542867543932  0.217758130866 
 0.625055192527  0.217758131052 
 0.719685673001  0.217758134661 
 0.828642772855  0.217758136241 
 0.95409547635  0.217758137636 
 1.09854114199  0.217758138 
 1.26485521686  0.217758138263 
 1.4563484775  0.217758141813 
 1.67683293681  0.217758151029 
 1.93069772888  0.217758138419 
 2.22299648253  0.21775817348 
 2.5595479227  0.217758185233 
 2.94705170255  0.217758267515 
 3.3932217719  0.217758215212 
 3.90693993705  0.217758510325 
 4.49843266897  0.217758773825 
 5.17947467923  1.86418172544 
 5.96362331659  3.4942750558 
 6.86648845004  4.87771269482 
 7.90604321091  6.25681311303 
 9.10298177992  7.71398265424 
 10.4811313415  9.30024803602 
 12.0679264064  11.0577904721 
 13.8949549437  13.0272460896 
 15.9985871961  15.2510237675 
 18.4206996933  17.7752845402 
 21.2095088792  20.65142888 
 24.4205309455  23.9374248831 
 28.1176869797  27.6991347657 
 32.3745754282  32.0117272078 
 37.2759372031  36.9612346285 
 42.9193426013  42.6463033752 
 49.4171336132  49.1801808111 
 56.8986602902  56.6929847581 
 65.512855686  65.3343029347 
 75.4312006335  75.2761770004 
 86.8511373751  86.7165312059 
 100.0  99.8831149747 
339322.17719 50 
 0.1  0.0999979057914 
 0.115139539933  0.115132399649 
 0.132571136559  0.132542810077 
 0.152641796718  0.152509454587 
 0.175751062485  0.175020003944 
 0.202358964773  0.197933240254 
 0.232995181052  0.21259882839 
 0.268269579528  0.216182562085 
 0.308884359648  0.216574825342 
 0.355648030622  0.216603185219 
 0.409491506238  0.21660465392 
 0.471486636346  0.21660470967 
 0.542867543932  0.216604711366 
 0.625055192527  0.216604709078 
 0.719685673001  0.216604713033 
 0.828642772855  0.216604713099 
 0.95409547635  0.216604709689 
 1.09854114199  0.21660470974 
 1.26485521686  0.216604720706 
 1.4563484775  0.21660473061 
 1.67683293681  0.216604754515 
 1.93069772888  0.216604776546 
 2.22299648253  0.216604815506 
 2.5595479227  0.216604796904 
 2.94705170255  0.216605095323 
 3.3932217719  0.216605425064 
 3.90693993705  1.15795432666 
 4.49843266897  2.51193452026 
 5.17947467923  3.59157795914 
 5.96362331659  4.65148146654 
 6.86648845004  5.76362589928 
 7.90604321091  6.96962244831 
 9.10298177992  8.3026443237 
 10.4811313415  9.7940456368 
 12.0679264064  11.4762240441 
 13.8949549437  13.384257528 
 15.9985871961  15.557092229 
 18.4206996933  18.0385778132 
 21.2095088792  20.8784864083 
 24.4205309455  24.1335886292 
 28.1176869797  27.8688347768 
 32.3745754282  32.1586791619 
 37.2759372031  37.0885818359 
 42.9193426013  42.7567221455 
 49.4171336132  49.275961037 
 56.8986602902  56.7760928298 
 65.512855686  65.4064322212 
 75.4312006335  75.3387887752 
 86.8511373751  86.7708884619 
 100.0  99.9303106293 
568986.602902 50 
 0.1  0.0999977260442 
 0.115139539933  0.115131801368 
 0.132571136559  0.132540486363 
 0.152641796718  0.152498824875 
 0.175751062485  0.17496357969 
 0.202358964773  0.197639720228 
 0.232995181052  0.21178492875 
 0.268269579528  0.215144898324 
 0.308884359648  0.215509407598 
 0.355648030622  0.215535733263 
 0.409491506238  0.215537103346 
 0.471486636346  0.215537149618 
 0.542867543932  0.215537153726 
 0.625055192527  0.215537154602 
 0.719685673001  0.2155371561 
 0.828642772855  0.215537159099 
 0.95409547635  0.215537168615 
 1.09854114199  0.215537178741 
 1.26485521686  0.215537175278 
 1.4563484775  0.215537213079 
 1.67683293681  0.215537217199 
 1.93069772888  0.215537352265 
 2.22299648253  0.215537555625 
 2.5595479227  0.215537865049 
 2.94705170255  0.619891362194 
 3.3932217719  1.79178004511 
 3.90693993705  2.63808575325 
 4.49843266897  3.45404118775 
 5.17947467923  4.30358596934 
 5.96362331659  5.22094004982 
 6.86648845004  6.23230958134 
 7.90604321091  7.36194350759 
 9.10298177992  8.6346219103 
 10.4811313415  10.0770183945 
 12.0679264064  11.71865328 
 13.8949549437  13.5927035567 
 15.9985871961  15.7367869378 
 18.4206996933  18.1937825046 
 21.2095088792  21.0127271541 
 24.4205309455  24.2498179961 
 28.1176869797  27.9695473771 
 32.3745754282  32.2459970039 
 37.2759372031  37.1643192025 
 42.9193426013  42.8224362154 
 49.4171336132  49.3329922303 
 56.8986602902  56.825597494 
 65.512855686  65.4494095698 
 75.4312006335  75.376103318 
 86.8511373751  86.8032888757 
 100.0  99.9584457346 
954095.47635 50 
 0.1  0.0999975531705 
 0.115139539933  0.115131204528 
 0.132571136559  0.1325381636 
 0.152641796718  0.152488207937 
 0.175751062485  0.174907384491 
 0.202358964773  0.197352231605 
 0.232995181052  0.211015026998 
 0.268269579528  0.214177401807 
 0.308884359648  0.214517792441 
 0.355648030622  0.214542355168 
 0.409491506238  0.214543626297 
 0.471486636346  0.214543672512 
 0.542867543932  0.214543673894 
 0.625055192527  0.214543677274 
 0.719685673001  0.214543683528 
 0.828642772855  0.214543692654 
 0.95409547635  0.214543677599 
 1.09854114199  0.214543735724 
 1.26485521686  0.214543784505 
 1.4563484775  0.214543795697 
 1.67683293681  0.214543691579 
 1.93069772888  0.214544346061 
 2.22299648253  0.214544392819 
 2.5595479227  1.26516210118 
 2.94705170255  1.93221380135 
 3.3932217719  2.56156724789 
 3.90693993705  3.21113071684 
 4.49843266897  3.90930822813 
 5.17947467923  4.67690482641 
 5.96362331659  5.5327230412 
 6.86648845004  6.49574220961 
 7.90604321091  7.5862597887 
 9.10298177992  8.8266606436 
 10.4811313415  10.2420525452 
 12.0679264064  11.8608708804 
 13.8949549437  13.7155052124 
 15.9985871961  15.8429800309 
 18.4206996933  18.2857137265 
 21.2095088792  21.092376621 
 24.4205309455  24.3188683994 
 28.1176869797  28.029436332 
 32.3745754282  32.2979577077 
 37.2759372031  37.2094127301 
 42.9193426013  42.8615776534 
 49.4171336132  49.3669721232 
 56.8986602902  56.8550996918 
 65.512855686  65.4750262124 
 75.4312006335  75.3983475172 
 86.8511373751  86.8226055071 
 100.0  99.9752206805 
1599858.71961 50 
 0.1  0.0999973695435 
 0.115139539933  0.11513060911 
 0.132571136559  0.132535840942 
 0.152641796718  0.152477597471 
 0.175751062485  0.174851413918 
 0.202358964773  0.197070521022 
 0.232995181052  0.210284647913 
 0.268269579528  0.213271249187 
 0.308884359648  0.213590493422 
 0.355648030622  0.213613511962 
 0.409491506238  0.213614697418 
 0.471486636346  0.213614748627 
 0.542867543932  0.2136147427 
 0.625055192527  0.213614745294 
 0.719685673001  0.213614780247 
 0.828642772855  0.213614801002 
 0.95409547635  0.21361479751 
 1.09854114199  0.213614937122 
 1.26485521686  0.21361509949 
 1.4563484775  0.213615340384 
 1.67683293681  0.213615732671 
 1.93069772888  0.881033384248 
 2.22299648253  1.41048927267 
 2.5595479227  1.89697351074 
 2.94705170255  2.39414688316 
 3.3932217719  2.9258280409 
 3.90693993705  3.50862438655 
 4.49843266897  4.15715710451 
 5.17947467923  4.8859843923 
 5.96362331659  5.71056406351 
 6.86648845004  6.64787767947 
 7.90604321091  7.7169311546 
 9.10298177992  8.93922215429 
 10.4811313415  10.3392190473 
 12.0679264064  11.944878221 
 13.8949549437  13.7882189477 
 15.9985871961  15.9059721465 
 18.4206996933  18.3403187141 
 21.2095088792  21.1397337234 
 24.4205309455  24.3599542959 
 28.1176869797  28.0650910171 
 32.3745754282  32.3289053597 
 37.2759372031  37.2362788177 
 42.9193426013  42.8849031272 
 49.4171336132  49.3872253223 
 56.8986602902  56.8726864057 
 65.512855686  65.490298243 
 75.4312006335  75.4116099955 
 86.8511373751  86.8341231724 
 100.0  99.9852232865 
2682695.79528 50 
 0.1  0.0999971927604 
 0.115139539933  0.11513001264 
 0.132571136559  0.132533518214 
 0.152641796718  0.152466988671 
 0.175751062485  0.174795682625 
 0.202358964773  0.196794365546 
 0.232995181052  0.20958996496 
 0.268269579528  0.21241920312 
 0.308884359648  0.212719742825 
 0.355648030622  0.21274139441 
 0.409491506238  0.212742527003 
 0.471486636346  0.212742561877 
 0.542867543932  0.212742572838 
 0.625055192527  0.212742611596 
 0.719685673001  0.212742559296 
 0.828642772855  0.212742726523 
 0.95409547635  0.212742793503 
 1.09854114199  0.212742985628 
 1.26485521686  0.212743460864 
 1.4563484775  0.601409358625 
 1.67683293681  1.02555958238 
 1.93069772888  1.40255164711 
 2.22299648253  1.78352161929 
 2.5595479227  2.18866922463 
 2.94705170255  2.63133069525 
 3.3932217719  3.12291160414 
 3.90693993705  3.6745972488 
 4.49843266897  4.29817001383 
 5.17947467923  5.00651853702 
 5.96362331659  5.81403373922 
 6.86648845004  6.73697084931 
 7.90604321091  7.79381608735 
 9.10298177992  9.00568004931 
 10.4811313415  10.3967332995 
 12.0679264064  11.9946970105 
 13.8949549437  13.8314007402 
 15.9985871961  15.943419816 
 18.4206996933  18.3728058286 
 21.2095088792  21.1679252844 
 24.4205309455  24.3844234247 
 28.1176869797  28.0863325829 
 32.3745754282  32.3473472802 
 37.2759372031  37.2522915174 
 42.9193426013  42.898807524 
 49.4171336132  49.3992996144 
 56.8986602902  56.8831718716 
 65.512855686  65.4994042119 
 75.4312006335  75.4195181275 
 86.8511373751  86.8409911468 
 100.0  99.9911879876 
4498432.66897 50 
 0.1  0.0999970142454 
 0.115139539933  0.115129416999 
 0.132571136559  0.132531197333 
 0.152641796718  0.152456394782 
 0.175751062485  0.174740169829 
 0.202358964773  0.196523575625 
 0.232995181052  0.208927681154 
 0.268269579528  0.211615218347 
 0.308884359648  0.211899106265 
 0.355648030622  0.211919550126 
 0.409491506238  0.21192062909 
 0.471486636346  0.211920645876 
 0.542867543932  0.211920674038 
 0.625055192527  0.211920715793 
 0.719685673001  0.211920904993 
 0.828642772855  0.211920917041 
 0.95409547635  0.211921516636 
 1.09854114199  0.397905844846 
 1.26485521686  0.742125741276 
 1.4563484775  1.03512058037 
 1.67683293681  1.32741557066 
 1.93069772888  1.63635493375 
 2.22299648253  1.97271827052 
 2.5595479227  2.34543353815 
 2.94705170255  2.7631100718 
 3.3932217719  3.23473726808 
 3.90693993705  3.77010243676 
 4.49843266897  4.38010526116 
 5.17947467923  5.07703910034 
 5.96362331659  5.87487204566 
 6.86648845004  6.78954632704 
 7.90604321091  7.8393085121 
 9.10298177992  9.04508064984 
 10.4811313415  10.4308817049 
 12.0679264064  12.0243088235 
 13.8949549437  13.8570886893 
 15.9985871961  15.9657103898 
 18.4206996933  18.3921526058 
 21.2095088792  21.1847198131 
 24.4205309455  24.3990042111 
 28.1176869797  28.0989926093 
 32.3745754282  32.3583403439 
 37.2759372031  37.2618376127 
 42.9193426013  42.9070974375 
 49.4171336132  49.406498863 
 56.8986602902  56.8894240883 
 65.512855686  65.504834066 
 75.4312006335  75.4242338448 
 86.8511373751  86.8450866894 
 100.0  99.9947449412 
7543120.06335 50 
 0.1  0.0999968347775 
 0.115139539933  0.115128818547 
 0.132571136559  0.132528873751 
 0.152641796718  0.152445802815 
 0.175751062485  0.174684888288 
 0.202358964773  0.196257919609 
 0.232995181052  0.208294933549 
 0.268269579528  0.210854200219 
 0.308884359648  0.211123181037 
 0.355648030622  0.211142538936 
 0.409491506238  0.211143550169 
 0.471486636346  0.211143655753 
 0.542867543932  0.211143752867 
 0.625055192527  0.211143897404 
 0.719685673001  0.211144155226 
 0.828642772855  0.211145163368 
 0.95409547635  0.533894270636 
 1.09854114199  0.762386196368 
 1.26485521686  0.986958697244 
 1.4563484775  1.22270976561 
 1.67683293681  1.4784144498 
 1.93069772888  1.76108769188 
 2.22299648253  2.07736914156 
 2.5595479227  2.43412438155 
 2.94705170255  2.83878978103 
 3.3932217719  3.29962338958 
 3.90693993705  3.82592402122 
 4.49843266897  4.428247077 
 5.17947467923  5.11863260883 
 5.96362331659  5.91085574386 
 6.86648845004  6.82070750516 
 7.90604321091  7.86631327557 
 9.10298177992  9.06849621351 
 10.4811313415  10.4511934249 
 12.0679264064  12.041933535 
 13.8949549437  13.8723853749 
 15.9985871961  15.9789888478 
 18.4206996933  18.4036806147 
 21.2095088792  21.1947291032 
 24.4205309455  24.407695497 
 28.1176869797  28.1065398579 
 32.3745754282  32.3648944156 
 37.2759372031  37.2675293806 
 42.9193426013  42.9120404675 
 49.4171336132  49.4107917243 
 56.8986602902  56.8931523478 
 65.512855686  65.5080720122 
 75.4312006335  75.4270459806 
 86.8511373751  86.8475290248 
 100.0  99.9968661141 
12648552.1686 50 
 0.1  0.0999966582224 
 0.115139539933  0.115128222908 
 0.132571136559  0.132526555309 
 0.152641796718  0.152435227739 
 0.175751062485  0.174629826825 
 0.202358964773  0.19599722924 
 0.232995181052  0.207689215072 
 0.268269579528  0.210131834837 
 0.308884359648  0.210387372797 
 0.355648030622  0.21040576583 
 0.409491506238  0.210406834529 
 0.471486636346  0.210406981893 
 0.542867543932  0.210406947681 
 0.625055192527  0.210406859807 
 0.719685673001  0.381294567268 
 0.828642772855  0.560209792018 
 0.95409547635  0.733016085232 
 1.09854114199  0.913059645678 
 1.26485521686  1.1075386489 
 1.4563484775  1.32198743838 
 1.67683293681  1.56153753305 
 1.93069772888  1.83143832604 
 2.22299648253  2.13734336255 
 2.5595479227  2.48551135918 
 2.94705170255  2.88297741715 
 3.3932217719  3.33771897833 
 3.90693993705  3.85882972669 
 4.49843266897  4.45670960587 
 5.17947467923  5.14327735542 
 5.96362331659  5.93221119963 
 6.86648845004  6.83922329334 
 7.90604321091  7.88237387076 
 9.10298177992  9.08243164404 
 10.4811313415  10.463287804 
 12.0679264064  12.0524319829 
 13.8949549437  13.881499719 
 15.9985871961  15.9869023708 
 18.4206996933  18.4105520493 
 21.2095088792  21.2006960176 
 24.4205309455  24.4128771796 
 28.1176869797  28.1110397881 
 32.3745754282  32.3688023854 
 37.2759372031  37.2709233228 
 42.9193426013  42.9149880333 
 49.4171336132  49.4133516475 
 56.8986602902  56.895375625 
 65.512855686  65.5100029252 
 75.4312006335  75.4287229826 
 86.8511373751  86.848985509 
 100.0  99.9981310803 
21209508.8792 50 
 0.1  0.0999964796144 
 0.115139539933  0.115127624888 
 0.132571136559  0.132524229994 
 0.152641796718  0.152424639891 
 0.175751062485  0.174574981596 
 0.202358964773  0.195741300473 
 0.232995181052  0.207108338463 
 0.268269579528  0.209444412999 
 0.308884359648  0.209687807875 
 0.355648030622  0.209705380059 
 0.409491506238  0.209706542926 
 0.471486636346  0.20970651518 
 0.542867543932  0.266352234495 
 0.625055192527  0.410559323973 
 0.719685673001  0.543758066908 
 0.828642772855  0.681373787446 
 0.95409547635  0.829359898012 
 1.09854114199  0.99210178277 
 1.26485521686  1.17357447751 
 1.4563484775  1.37779645172 
 1.67683293681  1.6090685986 
 1.93069772888  1.8721360564 
 2.22299648253  2.17232236256 
 2.5595479227  2.51565738251 
 2.94705170255  2.90900997457 
 3.3932217719  3.36023227946 
 3.90693993705  3.87832061682 
 4.49843266897  4.47359742196 
 5.17947467923  5.1579185222 
 5.96362331659  5.94491028393 
 6.86648845004  6.85024159543 
 7.90604321091  7.89193625026 
 9.10298177992  9.09073204299 
 10.4811313415  10.4704937871 
 12.0679264064  12.0586885117 
 13.8949549437  13.8869323234 
 15.9985871961  15.9916198339 
 18.4206996933  18.4146486936 
 21.2095088792  21.2042536613 
 24.4205309455  24.4159668166 
 28.1176869797  28.1137230342 
 32.3745754282  32.3711327269 
 37.2759372031  37.2729471949 
 42.9193426013  42.9167457541 
 49.4171336132  49.4148782262 
 56.8986602902  56.8967014624 
 65.512855686  65.5111544218 
 75.4312006335  75.4297230656 
 86.8511373751  86.8498540896 
 100.0  99.9988854509 
35564803.0622 50 
 0.1  0.0999963014755 
 0.115139539933  0.115127028997 
 0.132571136559  0.132521911046 
 0.152641796718  0.152414091171 
 0.175751062485  0.174520362141 
 0.202358964773  0.195489960231 
 0.232995181052  0.206550356088 
 0.268269579528  0.208788738523 
 0.308884359648  0.209021114669 
 0.355648030622  0.209037985233 
 0.409491506238  0.209039668929 
 0.471486636346  0.299560811949 
 0.542867543932  0.402834752357 
 0.625055192527  0.508115532852 
 0.719685673001  0.62078131425 
 0.828642772855  0.744323792897 
 0.95409547635  0.881829645208 
 1.09854114199  1.03637895594 
 1.26485521686  1.21124580294 
 1.4563484775  1.41002912594 
 1.67683293681  1.6367581666 
 1.93069772888  1.89599125996 
 2.22299648253  2.19291717199 
 2.5595479227  2.53346471107 
 2.94705170255  2.92442457259 
 3.3932217719  3.37358688757 
 3.90693993705  3.88989778357 
 4.49843266897  4.48363841341 
 5.17947467923  5.16663021991 
 5.96362331659  5.95247064727 
 6.86648845004  6.85680407009 
 7.90604321091  7.89763338304 
 9.10298177992  9.09567848344 
 10.4811313415  10.4747888048 
 12.0679264064  12.0624181254 
 13.8949549437  13.8901711128 
 15.9985871961  15.994432489 
 18.4206996933  18.4170913443 
 21.2095088792  21.2063750219 
 24.4205309455  24.4178091736 
 28.1176869797  28.1153230992 
 32.3745754282  32.3725223749 
 37.2759372031  37.2741541038 
 42.9193426013  42.9177939584 
 49.4171336132  49.4157885978 
 56.8986602902  56.8974921272 
 65.512855686  65.5118411214 
 75.4312006335  75.4303194712 
 86.8511373751  86.8503720743 
 100.0  99.9993353264 
59636233.1659 50 
 0.1  0.0999961220502 
 0.115139539933  0.115126432037 
 0.132571136559  0.132519593276 
 0.152641796718  0.152403544664 
 0.175751062485  0.174465961376 
 0.202358964773  0.195243085217 
 0.232995181052  0.206013544051 
 0.268269579528  0.2081620253 
 0.308884359648  0.208384496623 
 0.355648030622  0.2084013573 
 0.409491506238  0.297541050034 
 0.471486636346  0.378623710392 
 0.542867543932  0.464447135785 
 0.625055192527  0.558263187772 
 0.719685673001  0.662477540076 
 0.828642772855  0.779454152985 
 0.95409547635  0.911687180948 
 1.09854114199  1.06190726362 
 1.26485521686  1.23316470252 
 1.4563484775  1.42890585796 
 1.67683293681  1.65305066136 
 1.93069772888  1.91007592828 
 2.22299648253  2.20510765801 
 2.5595479227  2.54402504161 
 2.94705170255  2.93357872724 
 3.3932217719  3.38152598114 
 3.90693993705  3.89678560498 
 4.49843266897  4.48961579743 
 5.17947467923  5.17181856561 
 5.96362331659  5.95697479699 
 6.86648845004  6.8607146955 
 7.90604321091  7.90102898347 
 9.10298177992  9.09862707443 
 10.4811313415  10.4773493536 
 12.0679264064  12.0646417777 
 13.8949549437  13.8921022454 
 15.9985871961  15.9961096151 
 18.4206996933  18.4185478949 
 21.2095088792  21.2076400205 
 24.4205309455  24.4189078198 
 28.1176869797  28.1162772744 
 32.3745754282  32.3733510802 
 37.2759372031  37.2748738401 
 42.9193426013  42.9184190557 
 49.4171336132  49.4163315011 
 56.8986602902  56.8979636447 
 65.512855686  65.5122506398 
 75.4312006335  75.4306751427 
 86.8511373751  86.8506809794 
 100.0  99.9996036142 
100000000.0 50 
 0.1  0.0999959446513 
 0.115139539933  0.115125840332 
 0.132571136559  0.132517271471 
 0.152641796718  0.152392992616 
 0.175751062485  0.174411771958 
 0.202358964773  0.195000516361 
 0.232995181052  0.20549638402 
 0.268269579528  0.207561954646 
 0.308884359648  0.207775324726 
 0.355648030622  0.280589595029 
 0.409491506238  0.347300647199 
 0.471486636346  0.418584146337 
 0.542867543932  0.497584896998 
 0.625055192527  0.586136897096 
 0.719685673001  0.686141704274 
 0.828642772855  0.799671949351 
 0.95409547635  0.929037334229 
 1.09854114199  1.07684383287 
 1.26485521686  1.24605305711 
 1.4563484775  1.4400455985 
 1.67683293681  1.66269098148 
 1.93069772888  1.91842631851 
 2.22299648253  2.21234565663 
 2.5595479227  2.5503020248 
 2.94705170255  2.93902435656 
 3.3932217719  3.38625170225 
 3.90693993705  3.90088745582 
 4.49843266897  4.49317670036 
 5.17947467923  5.17491022426 
 5.96362331659  5.95965928236 
 6.86648845004  6.86304578478 
 7.90604321091  7.90305329736 
 9.10298177992  9.10038504833 
 10.4811313415  10.4788760706 
 12.0679264064  12.0659676852 
 13.8949549437  13.8932537724 
 15.9985871961  15.9971097063 
 18.4206996933  18.419416472 
 21.2095088792  21.2083943821 
 24.4205309455  24.4195629874 
 28.1176869797  28.1168462931 
 32.3745754282  32.3738452787 
 37.2759372031  37.2753030571 
 42.9193426013  42.9187918359 
 49.4171336132  49.4166552653 
 56.8986602902  56.8982448381 
 65.512855686  65.5124948599 
 75.4312006335  75.4308872511 
 86.8511373751  86.8508651982 
 100.0  99.9997636107 
