0.5 
 3153600000.0  0.99485839554 
 3499693846.96  0.994294435516 
 3883769984.29  0.993668654804 
 4309996802.71  0.992974285404 
 4783000155.65  0.992203820388 
 5307913563.78  0.991348933693 
 5890433929.27  0.990400391323 
 6536883364.47  0.989347953049 
 7254277805.98  0.988180263643 
 8050403158.84  0.986884732545 
 8933899797.23  0.985447400817 
 9914356338.7  0.983852794064 
 11002413709.8  0.982083759934 
 12209880632.2  0.980121288676 
 13549861783.6  0.977944315092 
 15036900022.6  0.975529500093 
 16687134223.2  0.972850989942 
 18518474430.6  0.969880151119 
 20550796239.2  0.966585278591 
 22806156503.2  0.962931275181 
 25309032720.4  0.95887929956 
 28086588687.2  0.954386380327 
 31168969308.3  0.949404993554 
 34589627760.2  0.943882601126 
 38385688559.4  0.937761147279 
 42598350476.5  0.930976510833 
 47273333667.3  0.923457910947 
 52461375875.4  0.915127264199 
 58218783090.5  0.905898491835 
 64608040639.1  0.89567677715 
 71698491339.7  0.884357773077 
 79567088082.7  0.871826763052 
 88299229003.0  0.857957779971 
 97989684307.8  0.842612693201 
 108743624822.0  0.825640277654 
 120677763408.0  0.806875290566 
 133921621659.0  0.78613760019 
 148618935596.0  0.763231449267 
 164929215642.0  0.737945028333 
 183029477792.0  0.710050783806 
 203116164777.0  0.679307634466 
 225407278060.0  0.64544657663 
 250144743812.0  0.608005175501 
 277597038549.0  0.566971027655 
 308062102912.0  0.523317266033 
 341870575229.0  0.514887842042 
 379389379943.0  0.514887841678 
 421025709851.0  0.514887841317 
 467231445389.0  0.514887840965 
 518508058896.0  0.514887838828 
 575412057115.0  0.514887805978 
 638561020977.0  0.514887837244 
 708640308226.0  0.514887839017 
 786410491630.0  0.514887825679 
 872715613503.0  0.51488782475 
 968492346119.0  0.514887823822 
 1.07478015745e+12  0.514887822894 
 1.19273259255e+12  0.514887821967 
 1.32362979301e+12  0.514887821028 
 1.46889239036e+12  0.514887820077 
 1.63009692427e+12  0.514887819125 
 1.80899295276e+12  0.514887818177 
 2.0075220402e+12  0.514887817228 
 2.22783882918e+12  0.514887816283 
 2.47233442495e+12  0.514887815338 
 2.74366234609e+12  0.514887814396 
 3.04476732329e+12  0.514887813456 
 3.37891725861e+12  0.514887812519 
 3.74973869208e+12  0.514887811585 
 4.1612561607e+12  0.514887810654 
 4.61793587685e+12  0.514887809725 
 5.12473420023e+12  0.5148878088 
 5.68715142943e+12  0.514887807878 
 6.3112914968e+12  0.514887806961 
 7.00392821465e+12  0.514887806048 
 7.77257879166e+12  0.514887805138 
 8.62558541736e+12  0.514887804231 
 9.57220580022e+12  0.51488783692 
 1.06227136418e+13  0.514887836892 
 1.17885101377e+13  0.514887836885 
 1.30822477149e+13  0.5148878369 
 1.45179673492e+13  0.514887836937 
 1.6111250952e+13  0.514887836989 
 1.78793904819e+13  0.514887837073 
 1.98415756141e+13  0.514887837283 
 2.20191020075e+13  0.51488783731 
 2.44356024262e+13  0.51488783566 
 2.71173032273e+13  0.514887835713 
 3.00933089963e+13  0.514887835776 
 3.33959184199e+13  0.514887835848 
 3.70609748249e+13  0.514887835928 
 4.11282551868e+13  0.514887836023 
 4.56419018307e+13  0.514887836127 
 5.06509015095e+13  0.514887836244 
 5.62096170586e+13  0.514887836365 
 6.23783773972e+13  0.514887836505 
 6.92241322807e+13  0.514887836653 
 7.68211789079e+13  0.51488783681 
 8.52519682712e+13  0.514887845936 
 9.4608e+13  0.514887851913 
1.16345908439 
 3153600000.0  0.993946535933 
 3499693846.96  0.993282941583 
 3883769984.29  0.992546693461 
 4309996802.71  0.991729858097 
 4783000155.65  0.990823640595 
 5307913563.78  0.989818292224 
 5890433929.27  0.988703008368 
 6536883364.47  0.987465815869 
 7254277805.98  0.986093448761 
 8050403158.84  0.984571211268 
 8933899797.23  0.982882826908 
 9914356338.7  0.981010272394 
 11002413709.8  0.978933595019 
 12209880632.2  0.976630712084 
 13549861783.6  0.974077190856 
 15036900022.6  0.971246007539 
 16687134223.2  0.968107283638 
 18518474430.6  0.96462799812 
 20550796239.2  0.960771673792 
 22806156503.2  0.956498036329 
 25309032720.4  0.951762524828 
 28086588687.2  0.946505722489 
 31168969308.3  0.94066261893 
 34589627760.2  0.934166524064 
 38385688559.4  0.926942793479 
 42598350476.5  0.918907771018 
 47273333667.3  0.909967648443 
 52461375875.4  0.900016963243 
 58218783090.5  0.888936955873 
 64608040639.1  0.87659353473 
 71698491339.7  0.862834912378 
 79567088082.7  0.847488625734 
 88299229003.0  0.830357874489 
 97989684307.8  0.811216983038 
 108743624822.0  0.789805400963 
 120677763408.0  0.765819992441 
 133921621659.0  0.73890494369 
 148618935596.0  0.708639090119 
 164929215642.0  0.674523075744 
 183029477792.0  0.635984445157 
 203116164777.0  0.592507049654 
 225407278060.0  0.544513668379 
 250144743812.0  0.497774292768 
 277597038549.0  0.48093122431 
 308062102912.0  0.480931211767 
 341870575229.0  0.48093120449 
 379389379943.0  0.480931222586 
 421025709851.0  0.480931221191 
 467231445389.0  0.480931224747 
 518508058896.0  0.480931225193 
 575412057115.0  0.480931224701 
 638561020977.0  0.480931212074 
 708640308226.0  0.480931207802 
 786410491630.0  0.480931219442 
 872715613503.0  0.480931208463 
 968492346119.0  0.480931205942 
 1.07478015745e+12  0.480931207097 
 1.19273259255e+12  0.480931232495 
 1.32362979301e+12  0.480931215322 
 1.46889239036e+12  0.480931223975 
 1.63009692427e+12  0.480931201238 
 1.80899295276e+12  0.480931195795 
 2.0075220402e+12  0.480931214389 
 2.22783882918e+12  0.480931216575 
 2.47233442495e+12  0.480931212205 
 2.74366234609e+12  0.48093122108 
 3.04476732329e+12  0.480931221081 
 3.37891725861e+12  0.48093121238 
 3.74973869208e+12  0.4809312244 
 4.1612561607e+12  0.480931198782 
 4.61793587685e+12  0.480931223719 
 5.12473420023e+12  0.480931222923 
 5.68715142943e+12  0.4809312076 
 6.3112914968e+12  0.48093122723 
 7.00392821465e+12  0.480931222377 
 7.77257879166e+12  0.480931208468 
 8.62558541736e+12  0.480931205942 
 9.57220580022e+12  0.480931206927 
 1.06227136418e+13  0.480931233675 
 1.17885101377e+13  0.480931215298 
 1.30822477149e+13  0.480931223848 
 1.45179673492e+13  0.480931194889 
 1.6111250952e+13  0.48093119318 
 1.78793904819e+13  0.48093121567 
 1.98415756141e+13  0.480931216566 
 2.20191020075e+13  0.480931212399 
 2.44356024262e+13  0.480931212265 
 2.71173032273e+13  0.480931221167 
 3.00933089963e+13  0.480931221627 
 3.33959184199e+13  0.480931215459 
 3.70609748249e+13  0.480931230781 
 4.11282551868e+13  0.480931224542 
 4.56419018307e+13  0.480931212235 
 5.06509015095e+13  0.480931216989 
 5.62096170586e+13  0.480931224793 
 6.23783773972e+13  0.480931224285 
 6.92241322807e+13  0.480931223784 
 7.68211789079e+13  0.480931227125 
 8.52519682712e+13  0.480931227071 
 9.4608e+13  0.480931224841 
2.70727408209 
 3153600000.0  0.987736415473 
 3499693846.96  0.986383556731 
 3883769984.29  0.984880585934 
 4309996802.71  0.983210639583 
 4783000155.65  0.981354908101 
 5307913563.78  0.979292406042 
 5890433929.27  0.976999694647 
 6536883364.47  0.974450582629 
 7254277805.98  0.971615776549 
 8050403158.84  0.968462483025 
 8933899797.23  0.964953954665 
 9914356338.7  0.961048951682 
 11002413709.8  0.956701147804 
 12209880632.2  0.95185840917 
 13549861783.6  0.946461959405 
 15036900022.6  0.940445428036 
 16687134223.2  0.933733623794 
 18518474430.6  0.926241237221 
 20550796239.2  0.917871045892 
 22806156503.2  0.908512000217 
 25309032720.4  0.898036547232 
 28086588687.2  0.886297580592 
 31168969308.3  0.873124345011 
 34589627760.2  0.858317342723 
 38385688559.4  0.841641302543 
 42598350476.5  0.822816129608 
 47273333667.3  0.801504029016 
 52461375875.4  0.777291339341 
 58218783090.5  0.749661690792 
 64608040639.1  0.71795518197 
 71698491339.7  0.681303424693 
 79567088082.7  0.638527320327 
 88299229003.0  0.588005040387 
 97989684307.8  0.527904846954 
 108743624822.0  0.462312768911 
 120677763408.0  0.431591751988 
 133921621659.0  0.431591750549 
 148618935596.0  0.431591753216 
 164929215642.0  0.431591753273 
 183029477792.0  0.431591753328 
 203116164777.0  0.431591753376 
 225407278060.0  0.431591753426 
 250144743812.0  0.431591753474 
 277597038549.0  0.431591753522 
 308062102912.0  0.431591753563 
 341870575229.0  0.431591753605 
 379389379943.0  0.431591753653 
 421025709851.0  0.431591753684 
 467231445389.0  0.431591753713 
 518508058896.0  0.431591764774 
 575412057115.0  0.431591753652 
 638561020977.0  0.431591753556 
 708640308226.0  0.431591753469 
 786410491630.0  0.431591753402 
 872715613503.0  0.431591753348 
 968492346119.0  0.431591753302 
 1.07478015745e+12  0.431591753263 
 1.19273259255e+12  0.43159175323 
 1.32362979301e+12  0.431591764724 
 1.46889239036e+12  0.431591753172 
 1.63009692427e+12  0.431591753146 
 1.80899295276e+12  0.43159176471 
 2.0075220402e+12  0.4315917647 
 2.22783882918e+12  0.43159175309 
 2.47233442495e+12  0.431591753068 
 2.74366234609e+12  0.431591765 
 3.04476732329e+12  0.431591755647 
 3.37891725861e+12  0.431591753259 
 3.74973869208e+12  0.431591752286 
 4.1612561607e+12  0.431591752262 
 4.61793587685e+12  0.431591752289 
 5.12473420023e+12  0.431591738331 
 5.68715142943e+12  0.431591738095 
 6.3112914968e+12  0.431591712829 
 7.00392821465e+12  0.43159170593 
 7.77257879166e+12  0.431591701265 
 8.62558541736e+12  0.431591698087 
 9.57220580022e+12  0.431591906415 
 1.06227136418e+13  0.431591891144 
 1.17885101377e+13  0.431591758121 
 1.30822477149e+13  0.431591757714 
 1.45179673492e+13  0.431591757398 
 1.6111250952e+13  0.431591757168 
 1.78793904819e+13  0.431591757009 
 1.98415756141e+13  0.431591756912 
 2.20191020075e+13  0.431591756868 
 2.44356024262e+13  0.431591764574 
 2.71173032273e+13  0.431591756911 
 3.00933089963e+13  0.431591756984 
 3.33959184199e+13  0.431591757084 
 3.70609748249e+13  0.431591757204 
 4.11282551868e+13  0.431591748332 
 4.56419018307e+13  0.431591748822 
 5.06509015095e+13  0.431591749275 
 5.62096170586e+13  0.431591749707 
 6.23783773972e+13  0.431591750116 
 6.92241322807e+13  0.431591750486 
 7.68211789079e+13  0.431591760571 
 8.52519682712e+13  0.431591765024 
 9.4608e+13  0.431591770385 
6.29960524947 
 3153600000.0  0.952451983263 
 3499693846.96  0.947075743183 
 3883769984.29  0.941070354052 
 4309996802.71  0.934356688895 
 4783000155.65  0.926844176111 
 5307913563.78  0.91842871784 
 5890433929.27  0.90899009862 
 6536883364.47  0.898388721797 
 7254277805.98  0.886461429834 
 8050403158.84  0.873016073344 
 8933899797.23  0.857824310697 
 9914356338.7  0.840611863871 
 11002413709.8  0.821044969413 
 12209880632.2  0.798711024363 
 13549861783.6  0.773089930492 
 15036900022.6  0.743509901121 
 16687134223.2  0.709075741917 
 18518474430.6  0.668545248255 
 20550796239.2  0.620099314647 
 22806156503.2  0.560879415769 
 25309032720.4  0.486113342775 
 28086588687.2  0.393561152587 
 31168969308.3  0.362701436724 
 34589627760.2  0.362701437708 
 38385688559.4  0.362701436662 
 42598350476.5  0.362701437566 
 47273333667.3  0.362701407178 
 52461375875.4  0.362701438888 
 58218783090.5  0.362701436937 
 64608040639.1  0.36270143727 
 71698491339.7  0.362701421803 
 79567088082.7  0.36270147206 
 88299229003.0  0.36270156999 
 97989684307.8  0.362701575682 
 108743624822.0  0.362701577552 
 120677763408.0  0.362701389018 
 133921621659.0  0.362701438101 
 148618935596.0  0.362701441884 
 164929215642.0  0.362701443703 
 183029477792.0  0.362701456084 
 203116164777.0  0.362701403854 
 225407278060.0  0.362701416769 
 250144743812.0  0.362701536888 
 277597038549.0  0.362701547647 
 308062102912.0  0.362701574693 
 341870575229.0  0.36270160852 
 379389379943.0  0.362701439932 
 421025709851.0  0.362701443498 
 467231445389.0  0.362701438442 
 518508058896.0  0.362701564384 
 575412057115.0  0.362701382481 
 638561020977.0  0.362701443406 
 708640308226.0  0.362701444427 
 786410491630.0  0.362701444925 
 872715613503.0  0.362701449139 
 968492346119.0  0.36270144768 
 1.07478015745e+12  0.362701456557 
 1.19273259255e+12  0.362701469135 
 1.32362979301e+12  0.362701431522 
 1.46889239036e+12  0.362701395603 
 1.63009692427e+12  0.36270139976 
 1.80899295276e+12  0.362701406219 
 2.0075220402e+12  0.362701390215 
 2.22783882918e+12  0.362701390663 
 2.47233442495e+12  0.362701397229 
 2.74366234609e+12  0.362701403114 
 3.04476732329e+12  0.362701404969 
 3.37891725861e+12  0.36270141124 
 3.74973869208e+12  0.362701546589 
 4.1612561607e+12  0.36270154428 
 4.61793587685e+12  0.362701535828 
 5.12473420023e+12  0.362701519398 
 5.68715142943e+12  0.362701509553 
 6.3112914968e+12  0.362701499319 
 7.00392821465e+12  0.362701407793 
 7.77257879166e+12  0.362701407354 
 8.62558541736e+12  0.362701407236 
 9.57220580022e+12  0.362701406468 
 1.06227136418e+13  0.36270140638 
 1.17885101377e+13  0.362701405665 
 1.30822477149e+13  0.362701405252 
 1.45179673492e+13  0.362701404847 
 1.6111250952e+13  0.36270140475 
 1.78793904819e+13  0.362701404071 
 1.98415756141e+13  0.362701403682 
 2.20191020075e+13  0.362701403311 
 2.44356024262e+13  0.362701438174 
 2.71173032273e+13  0.36270143816 
 3.00933089963e+13  0.362701438209 
 3.33959184199e+13  0.362701438207 
 3.70609748249e+13  0.362701438182 
 4.11282551868e+13  0.362701438219 
 4.56419018307e+13  0.362701570504 
 5.06509015095e+13  0.36270157525 
 5.62096170586e+13  0.362701577604 
 6.23783773972e+13  0.362701577746 
 6.92241322807e+13  0.362701580043 
 7.68211789079e+13  0.362701578523 
 8.52519682712e+13  0.362701570252 
 9.4608e+13  0.362701565936 
14.6586659111 
 3153600000.0  0.754200424426 
 3499693846.96  0.722639433997 
 3883769984.29  0.68622291514 
 4309996802.71  0.643948439993 
 4783000155.65  0.594546558535 
 5307913563.78  0.536454079394 
 5890433929.27  0.467974490163 
 6536883364.47  0.388215136284 
 7254277805.98  0.304589090967 
 8050403158.84  0.299805386265 
 8933899797.23  0.29980538615 
 9914356338.7  0.29980538616 
 11002413709.8  0.299805386311 
 12209880632.2  0.299805386077 
 13549861783.6  0.299805385962 
 15036900022.6  0.299805386014 
 16687134223.2  0.2998053864 
 18518474430.6  0.299805386298 
 20550796239.2  0.299805386246 
 22806156503.2  0.299805386277 
 25309032720.4  0.299805386514 
 28086588687.2  0.299805386474 
 31168969308.3  0.299805386544 
 34589627760.2  0.299805386447 
 38385688559.4  0.299805386269 
 42598350476.5  0.29980538628 
 47273333667.3  0.299805386304 
 52461375875.4  0.299805386197 
 58218783090.5  0.299805386302 
 64608040639.1  0.29980538642 
 71698491339.7  0.299805386823 
 79567088082.7  0.299805386526 
 88299229003.0  0.299805386541 
 97989684307.8  0.299805386744 
 108743624822.0  0.299805386585 
 120677763408.0  0.299805386863 
 133921621659.0  0.299805386346 
 148618935596.0  0.299805386929 
 164929215642.0  0.299805386732 
 183029477792.0  0.299805386745 
 203116164777.0  0.299805386643 
 225407278060.0  0.299805386836 
 250144743812.0  0.299805386452 
 277597038549.0  0.299805386862 
 308062102912.0  0.299805386955 
 341870575229.0  0.299805386523 
 379389379943.0  0.299805386918 
 421025709851.0  0.299805387039 
 467231445389.0  0.299805386962 
 518508058896.0  0.299805386999 
 575412057115.0  0.29980538728 
 638561020977.0  0.299805386678 
 708640308226.0  0.299805387073 
 786410491630.0  0.299805386747 
 872715613503.0  0.299805386875 
 968492346119.0  0.299805386818 
 1.07478015745e+12  0.29980538665 
 1.19273259255e+12  0.299805387181 
 1.32362979301e+12  0.299805387127 
 1.46889239036e+12  0.29980538704 
 1.63009692427e+12  0.299805387119 
 1.80899295276e+12  0.299805387217 
 2.0075220402e+12  0.299805386878 
 2.22783882918e+12  0.299805387253 
 2.47233442495e+12  0.299805387513 
 2.74366234609e+12  0.299805387255 
 3.04476732329e+12  0.299805387248 
 3.37891725861e+12  0.299805387239 
 3.74973869208e+12  0.299805387089 
 4.1612561607e+12  0.299805387214 
 4.61793587685e+12  0.299805387467 
 5.12473420023e+12  0.299805387483 
 5.68715142943e+12  0.299805387382 
 6.3112914968e+12  0.299805387252 
 7.00392821465e+12  0.299805387661 
 7.77257879166e+12  0.299805387555 
 8.62558541736e+12  0.299805387531 
 9.57220580022e+12  0.299805387553 
 1.06227136418e+13  0.29980538751 
 1.17885101377e+13  0.299805387463 
 1.30822477149e+13  0.299805387655 
 1.45179673492e+13  0.29980538771 
 1.6111250952e+13  0.299805387447 
 1.78793904819e+13  0.299805387447 
 1.98415756141e+13  0.299805387804 
 2.20191020075e+13  0.299805387576 
 2.44356024262e+13  0.299805388213 
 2.71173032273e+13  0.299805387874 
 3.00933089963e+13  0.299805388081 
 3.33959184199e+13  0.299805387779 
 3.70609748249e+13  0.299805387699 
 4.11282551868e+13  0.299805387843 
 4.56419018307e+13  0.299805388098 
 5.06509015095e+13  0.299805387756 
 5.62096170586e+13  0.299805387805 
 6.23783773972e+13  0.299805387943 
 6.92241322807e+13  0.29980538794 
 7.68211789079e+13  0.299805387904 
 8.52519682712e+13  0.299805387808 
 9.4608e+13  0.299805388201 
34.1095160386 
 3153600000.0  0.654189015413 
 3499693846.96  0.623647459782 
 3883769984.29  0.591493268734 
 4309996802.71  0.557896011985 
 4783000155.65  0.523081454289 
 5307913563.78  0.487325093764 
 5890433929.27  0.450926389889 
 6536883364.47  0.41411904471 
 7254277805.98  0.376714403805 
 8050403158.84  0.336160074056 
 8933899797.23  0.276781782735 
 9914356338.7  0.276781782738 
 11002413709.8  0.276781782758 
 12209880632.2  0.276781784573 
 13549861783.6  0.276781784608 
 15036900022.6  0.276781784626 
 16687134223.2  0.276781784618 
 18518474430.6  0.276781784675 
 20550796239.2  0.276781784678 
 22806156503.2  0.276781784612 
 25309032720.4  0.276781784664 
 28086588687.2  0.27678178467 
 31168969308.3  0.276781784768 
 34589627760.2  0.276781784725 
 38385688559.4  0.276781784776 
 42598350476.5  0.276781784762 
 47273333667.3  0.276781784766 
 52461375875.4  0.276781789741 
 58218783090.5  0.2767817848 
 64608040639.1  0.276781789953 
 71698491339.7  0.27678180432 
 79567088082.7  0.276781806618 
 88299229003.0  0.2767818038 
 97989684307.8  0.27678180815 
 108743624822.0  0.276781806586 
 120677763408.0  0.276781789469 
 133921621659.0  0.276781792866 
 148618935596.0  0.276781792994 
 164929215642.0  0.276781793022 
 183029477792.0  0.27678179304 
 203116164777.0  0.276781813722 
 225407278060.0  0.276781792897 
 250144743812.0  0.276781793349 
 277597038549.0  0.276781795369 
 308062102912.0  0.276781793035 
 341870575229.0  0.276781791829 
 379389379943.0  0.276781792146 
 421025709851.0  0.276781791676 
 467231445389.0  0.276781801467 
 518508058896.0  0.276781792933 
 575412057115.0  0.276781793284 
 638561020977.0  0.276781801718 
 708640308226.0  0.276781794046 
 786410491630.0  0.276781792066 
 872715613503.0  0.276781792513 
 968492346119.0  0.276781792044 
 1.07478015745e+12  0.276781791905 
 1.19273259255e+12  0.27678179227 
 1.32362979301e+12  0.276781792173 
 1.46889239036e+12  0.276781792137 
 1.63009692427e+12  0.276781791988 
 1.80899295276e+12  0.276781791697 
 2.0075220402e+12  0.276781782105 
 2.22783882918e+12  0.276781791882 
 2.47233442495e+12  0.276781782128 
 2.74366234609e+12  0.276781782129 
 3.04476732329e+12  0.276781781848 
 3.37891725861e+12  0.276781782431 
 3.74973869208e+12  0.276781780007 
 4.1612561607e+12  0.27678178009 
 4.61793587685e+12  0.27678178182 
 5.12473420023e+12  0.276781781695 
 5.68715142943e+12  0.276781781691 
 6.3112914968e+12  0.276781781424 
 7.00392821465e+12  0.276781781365 
 7.77257879166e+12  0.27678179361 
 8.62558541736e+12  0.27678179505 
 9.57220580022e+12  0.27678179176 
 1.06227136418e+13  0.276781796416 
 1.17885101377e+13  0.276781797004 
 1.30822477149e+13  0.276781793148 
 1.45179673492e+13  0.276781791983 
 1.6111250952e+13  0.276781793445 
 1.78793904819e+13  0.276781791698 
 1.98415756141e+13  0.276781793103 
 2.20191020075e+13  0.276781791707 
 2.44356024262e+13  0.276781793962 
 2.71173032273e+13  0.276781793898 
 3.00933089963e+13  0.276781791586 
 3.33959184199e+13  0.276781793714 
 3.70609748249e+13  0.276781794159 
 4.11282551868e+13  0.276781793108 
 4.56419018307e+13  0.276781797758 
 5.06509015095e+13  0.276781793812 
 5.62096170586e+13  0.276781796416 
 6.23783773972e+13  0.276781791304 
 6.92241322807e+13  0.276781792597 
 7.68211789079e+13  0.276781793842 
 8.52519682712e+13  0.276781795302 
 9.4608e+13  0.276781781313 
79.3700525984 
 3153600000.0  0.900085960729 
 3499693846.96  0.889942840669 
 3883769984.29  0.878864157435 
 4309996802.71  0.866783975393 
 4783000155.65  0.853636156097 
 5307913563.78  0.839355496276 
 5890433929.27  0.823879112569 
 6536883364.47  0.807148110462 
 7254277805.98  0.789109507975 
 8050403158.84  0.769718462488 
 8933899797.23  0.748940751512 
 9914356338.7  0.726755485825 
 11002413709.8  0.703157980339 
 12209880632.2  0.678162697999 
 13549861783.6  0.65180611726 
 15036900022.6  0.624149337375 
 16687134223.2  0.595280153161 
 18518474430.6  0.565314084595 
 20550796239.2  0.534393356617 
 22806156503.2  0.502681007153 
 25309032720.4  0.470341377334 
 28086588687.2  0.437476664952 
 31168969308.3  0.403900672302 
 34589627760.2  0.368130344194 
 38385688559.4  0.316623427531 
 42598350476.5  0.270903716104 
 47273333667.3  0.270903724626 
 52461375875.4  0.270903715723 
 58218783090.5  0.270903717227 
 64608040639.1  0.270903717754 
 71698491339.7  0.270903717762 
 79567088082.7  0.270903716371 
 88299229003.0  0.270903717786 
 97989684307.8  0.27090371602 
 108743624822.0  0.270903716311 
 120677763408.0  0.270903716847 
 133921621659.0  0.270903716543 
 148618935596.0  0.270903717786 
 164929215642.0  0.270903715728 
 183029477792.0  0.270903716465 
 203116164777.0  0.270903716239 
 225407278060.0  0.270903716225 
 250144743812.0  0.270903716485 
 277597038549.0  0.27090371634 
 308062102912.0  0.270903723355 
 341870575229.0  0.270903716186 
 379389379943.0  0.270903723463 
 421025709851.0  0.270903723583 
 467231445389.0  0.270903715995 
 518508058896.0  0.270903716433 
 575412057115.0  0.27090371676 
 638561020977.0  0.270903716275 
 708640308226.0  0.270903715914 
 786410491630.0  0.270903729295 
 872715613503.0  0.270903716173 
 968492346119.0  0.270903727706 
 1.07478015745e+12  0.270903729971 
 1.19273259255e+12  0.27090372866 
 1.32362979301e+12  0.27090372817 
 1.46889239036e+12  0.270903726493 
 1.63009692427e+12  0.27090372758 
 1.80899295276e+12  0.270903716168 
 2.0075220402e+12  0.270903728129 
 2.22783882918e+12  0.270903727958 
 2.47233442495e+12  0.27090372836 
 2.74366234609e+12  0.270903723112 
 3.04476732329e+12  0.270903727245 
 3.37891725861e+12  0.27090372924 
 3.74973869208e+12  0.270903727198 
 4.1612561607e+12  0.27090372717 
 4.61793587685e+12  0.270903728901 
 5.12473420023e+12  0.270903727402 
 5.68715142943e+12  0.270903728397 
 6.3112914968e+12  0.270903728596 
 7.00392821465e+12  0.270903728596 
 7.77257879166e+12  0.270903717668 
 8.62558541736e+12  0.270903728387 
 9.57220580022e+12  0.270903728231 
 1.06227136418e+13  0.270903728467 
 1.17885101377e+13  0.270903725876 
 1.30822477149e+13  0.270903727097 
 1.45179673492e+13  0.270903728665 
 1.6111250952e+13  0.270903727613 
 1.78793904819e+13  0.270903727196 
 1.98415756141e+13  0.270903727711 
 2.20191020075e+13  0.270903727091 
 2.44356024262e+13  0.270903726791 
 2.71173032273e+13  0.270903727084 
 3.00933089963e+13  0.270903727089 
 3.33959184199e+13  0.270903728255 
 3.70609748249e+13  0.270903727059 
 4.11282551868e+13  0.270903728236 
 4.56419018307e+13  0.270903728202 
 5.06509015095e+13  0.27090371687 
 5.62096170586e+13  0.270903728219 
 6.23783773972e+13  0.270903726497 
 6.92241322807e+13  0.270903728438 
 7.68211789079e+13  0.270903726913 
 8.52519682712e+13  0.270903728425 
 9.4608e+13  0.270903726448 
184.687617448 
 3153600000.0  0.980191966195 
 3499693846.96  0.978050762326 
 3883769984.29  0.975682022093 
 4309996802.71  0.973062463204 
 4783000155.65  0.970166619204 
 5307913563.78  0.966966691006 
 5890433929.27  0.963432393287 
 6536883364.47  0.959530788513 
 7254277805.98  0.955226151183 
 8050403158.84  0.950479833789 
 8933899797.23  0.945250155479 
 9914356338.7  0.939492319416 
 11002413709.8  0.933158368903 
 12209880632.2  0.92619719452 
 13549861783.6  0.918554606855 
 15036900022.6  0.91017348995 
 16687134223.2  0.900994046265 
 18518474430.6  0.890954216732 
 20550796239.2  0.879990100304 
 22806156503.2  0.868036784221 
 25309032720.4  0.855029071445 
 28086588687.2  0.840902696005 
 31168969308.3  0.825595606461 
 34589627760.2  0.809049571377 
 38385688559.4  0.791212039557 
 42598350476.5  0.772038263481 
 47273333667.3  0.751493689692 
 52461375875.4  0.729556553015 
 58218783090.5  0.706220615724 
 64608040639.1  0.681497991982 
 71698491339.7  0.655421880502 
 79567088082.7  0.628049028819 
 88299229003.0  0.59946150027 
 97989684307.8  0.569767213767 
 108743624822.0  0.539097154891 
 120677763408.0  0.507594386963 
 133921621659.0  0.475377955914 
 148618935596.0  0.442421847701 
 164929215642.0  0.408090878658 
 183029477792.0  0.36850641028 
 203116164777.0  0.268849117285 
 225407278060.0  0.268849117428 
 250144743812.0  0.26884911462 
 277597038549.0  0.268849116349 
 308062102912.0  0.268849115721 
 341870575229.0  0.268849116922 
 379389379943.0  0.268849118165 
 421025709851.0  0.268849118661 
 467231445389.0  0.268849116978 
 518508058896.0  0.268849121364 
 575412057115.0  0.268849120767 
 638561020977.0  0.268849122501 
 708640308226.0  0.268849122291 
 786410491630.0  0.268849121228 
 872715613503.0  0.268849123447 
 968492346119.0  0.268849123636 
 1.07478015745e+12  0.268849116475 
 1.19273259255e+12  0.268849116557 
 1.32362979301e+12  0.268849116793 
 1.46889239036e+12  0.268849117138 
 1.63009692427e+12  0.268849116906 
 1.80899295276e+12  0.268849117608 
 2.0075220402e+12  0.268849114442 
 2.22783882918e+12  0.268849120706 
 2.47233442495e+12  0.268849117295 
 2.74366234609e+12  0.268849117368 
 3.04476732329e+12  0.268849111131 
 3.37891725861e+12  0.268849114918 
 3.74973869208e+12  0.26884911522 
 4.1612561607e+12  0.268849118537 
 4.61793587685e+12  0.26884911572 
 5.12473420023e+12  0.268849114323 
 5.68715142943e+12  0.268849116645 
 6.3112914968e+12  0.268849117101 
 7.00392821465e+12  0.268849116422 
 7.77257879166e+12  0.268849118739 
 8.62558541736e+12  0.268849115682 
 9.57220580022e+12  0.268849115557 
 1.06227136418e+13  0.268849116455 
 1.17885101377e+13  0.268849118128 
 1.30822477149e+13  0.268849119317 
 1.45179673492e+13  0.268849115711 
 1.6111250952e+13  0.268849117621 
 1.78793904819e+13  0.268849119625 
 1.98415756141e+13  0.268849112965 
 2.20191020075e+13  0.268849113988 
 2.44356024262e+13  0.268849114542 
 2.71173032273e+13  0.268849116194 
 3.00933089963e+13  0.268849116288 
 3.33959184199e+13  0.268849115847 
 3.70609748249e+13  0.268849117832 
 4.11282551868e+13  0.268849116194 
 4.56419018307e+13  0.268849118069 
 5.06509015095e+13  0.268849116942 
 5.62096170586e+13  0.26884911681 
 6.23783773972e+13  0.268849111086 
 6.92241322807e+13  0.268849111955 
 7.68211789079e+13  0.268849112979 
 8.52519682712e+13  0.26884911345 
 9.4608e+13  0.268849109941 
429.752972588 
 3153600000.0  0.996299310393 
 3499693846.96  0.995894313543 
 3883769984.29  0.99544513278 
 4309996802.71  0.994946979688 
 4783000155.65  0.994394554279 
 5307913563.78  0.993781992037 
 5890433929.27  0.993102805888 
 6536883364.47  0.992349822684 
 7254277805.98  0.991515113809 
 8050403158.84  0.990589919509 
 8933899797.23  0.989564566544 
 9914356338.7  0.988428378804 
 11002413709.8  0.987169580555 
 12209880632.2  0.985775192025 
 13549861783.6  0.984230917168 
 15036900022.6  0.98252102353 
 16687134223.2  0.980628214278 
 18518474430.6  0.978533492696 
 20550796239.2  0.976216019701 
 22806156503.2  0.973652965273 
 25309032720.4  0.97081935509 
 28086588687.2  0.967687914165 
 31168969308.3  0.964228910031 
 34589627760.2  0.960409998744 
 38385688559.4  0.956196077701 
 42598350476.5  0.951549150666 
 47273333667.3  0.94642821165 
 52461375875.4  0.940789155341 
 58218783090.5  0.9345847244 
 64608040639.1  0.927764504488 
 71698491339.7  0.920274981217 
 79567088082.7  0.912059675006 
 88299229003.0  0.903059371509 
 97989684307.8  0.893212468004 
 108743624822.0  0.882455463188 
 120677763408.0  0.870723603724 
 133921621659.0  0.857951717052 
 148618935596.0  0.844075264601 
 164929215642.0  0.829031621944 
 183029477792.0  0.812761613105 
 203116164777.0  0.795211315275 
 225407278060.0  0.776334121674 
 250144743812.0  0.756093066671 
 277597038549.0  0.734463368523 
 308062102912.0  0.711435130331 
 341870575229.0  0.687016130784 
 379389379943.0  0.661234498973 
 421025709851.0  0.634141065935 
 467231445389.0  0.60581086598 
 518508058896.0  0.576342627863 
 575412057115.0  0.54585317668 
 638561020977.0  0.514457410472 
 708640308226.0  0.482203034843 
 786410491630.0  0.448843370958 
 872715613503.0  0.412858836491 
 968492346119.0  0.362129330273 
 1.07478015745e+12  0.268032191117 
 1.19273259255e+12  0.268032189162 
 1.32362979301e+12  0.268032182204 
 1.46889239036e+12  0.268032187036 
 1.63009692427e+12  0.268032188786 
 1.80899295276e+12  0.268032187625 
 2.0075220402e+12  0.268032190454 
 2.22783882918e+12  0.268032190431 
 2.47233442495e+12  0.268032188566 
 2.74366234609e+12  0.268032196643 
 3.04476732329e+12  0.268032187948 
 3.37891725861e+12  0.268032200075 
 3.74973869208e+12  0.268032190091 
 4.1612561607e+12  0.268032178192 
 4.61793587685e+12  0.268032187427 
 5.12473420023e+12  0.268032199503 
 5.68715142943e+12  0.268032187451 
 6.3112914968e+12  0.268032187618 
 7.00392821465e+12  0.268032183534 
 7.77257879166e+12  0.268032187928 
 8.62558541736e+12  0.268032182627 
 9.57220580022e+12  0.268032187816 
 1.06227136418e+13  0.26803218723 
 1.17885101377e+13  0.268032190542 
 1.30822477149e+13  0.268032187003 
 1.45179673492e+13  0.268032187419 
 1.6111250952e+13  0.268032187438 
 1.78793904819e+13  0.268032201535 
 1.98415756141e+13  0.268032186859 
 2.20191020075e+13  0.26803218836 
 2.44356024262e+13  0.268032201728 
 2.71173032273e+13  0.268032198379 
 3.00933089963e+13  0.268032186958 
 3.33959184199e+13  0.268032199146 
 3.70609748249e+13  0.268032182386 
 4.11282551868e+13  0.268032189419 
 4.56419018307e+13  0.268032187519 
 5.06509015095e+13  0.268032187391 
 5.62096170586e+13  0.268032187608 
 6.23783773972e+13  0.268032187998 
 6.92241322807e+13  0.268032187563 
 7.68211789079e+13  0.268032187849 
 8.52519682712e+13  0.268032188181 
 9.4608e+13  0.268032187113 
1000.0 
 3153600000.0  0.999315119369 
 3499693846.96  0.999239995674 
 3883769984.29  0.999156636499 
 4309996802.71  0.999064140128 
 4783000155.65  0.998961506345 
 5307913563.78  0.998847625794 
 5890433929.27  0.998721268079 
 6536883364.47  0.99858106868 
 7254277805.98  0.998425514434 
 8050403158.84  0.99825292748 
 8933899797.23  0.998061447497 
 9914356338.7  0.997849012067 
 11002413709.8  0.997613334972 
 12209880632.2  0.997351882222 
 13549861783.6  0.997061845579 
 15036900022.6  0.99674011335 
 16687134223.2  0.996383238168 
 18518474430.6  0.995987401502 
 20550796239.2  0.995548374559 
 22806156503.2  0.995061475301 
 25309032720.4  0.994521521134 
 28086588687.2  0.993922777128 
 31168969308.3  0.993258899047 
 34589627760.2  0.992522871127 
 38385688559.4  0.991706938029 
 42598350476.5  0.99080253053 
 47273333667.3  0.989800184808 
 52461375875.4  0.988689454535 
 58218783090.5  0.987458815841 
 64608040639.1  0.986095564626 
 71698491339.7  0.984585706034 
 79567088082.7  0.982913836161 
 88299229003.0  0.981063015731 
 97989684307.8  0.979014636304 
 108743624822.0  0.976748279292 
 120677763408.0  0.974241568681 
 133921621659.0  0.971470018565 
 148618935596.0  0.968406877367 
 164929215642.0  0.965022970997 
 183029477792.0  0.961286547888 
 203116164777.0  0.957163129928 
 225407278060.0  0.952615374441 
 250144743812.0  0.947602953293 
 277597038549.0  0.94208245678 
 308062102912.0  0.93600733161 
 341870575229.0  0.92932786424 
 379389379943.0  0.921991225017 
 421025709851.0  0.91394158298 
 467231445389.0  0.90512031508 
 518508058896.0  0.895466324089 
 575412057115.0  0.884916491965 
 638561020977.0  0.873406288495 
 708640308226.0  0.860870567131 
 786410491630.0  0.847244568017 
 872715613503.0  0.832465135437 
 968492346119.0  0.816472204715 
 1.07478015745e+12  0.79921053497 
 1.19273259255e+12  0.780631719323 
 1.32362979301e+12  0.760696441447 
 1.46889239036e+12  0.739376963664 
 1.63009692427e+12  0.716659774917 
 1.80899295276e+12  0.692548298139 
 2.0075220402e+12  0.667065474146 
 2.22783882918e+12  0.640255855481 
 2.47233442495e+12  0.612186431475 
 2.74366234609e+12  0.582944213294 
 3.04476732329e+12  0.552625110861 
 3.37891725861e+12  0.521296911235 
 3.74973869208e+12  0.488877954298 
 4.1612561607e+12  0.454686815707 
 4.61793587685e+12  0.415021403774 
 5.12473420023e+12  0.267695176496 
 5.68715142943e+12  0.267695170349 
 6.3112914968e+12  0.26769516298 
 7.00392821465e+12  0.267695176379 
 7.77257879166e+12  0.267695164488 
 8.62558541736e+12  0.267695173889 
 9.57220580022e+12  0.26769517209 
 1.06227136418e+13  0.267695178664 
 1.17885101377e+13  0.267695173593 
 1.30822477149e+13  0.267695191378 
 1.45179673492e+13  0.267695173634 
 1.6111250952e+13  0.267695175515 
 1.78793904819e+13  0.267695175574 
 1.98415756141e+13  0.267695173331 
 2.20191020075e+13  0.267695179248 
 2.44356024262e+13  0.267695182126 
 2.71173032273e+13  0.267695181336 
 3.00933089963e+13  0.26769517299 
 3.33959184199e+13  0.267695162984 
 3.70609748249e+13  0.267695178898 
 4.11282551868e+13  0.267695182028 
 4.56419018307e+13  0.267695172859 
 5.06509015095e+13  0.267695183625 
 5.62096170586e+13  0.267695173618 
 6.23783773972e+13  0.267695181733 
 6.92241322807e+13  0.26769517776 
 7.68211789079e+13  0.26769517185 
 8.52519682712e+13  0.26769517035 
 9.4608e+13  0.267695186785 
