0.5 
 3153600000.0  0.99485839554 
 5425559963.83  0.991157351181 
 9334316628.98  0.984796106846 
 16059073627.6  0.973870237087 
 27628572720.1  0.955126986672 
 47533129759.0  0.92304041847 
 81777602034.6  0.868312166824 
 140692948864.0  0.77557021807 
 242052901620.0  0.620231344176 
 416435988128.0  0.514887841354 
 716450540553.0  0.514887839278 
 1.23260571058e+12  0.514887821674 
 2.12061650004e+12  0.514887816731 
 3.64838025788e+12  0.514887811831 
 6.27679663242e+12  0.51488780701 
 1.07988129471e+13  0.514887836886 
 1.85786425618e+13  0.514887837109 
 3.19633242217e+13  0.514887835818 
 5.49907826637e+13  0.514887836338 
 9.4608e+13  0.514887851913 
1.16345908439 
 3153600000.0  0.993946535933 
 5425559963.83  0.98959301471 
 9334316628.98  0.982117936094 
 16059073627.6  0.969301453858 
 27628572720.1  0.947373111259 
 47533129759.0  0.909470101336 
 81777602034.6  0.843162198065 
 140692948864.0  0.725014811435 
 242052901620.0  0.511570145401 
 416435988128.0  0.480931221137 
 716450540553.0  0.480931205927 
 1.23260571058e+12  0.480931215875 
 2.12061650004e+12  0.480931212412 
 3.64838025788e+12  0.480931224292 
 6.27679663242e+12  0.480931208024 
 1.07988129471e+13  0.48093121596 
 1.85786425618e+13  0.480931216748 
 3.19633242217e+13  0.48093121547 
 5.49907826637e+13  0.4809312249 
 9.4608e+13  0.480931224841 
2.70727408209 
 3153600000.0  0.987736415473 
 5425559963.83  0.978829697879 
 9334316628.98  0.963360617686 
 16059073627.6  0.936292449363 
 27628572720.1  0.888241761823 
 47533129759.0  0.800306013441 
 81777602034.6  0.626060827155 
 140692948864.0  0.431591769862 
 242052901620.0  0.431591753458 
 416435988128.0  0.431591764783 
 716450540553.0  0.431591753462 
 1.23260571058e+12  0.431591753215 
 2.12061650004e+12  0.431591753097 
 3.64838025788e+12  0.431591752415 
 6.27679663242e+12  0.431591713269 
 1.07988129471e+13  0.431591890009 
 1.85786425618e+13  0.431591764593 
 3.19633242217e+13  0.431591757039 
 5.49907826637e+13  0.43159174962 
 9.4608e+13  0.431591770385 
6.29960524947 
 3153600000.0  0.952451983263 
 5425559963.83  0.916531033158 
 9334316628.98  0.850840987792 
 16059073627.6  0.722395895988 
 27628572720.1  0.408143721641 
 47533129759.0  0.36270143166 
 81777602034.6  0.362701569651 
 140692948864.0  0.362701438433 
 242052901620.0  0.362701528443 
 416435988128.0  0.362701441683 
 716450540553.0  0.362701597958 
 1.23260571058e+12  0.362701463551 
 2.12061650004e+12  0.362701391256 
 3.64838025788e+12  0.362701415173 
 6.27679663242e+12  0.362701507944 
 1.07988129471e+13  0.362701406015 
 1.85786425618e+13  0.362701404211 
 3.19633242217e+13  0.362701438173 
 5.49907826637e+13  0.362701574443 
 9.4608e+13  0.362701565936 
14.6586659111 
 3153600000.0  0.754200424426 
 5425559963.83  0.52295390575 
 9334316628.98  0.299805386621 
 16059073627.6  0.29980538612 
 27628572720.1  0.2998053862 
 47533129759.0  0.299805386507 
 81777602034.6  0.299805386416 
 140692948864.0  0.299805386314 
 242052901620.0  0.299805386554 
 416435988128.0  0.299805386952 
 716450540553.0  0.299805386977 
 1.23260571058e+12  0.299805386953 
 2.12061650004e+12  0.299805387232 
 3.64838025788e+12  0.299805387033 
 6.27679663242e+12  0.299805387291 
 1.07988129471e+13  0.299805387746 
 1.85786425618e+13  0.299805387592 
 3.19633242217e+13  0.299805387554 
 5.49907826637e+13  0.299805387975 
 9.4608e+13  0.299805388201 
34.1095160386 
 3153600000.0  0.654189015413 
 5425559963.83  0.479705744695 
 9334316628.98  0.276781782781 
 16059073627.6  0.276781784579 
 27628572720.1  0.276781784594 
 47533129759.0  0.27678178474 
 81777602034.6  0.276781808039 
 140692948864.0  0.276781792984 
 242052901620.0  0.276781802568 
 416435988128.0  0.276781791751 
 716450540553.0  0.27678179094 
 1.23260571058e+12  0.276781792242 
 2.12061650004e+12  0.276781791667 
 3.64838025788e+12  0.276781780477 
 6.27679663242e+12  0.276781781387 
 1.07988129471e+13  0.276781793521 
 1.85786425618e+13  0.276781793333 
 3.19633242217e+13  0.276781794051 
 5.49907826637e+13  0.27678179778 
 9.4608e+13  0.276781781313 
79.3700525984 
 3153600000.0  0.900085960729 
 5425559963.83  0.836198720826 
 9334316628.98  0.739771817162 
 16059073627.6  0.606050516237 
 27628572720.1  0.442701850212 
 47533129759.0  0.270903716232 
 81777602034.6  0.270903715985 
 140692948864.0  0.270903717843 
 242052901620.0  0.270903717965 
 416435988128.0  0.270903718041 
 716450540553.0  0.270903716513 
 1.23260571058e+12  0.270903728297 
 2.12061650004e+12  0.270903727906 
 3.64838025788e+12  0.270903729143 
 6.27679663242e+12  0.270903724041 
 1.07988129471e+13  0.270903726185 
 1.85786425618e+13  0.270903727272 
 3.19633242217e+13  0.270903727425 
 5.49907826637e+13  0.270903716196 
 9.4608e+13  0.270903726448 
184.687617448 
 3153600000.0  0.980191966195 
 5425559963.83  0.96625147919 
 9334316628.98  0.942892873793 
 16059073627.6  0.90447271521 
 27628572720.1  0.843210116697 
 47533129759.0  0.750373946853 
 81777602034.6  0.620639800229 
 140692948864.0  0.459873752774 
 242052901620.0  0.268849116605 
 416435988128.0  0.268849117931 
 716450540553.0  0.268849121695 
 1.23260571058e+12  0.268849119147 
 2.12061650004e+12  0.26884911342 
 3.64838025788e+12  0.268849117739 
 6.27679663242e+12  0.268849117483 
 1.07988129471e+13  0.268849118991 
 1.85786425618e+13  0.26884911267 
 3.19633242217e+13  0.268849115672 
 5.49907826637e+13  0.268849116787 
 9.4608e+13  0.268849109941 
429.752972588 
 3153600000.0  0.996299310393 
 5425559963.83  0.993644771893 
 9334316628.98  0.989100334344 
 16059073627.6  0.981348009714 
 27628572720.1  0.968203336249 
 47533129759.0  0.946144736193 
 81777602034.6  0.909769757646 
 140692948864.0  0.851520244696 
 242052901620.0  0.762634095873 
 416435988128.0  0.637052750598 
 716450540553.0  0.478753271396 
 1.23260571058e+12  0.268032187785 
 2.12061650004e+12  0.268032201794 
 3.64838025788e+12  0.268032185795 
 6.27679663242e+12  0.268032182593 
 1.07988129471e+13  0.268032186899 
 1.85786425618e+13  0.268032187616 
 3.19633242217e+13  0.268032193218 
 5.49907826637e+13  0.268032188221 
 9.4608e+13  0.268032187113 
1000.0 
 3153600000.0  0.999315119369 
 5425559963.83  0.998822104714 
 9334316628.98  0.997974681766 
 16059073627.6  0.996519040305 
 27628572720.1  0.994021475514 
 47533129759.0  0.989744523473 
 81777602034.6  0.982444856876 
 140692948864.0  0.97005713288 
 242052901620.0  0.949238592971 
 416435988128.0  0.914824211964 
 716450540553.0  0.859488707783 
 1.23260571058e+12  0.774484480486 
 2.12061650004e+12  0.653116809472 
 3.64838025788e+12  0.497533768394 
 6.27679663242e+12  0.267695175323 
 1.07988129471e+13  0.267695170378 
 1.85786425618e+13  0.267695166483 
 3.19633242217e+13  0.2676951881 
 5.49907826637e+13  0.267695206108 
 9.4608e+13  0.267695186785 
