 0.1  0.0999999999993 
 0.115139539933  0.115139539932 
 0.132571136559  0.132571136556 
 0.152641796718  0.152641796712 
 0.175751062485  0.175751062478 
 0.202358964773  0.202358964765 
 0.232995181052  0.232995181043 
 0.268269579528  0.268269579502 
 0.308884359648  0.308884359594 
 0.355648030622  0.355648030474 
 0.409491506238  0.409491505957 
 0.471486636346  0.471486635916 
 0.542867543932  0.542867543148 
 0.625055192527  0.62505519089 
 0.719685673001  0.719685669996 
 0.828642772855  0.828642766688 
 0.95409547635  0.954095461752 
 1.09854114199  1.09854110889 
 1.26485521686  1.26485513401 
 1.4563484775  1.45634825509 
 1.67683293681  1.67683225044 
 1.93069772888  1.93069540739 
 2.22299648253  2.222987159 
 2.5595479227  2.55950260373 
 2.94705170255  2.94680590861 
 3.3932217719  3.39175036029 
 3.90693993705  3.89726044399 
 4.49843266897  4.43252534077 
 5.17947467923  4.83148296519 
 5.96362331659  4.95911099897 
 6.86648845004  4.97736848118 
 7.90604321091  4.97895775499 
 9.10298177992  4.9787897318 
 10.4811313415  4.9784724765 
 12.0679264064  4.97815079783 
 13.8949549437  4.97783480262 
 15.9985871961  4.97752368587 
 18.4206996933  4.97721494641 
 21.2095088792  4.97690492916 
 24.4205309455  4.97658842764 
 28.1176869797  4.97625804474 
 32.3745754282  4.97590323246 
 37.2759372031  4.9755090034 
 42.9193426013  4.9750538839 
 49.4171336132  4.97450728548 
 56.8986602902  4.97382485688 
 65.512855686  4.97294192517 
 75.4312006335  4.9717634703 
 86.8511373751  4.970147741 
 100.0  4.96788075921 
