 0.1  0.0999999999994 
 0.115139539933  0.115139539932 
 0.132571136559  0.132571136556 
 0.152641796718  0.152641796712 
 0.175751062485  0.175751062479 
 0.202358964773  0.202358964765 
 0.232995181052  0.232995181043 
 0.268269579528  0.268269579501 
 0.308884359648  0.308884359593 
 0.355648030622  0.355648030475 
 0.409491506238  0.409491505966 
 0.471486636346  0.471486635918 
 0.542867543932  0.542867543144 
 0.625055192527  0.625055191076 
 0.719685673001  0.719685670003 
 0.828642772855  0.828642766673 
 0.95409547635  0.954095461687 
 1.09854114199  1.09854110895 
 1.26485521686  1.26485513404 
 1.4563484775  1.45634825522 
 1.67683293681  1.67683224905 
 1.93069772888  1.93069542007 
 2.22299648253  2.22298715984 
 2.5595479227  2.55950260373 
 2.94705170255  2.94680590861 
 3.3932217719  3.39175036029 
 3.90693993705  3.89726044396 
 4.49843266897  4.43252534089 
 5.17947467923  4.83148296517 
 5.96362331659  4.95911099345 
 6.86648845004  4.9773684815 
 7.90604321091  4.97895775694 
 9.10298177992  4.97878967916 
 10.4811313415  4.97847247662 
 12.0679264064  4.97815079748 
 13.8949549437  4.9778348702 
 15.9985871961  4.97752368585 
 18.4206996933  4.97721494649 
 21.2095088792  4.97690499468 
 24.4205309455  4.97658845662 
 28.1176869797  4.97625804468 
 32.3745754282  4.97590323239 
 37.2759372031  4.97550900336 
 42.9193426013  4.97505388388 
 49.4171336132  4.97450723584 
 56.8986602902  4.97382475768 
 65.512855686  4.97294185304 
 75.4312006335  4.97176342086 
 86.8511373751  4.97014775488 
 100.0  4.96788077604 
