 0.1  0.0999999999999 
 0.115139539933  0.115139539878 
 0.132571136559  0.132571136556 
 0.152641796718  0.152641796726 
 0.175751062485  0.175751062496 
 0.202358964773  0.202358964778 
 0.232995181052  0.23299518053 
 0.268269579528  0.268269579434 
 0.308884359648  0.308884359588 
 0.355648030622  0.355648030764 
 0.409491506238  0.409491504851 
 0.471486636346  0.471486630653 
 0.542867543932  0.542867542592 
 0.625055192527  0.62505515661 
 0.719685673001  0.719685585683 
 0.828642772855  0.828642544138 
 0.95409547635  0.954094828243 
 1.09854114199  1.09853922531 
 1.26485521686  1.264849168 
 1.4563484775  1.45632816986 
 1.67683293681  1.6767601746 
 1.93069772888  1.93041822559 
 2.22299648253  2.22184295222 
 2.5595479227  2.55443147273 
 2.94705170255  2.92305089483 
 3.3932217719  3.28373412915 
 3.90693993705  3.52089388244 
 4.49843266897  3.59963953305 
 5.17947467923  3.6146011631 
 5.96362331659  3.61678933994 
 6.86648845004  3.61706825199 
 7.90604321091  3.61709562851 
 9.10298177992  3.61709031611 
 10.4811313415  3.61707933972 
 12.0679264064  3.6170648837 
 13.8949549437  3.61704620883 
 15.9985871961  3.61702179005 
 18.4206996933  3.61698938612 
 21.2095088792  3.61694632271 
 24.4205309455  3.61688807481 
 28.1176869797  3.61680873739 
 32.3745754282  3.61669955892 
 37.2759372031  3.61654771728 
 42.9193426013  3.61633344864 
 49.4171336132  3.61602662683 
 56.8986602902  3.61557770463 
 65.512855686  3.61490354579 
 75.4312006335  3.61385680276 
 86.8511373751  35.1217496106 
 100.0  66.3086492649 
