 0.1  0.1 
 0.115139539933  0.115139539926 
 0.132571136559  0.132571136553 
 0.152641796718  0.152641796726 
 0.175751062485  0.175751062497 
 0.202358964773  0.202358964779 
 0.232995181052  0.232995180877 
 0.268269579528  0.268269579425 
 0.308884359648  0.308884359553 
 0.355648030622  0.355648030787 
 0.409491506238  0.40949150364 
 0.471486636346  0.471486629709 
 0.542867543932  0.542867542542 
 0.625055192527  0.625055156592 
 0.719685673001  0.719685585667 
 0.828642772855  0.828642543359 
 0.95409547635  0.954094828389 
 1.09854114199  1.09853923083 
 1.26485521686  1.26484917153 
 1.4563484775  1.4563281711 
 1.67683293681  1.67676016997 
 1.93069772888  1.93041823819 
 2.22299648253  2.22184299868 
 2.5595479227  2.55443155291 
 2.94705170255  2.92305107717 
 3.3932217719  3.28373405419 
 3.90693993705  3.52089384228 
 4.49843266897  3.59963947766 
 5.17947467923  3.61460108354 
 5.96362331659  3.61678941543 
 6.86648845004  3.61706824533 
 7.90604321091  3.61709568125 
 9.10298177992  3.61709026036 
 10.4811313415  3.61707936098 
 12.0679264064  3.61706491072 
 13.8949549437  3.61704627197 
 15.9985871961  3.61702179746 
 18.4206996933  3.61698946827 
 21.2095088792  3.61694636418 
 24.4205309455  3.61688770311 
 28.1176869797  3.61680873733 
 32.3745754282  3.61669960004 
 37.2759372031  3.61654762679 
 42.9193426013  3.61633351153 
 49.4171336132  3.61602660484 
 56.8986602902  3.61557770877 
 65.512855686  3.61490378512 
 75.4312006335  3.61385672074 
 86.8511373751  3.61215900339 
 100.0  3.60925234073 
