 0.1  0.0999999999993 
 0.115139539933  0.115139539932 
 0.132571136559  0.132571136556 
 0.152641796718  0.152641796712 
 0.175751062485  0.175751062478 
 0.202358964773  0.202358964765 
 0.232995181052  0.232995181043 
 0.268269579528  0.268269579502 
 0.308884359648  0.308884359556 
 0.355648030622  0.355648030472 
 0.409491506238  0.40949150596 
 0.471486636346  0.471486635917 
 0.542867543932  0.542867543146 
 0.625055192527  0.625055190884 
 0.719685673001  0.719685669998 
 0.828642772855  0.828642766684 
 0.95409547635  0.954095461743 
 1.09854114199  1.09854111086 
 1.26485521686  1.26485513302 
 1.4563484775  1.45634825351 
 1.67683293681  1.67683224984 
 1.93069772888  1.93069541213 
 2.22299648253  2.22298715919 
 2.5595479227  2.55950260373 
 2.94705170255  2.94680590861 
 3.3932217719  3.39175036029 
 3.90693993705  3.89726044428 
 4.49843266897  4.43252534093 
 5.17947467923  4.83148296518 
 5.96362331659  4.95911099873 
 6.86648845004  4.97736848127 
 7.90604321091  4.97895775477 
 9.10298177992  4.97878973164 
 10.4811313415  4.97847247503 
 12.0679264064  4.97815079775 
 13.8949549437  4.9778348702 
 15.9985871961  4.97752368586 
 18.4206996933  4.97721494645 
 21.2095088792  4.97690499472 
 24.4205309455  4.97658846134 
 28.1176869797  4.97625804517 
 32.3745754282  4.97590323284 
 37.2759372031  4.97550900335 
 42.9193426013  4.97505388387 
 49.4171336132  4.9745072857 
 56.8986602902  4.97382475763 
 65.512855686  4.97294192573 
 75.4312006335  4.97176346649 
 86.8511373751  4.97014775913 
 100.0  4.96788075255 
