 0.1  0.0999999999998 
 0.115139539933  0.115139539924 
 0.132571136559  0.132571136558 
 0.152641796718  0.152641796726 
 0.175751062485  0.175751062495 
 0.202358964773  0.202358964777 
 0.232995181052  0.232995180463 
 0.268269579528  0.26826957927 
 0.308884359648  0.30888435962 
 0.355648030622  0.355648030739 
 0.409491506238  0.409491505014 
 0.471486636346  0.47148663148 
 0.542867543932  0.542867542631 
 0.625055192527  0.625055156756 
 0.719685673001  0.719685585679 
 0.828642772855  0.828642544133 
 0.95409547635  0.954094828102 
 1.09854114199  1.09853922114 
 1.26485521686  1.26484916513 
 1.4563484775  1.45632816866 
 1.67683293681  1.67676016936 
 1.93069772888  1.93041827276 
 2.22299648253  2.2218429379 
 2.5595479227  2.55443147366 
 2.94705170255  2.92305113927 
 3.3932217719  3.28373414233 
 3.90693993705  3.52089378581 
 4.49843266897  3.59963895628 
 5.17947467923  3.61460110013 
 5.96362331659  3.61678947114 
 6.86648845004  3.61706830952 
 7.90604321091  3.61709563284 
 9.10298177992  3.6170902944 
 10.4811313415  3.61707936974 
 12.0679264064  3.6170649906 
 13.8949549437  3.61704618829 
 15.9985871961  3.61702177888 
 18.4206996933  3.61698947116 
 21.2095088792  3.61694623689 
 24.4205309455  3.61688800091 
 28.1176869797  3.61680878424 
 32.3745754282  13.9384213094 
 37.2759372031  23.6765566729 
 42.9193426013  32.3483110737 
 49.4171336132  41.0270441033 
 56.8986602902  50.1820084507 
 65.512855686  60.1243200568 
 75.4312006335  71.1169118978 
 86.8511373751  83.4147086185 
 100.0  97.2841146915 
