 0.1  0.1 
 0.115139539933  0.115139539932 
 0.132571136559  0.132571136552 
 0.152641796718  0.152641796726 
 0.175751062485  0.175751062497 
 0.202358964773  0.20235896478 
 0.232995181052  0.232995180997 
 0.268269579528  0.268269579419 
 0.308884359648  0.308884359535 
 0.355648030622  0.355648030798 
 0.409491506238  0.409491503865 
 0.471486636346  0.47148662924 
 0.542867543932  0.542867542506 
 0.625055192527  0.625055156633 
 0.719685673001  0.719685585664 
 0.828642772855  0.828642543302 
 0.95409547635  0.95409482846 
 1.09854114199  1.09853923265 
 1.26485521686  1.26484917313 
 1.4563484775  1.45632817168 
 1.67683293681  1.67676016661 
 1.93069772888  1.93041827584 
 2.22299648253  2.2218430021 
 2.5595479227  2.55443159417 
 2.94705170255  2.92305091441 
 3.3932217719  3.2837340704 
 3.90693993705  3.52089389988 
 4.49843266897  3.59963954504 
 5.17947467923  3.61460109082 
 5.96362331659  3.61678942732 
 6.86648845004  3.61706831572 
 7.90604321091  3.61709568317 
 9.10298177992  3.61709034192 
 10.4811313415  3.6170793091 
 12.0679264064  3.61706501356 
 13.8949549437  3.61704622042 
 15.9985871961  3.61702184605 
 18.4206996933  3.61698958619 
 21.2095088792  3.61694631062 
 24.4205309455  3.61688806672 
 28.1176869797  3.61680883441 
 32.3745754282  3.61669958164 
 37.2759372031  3.61654769643 
 42.9193426013  3.61633353256 
 49.4171336132  3.61602660614 
 56.8986602902  3.61557770335 
 65.512855686  3.61490377226 
 75.4312006335  3.61385679176 
 86.8511373751  3.61215897963 
 100.0  3.60925236766 
