 0.1  0.0999999999994 
 0.115139539933  0.115139539932 
 0.132571136559  0.132571136555 
 0.152641796718  0.152641796712 
 0.175751062485  0.175751062479 
 0.202358964773  0.202358964765 
 0.232995181052  0.232995181043 
 0.268269579528  0.268269579501 
 0.308884359648  0.308884359593 
 0.355648030622  0.355648030476 
 0.409491506238  0.409491505971 
 0.471486636346  0.471486635919 
 0.542867543932  0.54286754314 
 0.625055192527  0.625055190856 
 0.719685673001  0.71968567001 
 0.828642772855  0.828642766661 
 0.95409547635  0.954095461675 
 1.09854114199  1.09854111078 
 1.26485521686  1.26485513289 
 1.4563484775  1.45634825473 
 1.67683293681  1.67683225088 
 1.93069772888  1.93069537576 
 2.22299648253  2.22298716082 
 2.5595479227  2.55950260373 
 2.94705170255  2.94680590861 
 3.3932217719  3.3917503603 
 3.90693993705  3.89726044427 
 4.49843266897  4.43252533676 
 5.17947467923  4.83148295894 
 5.96362331659  4.95911099163 
 6.86648845004  4.97736848117 
 7.90604321091  4.97895777082 
 9.10298177992  4.97878973081 
 10.4811313415  4.97847247669 
 12.0679264064  4.97815079742 
 13.8949549437  4.97783486934 
 15.9985871961  4.97752368583 
 18.4206996933  4.97721494655 
 21.2095088792  4.9769049947 
 24.4205309455  4.97658843015 
 28.1176869797  4.97625804463 
 32.3745754282  4.97590324518 
 37.2759372031  4.97550900332 
 42.9193426013  5.48088048744 
 49.4171336132  6.779944778 
 56.8986602902  9.03569337532 
 65.512855686  13.3924225871 
 75.4312006335  23.0955982349 
 86.8511373751  42.5620995394 
 100.0  66.6877788001 
