0.1 0.0999999515161 
0.115139539933 0.115139479042 
0.132571136559 0.132571136558 
0.152641796718 0.152641796716 
0.175751062485 0.175751062482 
0.202358964773 0.202358964765 
0.232995181052 0.232995181036 
0.268269579528 0.268269579493 
0.308884359648 0.308884359571 
0.355648030622 0.355648030456 
0.409491506238 0.40949150589 
0.471486636346 0.471486635631 
0.542867543932 0.542867542461 
0.625055192527 0.625055189291 
0.719685673001 0.719685665413 
0.828642772855 0.828642753913 
0.95409547635 0.954095426417 
1.09854114199 1.09854100304 
1.26485521686 1.26485480444 
1.4563484775 1.45634716608 
1.67683293681 1.67682845638 
1.93069772888 1.93068120848 
2.22299648253 2.22293044119 
2.5595479227 2.55926028613 
2.94705170255 2.94568122646 
3.3932217719 3.38608597675 
3.90693993705 3.86749061853 
4.49843266897 4.29957402491 
5.17947467923 4.51673466951 
5.96362331659 4.56692264008 
6.86648845004 4.57420979337 
7.90604321091 4.57506796754 
9.10298177992 4.57515470617 
10.4811313415 4.5751622655 
12.0679264064 4.57516283633 
13.8949549437 4.57516287115 
15.9985871961 4.57516286517 
18.4206996933 4.57516287635 
21.2095088792 4.57516286896 
24.4205309455 4.57516286206 
28.1176869797 4.57516285874 
32.3745754282 4.57516286916 
37.2759372031 4.5751628915 
42.9193426013 4.57516287643 
49.4171336132 4.57516287773 
56.8986602902 4.57516286974 
65.512855686 4.57516287851 
75.4312006335 4.57516287088 
86.8511373751 4.57516286575 
100.0 4.57516286852 
