0.1 0.1 
0.115139539933 0.115139539933 
0.132571136559 0.132571136559 
0.152641796718 0.152641796718 
0.175751062485 0.175751062485 
0.202358964773 0.202358964773 
0.232995181052 0.232995181052 
0.268269579528 0.268269579528 
0.308884359648 0.308884359648 
0.355648030622 0.355648030622 
0.409491506238 0.409491506238 
0.471486636346 0.471486636345 
0.542867543932 0.542867543931 
0.625055192527 0.625055192524 
0.719685673001 0.719685672994 
0.828642772855 0.828642772836 
0.95409547635 0.954095476301 
1.09854114199 1.09854114185 
1.26485521686 1.26485521644 
1.4563484775 1.45634847619 
1.67683293681 1.67683293234 
1.93069772888 1.93069771239 
2.22299648253 2.22299641655 
2.5595479227 2.55954763521 
2.94705170255 2.94705033048 
3.3932217719 3.39321455858 
3.90693993705 3.9068979138 
4.49843266897 4.49815969953 
5.17947467923 5.17748764447 
5.96362331659 5.94751909652 
6.86648845004 6.73490100649 
7.90604321091 7.21143016059 
9.10298177992 7.31151546586 
10.4811313415 7.32149404505 
12.0679264064 7.32225173805 
13.8949549437 7.3223010573 
15.9985871961 7.32230321247 
18.4206996933 7.32230198278 
21.2095088792 7.32230395352 
24.4205309455 7.32230322262 
28.1176869797 7.32230262275 
32.3745754282 7.32230336523 
37.2759372031 7.32230308526 
42.9193426013 7.3223030055 
49.4171336132 7.32230263063 
56.8986602902 7.32230254862 
65.512855686 7.32230320856 
75.4312006335 7.32230267261 
86.8511373751 7.32230413274 
100.0 7.32230297668 
