0.1 0.1 
0.115139539933 0.115139539933 
0.132571136559 0.132571136559 
0.152641796718 0.152641796717 
0.175751062485 0.175751062485 
0.202358964773 0.202358964772 
0.232995181052 0.23299518105 
0.268269579528 0.268269579524 
0.308884359648 0.30888435964 
0.355648030622 0.355648030606 
0.409491506238 0.409491506203 
0.471486636346 0.471486636274 
0.542867543932 0.542867543785 
0.625055192527 0.625055192204 
0.719685673001 0.719685672245 
0.828642772855 0.828642770977 
0.95409547635 0.954095471411 
1.09854114199 1.09854112819 
1.26485521686 1.26485517579 
1.4563484775 1.45634834675 
1.67683293681 1.67683248968 
1.93069772888 1.93069607923 
2.22299648253 2.22298988484 
2.5595479227 2.55951917546 
2.94705170255 2.94691452924 
3.3932217719 3.39250134479 
3.90693993705 3.90276606527 
4.49843266897 4.47219933843 
5.17947467923 5.0213630561 
5.96362331659 5.33000519004 
6.86648845004 5.40207666948 
7.90604321091 5.4115177249 
9.10298177992 5.41249098056 
10.4811313415 5.41257635398 
12.0679264064 5.41258285363 
13.8949549437 5.41258319214 
15.9985871961 5.41258324039 
18.4206996933 5.41258319056 
21.2095088792 5.41258320695 
24.4205309455 5.41258319644 
28.1176869797 5.41258322255 
32.3745754282 5.41258320258 
37.2759372031 5.4125832153 
42.9193426013 5.41258319978 
49.4171336132 5.41258319983 
56.8986602902 5.41258322396 
65.512855686 5.41258321635 
75.4312006335 5.41258322321 
86.8511373751 5.41258320815 
100.0 5.41258322484 
