0.1 0.0999999997006 
0.115139539933 0.115139539412 
0.132571136559 0.132571135726 
0.152641796718 0.15264179512 
0.175751062485 0.175751059376 
0.202358964773 0.202358958824 
0.232995181052 0.232995172659 
0.268269579528 0.268269574785 
0.308884359648 0.308884355659 
0.355648030622 0.355648028178 
0.409491506238 0.409491496197 
0.471486636346 0.471486624053 
0.542867543932 0.54286753383 
0.625055192527 0.625055173456 
0.719685673001 0.719685632892 
0.828642772855 0.828642664811 
0.95409547635 0.954095166862 
1.09854114199 1.09854019813 
1.26485521686 1.26485213713 
1.4563484775 1.4563377824 
1.67683293681 1.67679301816 
1.93069772888 1.93053696014 
2.22299648253 2.22229385496 
2.5595479227 2.55621634235 
2.94705170255 2.93010817518 
3.3932217719 3.30747158066 
3.90693993705 3.5684426695 
4.49843266897 3.65526776583 
5.17947467923 3.67052903752 
5.96362331659 3.67252801436 
6.86648845004 6.24522409286 
7.90604321091 7.19375046379 
9.10298177992 8.24750446246 
10.4811313415 9.4491966381 
12.0679264064 10.8228417257 
13.8949549437 12.3929059865 
15.9985871961 14.1868643223 
18.4206996933 16.2358705313 
21.2095088792 18.5752561143 
24.4205309455 21.2450628294 
28.1176869797 24.2906348319 
32.3745754282 27.7632781189 
37.2759372031 31.7209937514 
42.9193426013 36.2292915413 
49.4171336132 41.3620911854 
56.8986602902 47.5273014324 
65.512855686 56.9042059057 
75.4312006335 68.0003962389 
86.8511373751 80.4086894716 
100.0 94.3970874532 
