0.1 0.0999999999972 
0.115139539933 0.115139539928 
0.132571136559 0.13257113655 
0.152641796718 0.1526417967 
0.175751062485 0.175751062449 
0.202358964773 0.202358964698 
0.232995181052 0.232995180894 
0.268269579528 0.268269579175 
0.308884359648 0.308884358875 
0.355648030622 0.355648028951 
0.409491506238 0.409491502876 
0.471486636346 0.471486629937 
0.542867543932 0.542867532119 
0.625055192527 0.625055173706 
0.719685673001 0.719685637143 
0.828642772855 0.828642670192 
0.95409547635 0.954095211394 
1.09854114199 1.09854036249 
1.26485521686 1.26485272055 
1.4563484775 1.45633997275 
1.67683293681 1.67680194667 
1.93069772888 1.93057584645 
2.22299648253 2.22247893923 
2.5595479227 2.55717134497 
2.94705170255 2.93531429951 
3.3932217719 3.33384938191 
3.90693993705 3.65244770311 
4.49843266897 3.78636158799 
5.17947467923 3.81426468802 
5.96362331659 3.81824470887 
6.86648845004 3.81872198562 
7.90604321091 3.81877419289 
9.10298177992 3.81877991835 
10.4811313415 3.81878052926 
12.0679264064 3.8187805294 
13.8949549437 3.81878056224 
15.9985871961 3.81878057814 
18.4206996933 3.81878057598 
21.2095088792 3.81878052918 
24.4205309455 3.81878038942 
28.1176869797 3.81878060958 
32.3745754282 3.81878055741 
37.2759372031 3.81878054421 
42.9193426013 3.81878053709 
49.4171336132 3.81878057722 
56.8986602902 3.818780562 
65.512855686 3.81878057862 
75.4312006335 3.81878043692 
86.8511373751 3.81878051115 
100.0 3.81878052024 
