0.1 0.0999999999722 
0.115139539933 0.115139539887 
0.132571136559 0.132571136474 
0.152641796718 0.152641796551 
0.175751062485 0.175751062145 
0.202358964773 0.202358964037 
0.232995181052 0.232995179489 
0.268269579528 0.268269576283 
0.308884359648 0.308884352882 
0.355648030622 0.355648019697 
0.409491506238 0.409491497549 
0.471486636346 0.471486623691 
0.542867543932 0.542867531157 
0.625055192527 0.625055172953 
0.719685673001 0.719685634296 
0.828642772855 0.828642666849 
0.95409547635 0.954095170699 
1.09854114199 1.09854021058 
1.26485521686 1.26485219666 
1.4563484775 1.45633797494 
1.67683293681 1.67679383356 
1.93069772888 1.93054051813 
2.22299648253 2.22231091138 
2.5595479227 2.55630368518 
2.94705170255 2.93058026934 
3.3932217719 3.30978006619 
3.90693993705 3.57510712313 
4.49843266897 3.66479935022 
5.17947467923 3.68069512079 
5.96362331659 3.6827802533 
6.86648845004 3.6830137656 
7.90604321091 3.68303667533 
9.10298177992 3.68303872428 
10.4811313415 3.6830390128 
12.0679264064 3.68303880583 
13.8949549437 3.68303879675 
15.9985871961 3.68303882048 
18.4206996933 3.68303879004 
21.2095088792 3.68303868373 
24.4205309455 3.68303889148 
28.1176869797 3.68303881612 
32.3745754282 3.6830383076 
37.2759372031 3.68303883464 
42.9193426013 3.68303870416 
49.4171336132 3.68303882786 
56.8986602902 3.68303871596 
65.512855686 3.68303882508 
75.4312006335 3.68303903168 
86.8511373751 3.68303876426 
100.0 7.23060477383 
