0.1 0.0999999971077 
0.115139539933 0.115139536438 
0.132571136559 0.132571132845 
0.152641796718 0.152641796577 
0.175751062485 0.175751058805 
0.202358964773 0.202358961466 
0.232995181052 0.23299517987 
0.268269579528 0.268269572371 
0.308884359648 0.308884352163 
0.355648030622 0.355648021821 
0.409491506238 0.409491501772 
0.471486636346 0.471486624489 
0.542867543932 0.542867530863 
0.625055192527 0.625055168383 
0.719685673001 0.719685626718 
0.828642772855 0.82864265712 
0.95409547635 0.954095166341 
1.09854114199 1.09854019626 
1.26485521686 1.26485212808 
1.4563484775 1.45633771643 
1.67683293681 1.67679288425 
1.93069772888 1.93053649013 
2.22299648253 2.22229190094 
2.5595479227 2.55620658998 
2.94705170255 2.93005551405 
3.3932217719 3.39322100495 
3.90693993705 3.90693960666 
4.49843266897 4.49843231131 
5.17947467923 5.17947425299 
5.96362331659 5.96362280162 
6.86648845004 6.86648782666 
7.90604321091 7.90604245611 
9.10298177992 9.10298086597 
10.4811313415 10.4811302349 
12.0679264064 12.0679250664 
13.8949549437 13.8949533212 
15.9985871961 15.9985852314 
18.4206996933 18.4206973144 
21.2095088792 21.2095059987 
24.4205309455 24.4205274577 
28.1176869797 28.1176827565 
32.3745754282 32.3745703145 
37.2759372031 37.2759310112 
42.9193426013 42.9193351038 
49.4171336132 49.4171245349 
56.8986602902 56.8986492977 
65.512855686 65.5128423757 
75.4312006335 75.4311845168 
86.8511373751 86.8511178602 
100.0 99.9999763704 
