0.1 0.0999999988988 
0.115139539933 0.115139536557 
0.132571136559 0.132571131833 
0.152641796718 0.152641796276 
0.175751062485 0.175751058277 
0.202358964773 0.20235896334 
0.232995181052 0.2329951725 
0.268269579528 0.268269573504 
0.308884359648 0.308884348768 
0.355648030622 0.355648018916 
0.409491506238 0.409491493885 
0.471486636346 0.471486623462 
0.542867543932 0.542867532659 
0.625055192527 0.625055169165 
0.719685673001 0.719685627348 
0.828642772855 0.828642656562 
0.95409547635 0.954095153339 
1.09854114199 1.09854019087 
1.26485521686 1.26485213589 
1.4563484775 1.45633774823 
1.67683293681 1.67679285776 
1.93069772888 1.93053644923 
2.22299648253 2.22229185617 
2.5595479227 2.55620649337 
2.94705170255 2.94705169945 
3.3932217719 3.39322176932 
3.90693993705 3.90693993412 
4.49843266897 4.49843266545 
5.17947467923 5.17947467498 
5.96362331659 5.96362331145 
6.86648845004 6.86648844381 
7.90604321091 7.90604320336 
9.10298177992 9.10298177078 
10.4811313415 10.4811313305 
12.0679264064 12.067926393 
13.8949549437 13.8949549275 
15.9985871961 15.9985871764 
18.4206996933 18.4206996695 
21.2095088792 21.2095088504 
24.4205309455 24.4205309106 
28.1176869797 28.1176869375 
32.3745754282 32.374575377 
37.2759372031 37.2759371412 
42.9193426013 42.9193425263 
49.4171336132 49.4171335225 
56.8986602902 56.8986601803 
65.512855686 65.5128555529 
75.4312006335 75.4312004724 
86.8511373751 86.85113718 
100.0 99.9999997637 
