0.1 0.0999999974678 
0.115139539933 0.115139534749 
0.132571136559 0.132571135558 
0.152641796718 0.152641789323 
0.175751062485 0.175751057241 
0.202358964773 0.202358963943 
0.232995181052 0.232995172949 
0.268269579528 0.268269570776 
0.308884359648 0.30888435466 
0.355648030622 0.355648019331 
0.409491506238 0.409491500372 
0.471486636346 0.471486623306 
0.542867543932 0.542867534257 
0.625055192527 0.625055168357 
0.719685673001 0.719685629124 
0.828642772855 0.828642661843 
0.95409547635 0.95409515366 
1.09854114199 1.09854019616 
1.26485521686 1.26485213705 
1.4563484775 1.45633772137 
1.67683293681 1.67679292644 
1.93069772888 1.9305365639 
2.22299648253 2.2222921427 
2.5595479227 2.55620758666 
2.94705170255 2.93006066673 
3.3932217719 3.30724164113 
3.90693993705 3.56778566136 
4.49843266897 3.65433478947 
5.17947467923 5.17378113226 
5.96362331659 5.95831341191 
6.86648845004 6.86023783752 
7.90604321091 7.89849777763 
9.10298177992 9.09384831529 
10.4811313415 10.4700727329 
12.0679264064 12.0545366061 
13.8949549437 13.8787425348 
15.9985871961 15.9789572021 
18.4206996933 18.3969317354 
21.2095088792 21.1807307467 
24.4205309455 24.3856865983 
28.1176869797 28.0754978087 
32.3745754282 32.323493353 
37.2759372031 37.2140878884 
42.9193426013 42.8444567082 
49.4171336132 49.3264635681 
56.8986602902 56.7888795184 
65.512855686 65.3799366182 
75.4312006335 75.2702670143 
86.8511373751 86.656285461 
100.0 99.764082097 
