0.1 0.0999999973523 
0.115139539933 0.115139536485 
0.132571136559 0.132571133105 
0.152641796718 0.152641793706 
0.175751062485 0.175751058201 
0.202358964773 0.20235895888 
0.232995181052 0.23299517668 
0.268269579528 0.268269574586 
0.308884359648 0.308884348611 
0.355648030622 0.355648025606 
0.409491506238 0.409491494612 
0.471486636346 0.471486626454 
0.542867543932 0.542867529137 
0.625055192527 0.625055168735 
0.719685673001 0.719685628048 
0.828642772855 0.828642652839 
0.95409547635 0.954095163103 
1.09854114199 1.09854018546 
1.26485521686 1.26485213625 
1.4563484775 1.45633771942 
1.67683293681 1.67679290969 
1.93069772888 1.93053651614 
2.22299648253 2.22229196437 
2.5595479227 2.55620667188 
2.94705170255 2.93005605817 
3.3932217719 3.30721884463 
3.90693993705 3.56771968492 
4.49843266897 4.49838971895 
5.17947467923 5.17943106113 
5.96362331659 5.96357167598 
6.86648845004 6.86642609362 
7.90604321091 7.90596772937 
9.10298177992 9.10289038573 
10.4811313415 10.4810206772 
12.0679264064 12.0677924085 
13.8949549437 13.8947926924 
15.9985871961 15.9983907342 
18.4206996933 18.4204618075 
21.2095088792 21.2092208353 
24.4205309455 24.4201821676 
28.1176869797 28.1172646623 
32.3745754282 32.3740640653 
37.2759372031 37.2753180197 
42.9193426013 42.9185928634 
49.4171336132 49.4162257936 
56.8986602902 56.8975610574 
65.512855686 65.5115246807 
75.4312006335 75.4295889869 
86.8511373751 86.8491859141 
100.0 99.9976370751 
