0.1 0.1 
0.115139539933 0.115139539933 
0.132571136559 0.132571136559 
0.152641796718 0.152641796718 
0.175751062485 0.175751062485 
0.202358964773 0.202358964772 
0.232995181052 0.232995181051 
0.268269579528 0.268269579528 
0.308884359648 0.308884359647 
0.355648030622 0.355648030621 
0.409491506238 0.409491506235 
0.471486636346 0.471486636339 
0.542867543932 0.542867543918 
0.625055192527 0.625055192495 
0.719685673001 0.719685672926 
0.828642772855 0.828642772667 
0.95409547635 0.954095475856 
1.09854114199 1.09854114061 
1.26485521686 1.26485521275 
1.4563484775 1.45634846443 
1.67683293681 1.6768328921 
1.93069772888 1.93069756392 
2.22299648253 2.22299582275 
2.5595479227 2.55954504785 
2.94705170255 2.94703798214 
3.3932217719 3.39314964706 
3.90693993705 3.9065199662 
4.49843266897 4.49571311714 
5.17947467923 5.16008605151 
5.96362331659 5.82670070715 
6.86648845004 6.22520810379 
7.90604321091 6.31578435531 
9.10298177992 6.32625649523 
10.4811313415 6.32718695969 
12.0679264064 6.32725679682 
13.8949549437 6.32726143724 
15.9985871961 6.32726154474 
18.4206996933 6.32726143829 
21.2095088792 6.3272615958 
24.4205309455 6.32726161614 
28.1176869797 6.32726149823 
32.3745754282 6.32726160977 
37.2759372031 6.3272616026 
42.9193426013 6.32726151874 
49.4171336132 6.32726168342 
56.8986602902 6.32726148763 
65.512855686 6.32726164213 
75.4312006335 6.32726149882 
86.8511373751 6.32726160991 
100.0 6.32726153187 
