0.001 50 
 0.1  0.1 
 0.115139539933  0.115139539933 
 0.132571136559  0.132571136559 
 0.152641796718  0.152641796718 
 0.175751062485  0.175751062485 
 0.202358964773  0.202358964773 
 0.232995181052  0.232995181052 
 0.268269579528  0.268269579528 
 0.308884359648  0.308884359648 
 0.355648030622  0.355648030622 
 0.409491506238  0.409491506238 
 0.471486636346  0.471486636346 
 0.542867543932  0.542867543932 
 0.625055192527  0.625055192527 
 0.719685673001  0.719685673 
 0.828642772855  0.828642772848 
 0.95409547635  0.954095476289 
 1.09854114199  1.09854114125 
 1.26485521686  1.26485520501 
 1.4563484775  1.45634821762 
 1.67683293681  1.67682486217 
 1.93069772888  1.93032919677 
 2.22299648253  2.20089077489 
 2.5595479227  2.29166453295 
 2.94705170255  2.29339181185 
 3.3932217719  2.293402165 
 3.90693993705  2.29340243132 
 4.49843266897  2.29340304951 
 5.17947467923  2.29340405238 
 5.96362331659  2.29340248068 
 6.86648845004  2.29340292001 
 7.90604321091  2.29340246235 
 9.10298177992  2.29340038485 
 10.4811313415  2.29339981613 
 12.0679264064  2.29340426823 
 13.8949549437  2.29340010399 
 15.9985871961  2.29340199708 
 18.4206996933  2.29339982609 
 21.2095088792  2.29340205828 
 24.4205309455  2.2934043789 
 28.1176869797  2.29340246084 
 32.3745754282  2.29340216287 
 37.2759372031  2.2934030378 
 42.9193426013  2.29340442308 
 49.4171336132  4.98688322254 
 56.8986602902  16.1086306267 
 65.512855686  27.1405244111 
 75.4312006335  38.9806617635 
 86.8511373751  52.0304991599 
 100.0  66.6099790449 
0.00167683293681 50 
 0.1  0.1 
 0.115139539933  0.115139539933 
 0.132571136559  0.132571136559 
 0.152641796718  0.152641796718 
 0.175751062485  0.175751062485 
 0.202358964773  0.202358964773 
 0.232995181052  0.232995181052 
 0.268269579528  0.268269579528 
 0.308884359648  0.308884359648 
 0.355648030622  0.355648030622 
 0.409491506238  0.409491506238 
 0.471486636346  0.471486636346 
 0.542867543932  0.542867543932 
 0.625055192527  0.625055192527 
 0.719685673001  0.719685673 
 0.828642772855  0.828642772844 
 0.95409547635  0.954095476247 
 1.09854114199  1.09854114075 
 1.26485521686  1.26485519698 
 1.4563484775  1.45634804147 
 1.67683293681  1.67681938905 
 1.93069772888  1.93008047033 
 2.22299648253  2.18909940488 
 2.5595479227  2.25570637425 
 2.94705170255  2.25673700587 
 3.3932217719  2.25674314482 
 3.90693993705  2.25674354744 
 4.49843266897  2.25674370293 
 5.17947467923  2.25674444795 
 5.96362331659  2.25674333438 
 6.86648845004  2.25674354497 
 7.90604321091  2.25674331968 
 9.10298177992  2.25674161975 
 10.4811313415  2.25674179801 
 12.0679264064  2.25674108504 
 13.8949549437  2.25674192134 
 15.9985871961  2.25674337763 
 18.4206996933  2.25674356268 
 21.2095088792  2.25674357907 
 24.4205309455  2.2567444953 
 28.1176869797  2.25674325727 
 32.3745754282  2.25674361064 
 37.2759372031  2.25674368049 
 42.9193426013  2.25674347092 
 49.4171336132  4.31091771084 
 56.8986602902  15.493722219 
 65.512855686  26.4975952237 
 75.4312006335  38.2934188357 
 86.8511373751  51.2912049009 
 100.0  65.81314442 
0.00281176869797 50 
 0.1  0.1 
 0.115139539933  0.115139539933 
 0.132571136559  0.132571136559 
 0.152641796718  0.152641796718 
 0.175751062485  0.175751062485 
 0.202358964773  0.202358964773 
 0.232995181052  0.232995181052 
 0.268269579528  0.268269579528 
 0.308884359648  0.308884359648 
 0.355648030622  0.355648030622 
 0.409491506238  0.409491506238 
 0.471486636346  0.471486636346 
 0.542867543932  0.542867543932 
 0.625055192527  0.625055192527 
 0.719685673001  0.719685672999 
 0.828642772855  0.828642772836 
 0.95409547635  0.954095476178 
 1.09854114199  1.09854113991 
 1.26485521686  1.26485518349 
 1.4563484775  1.45634774567 
 1.67683293681  1.67681019719 
 1.93069772888  1.92966467188 
 2.22299648253  2.17291121643 
 2.5595479227  2.21957382908 
 2.94705170255  2.22018705503 
 3.3932217719  2.22019030159 
 3.90693993705  2.22019100846 
 4.49843266897  2.22019102064 
 5.17947467923  2.22019143998 
 5.96362331659  2.22019081906 
 6.86648845004  2.22019088415 
 7.90604321091  2.22019085212 
 9.10298177992  2.22018954258 
 10.4811313415  2.22019143637 
 12.0679264064  2.22018920238 
 13.8949549437  2.22019072476 
 15.9985871961  2.22019088747 
 18.4206996933  2.22019097716 
 21.2095088792  2.22019138583 
 24.4205309455  2.2201909256 
 28.1176869797  2.22019091047 
 32.3745754282  2.22019097928 
 37.2759372031  2.22019140353 
 42.9193426013  2.22019091451 
 49.4171336132  3.14125047191 
 56.8986602902  14.4673577857 
 65.512855686  25.4267124379 
 75.4312006335  37.1487873652 
 86.8511373751  50.0594512627 
 100.0  64.4849445811 
0.00471486636346 50 
 0.1  0.1 
 0.115139539933  0.115139539933 
 0.132571136559  0.132571136559 
 0.152641796718  0.152641796718 
 0.175751062485  0.175751062485 
 0.202358964773  0.202358964773 
 0.232995181052  0.232995181052 
 0.268269579528  0.268269579528 
 0.308884359648  0.308884359648 
 0.355648030622  0.355648030622 
 0.409491506238  0.409491506238 
 0.471486636346  0.471486636346 
 0.542867543932  0.542867543932 
 0.625055192527  0.625055192527 
 0.719685673001  0.719685672997 
 0.828642772855  0.828642772824 
 0.95409547635  0.954095476061 
 1.09854114199  1.09854113849 
 1.26485521686  1.26485516083 
 1.4563484775  1.4563472484 
 1.67683293681  1.67679474361 
 1.93069772888  1.92897099772 
 2.22299648253  2.15207543482 
 2.5595479227  2.18335534151 
 2.94705170255  2.18371948689 
 3.3932217719  2.1837214038 
 3.90693993705  2.1837219023 
 4.49843266897  2.18372182665 
 5.17947467923  2.18372217639 
 5.96362331659  2.18372173635 
 6.86648845004  2.18372181904 
 7.90604321091  2.18372170845 
 9.10298177992  2.18372071863 
 10.4811313415  2.18372174635 
 12.0679264064  2.18372181692 
 13.8949549437  2.18372178641 
 15.9985871961  2.18372182699 
 18.4206996933  2.18372168967 
 21.2095088792  2.18372157717 
 24.4205309455  2.1837216026 
 28.1176869797  2.18372184091 
 32.3745754282  2.183721798 
 37.2759372031  2.18372174548 
 42.9193426013  2.18372163972 
 49.4171336132  2.18372172538 
 56.8986602902  12.7581911237 
 65.512855686  23.6510488732 
 75.4312006335  35.2512021792 
 86.8511373751  48.0162653564 
 100.0  62.2801568478 
0.00790604321091 50 
 0.1  0.1 
 0.115139539933  0.115139539933 
 0.132571136559  0.132571136559 
 0.152641796718  0.152641796718 
 0.175751062485  0.175751062485 
 0.202358964773  0.202358964773 
 0.232995181052  0.232995181052 
 0.268269579528  0.268269579528 
 0.308884359648  0.308884359648 
 0.355648030622  0.355648030622 
 0.409491506238  0.409491506238 
 0.471486636346  0.471486636346 
 0.542867543932  0.542867543932 
 0.625055192527  0.625055192526 
 0.719685673001  0.719685672994 
 0.828642772855  0.828642772803 
 0.95409547635  0.954095475865 
 1.09854114199  1.09854113612 
 1.26485521686  1.26485512269 
 1.4563484775  1.45634641104 
 1.67683293681  1.67676871711 
 1.93069772888  1.92781765435 
 2.22299648253  2.12690594721 
 2.5595479227  2.14708190349 
 2.94705170255  2.14729750771 
 3.3932217719  2.14729852874 
 3.90693993705  2.14729896447 
 4.49843266897  2.14729887321 
 5.17947467923  2.14729918792 
 5.96362331659  2.14729883815 
 6.86648845004  2.14729905548 
 7.90604321091  2.1472986646 
 9.10298177992  2.14729881211 
 10.4811313415  2.14729907646 
 12.0679264064  2.14729888366 
 13.8949549437  2.14729887592 
 15.9985871961  2.14729872389 
 18.4206996933  2.14729864888 
 21.2095088792  2.14729886751 
 24.4205309455  2.1472988879 
 28.1176869797  2.14729874956 
 32.3745754282  2.14729885526 
 37.2759372031  2.14729888109 
 42.9193426013  2.14729892291 
 49.4171336132  2.14729891679 
 56.8986602902  9.91625924806 
 65.512855686  20.7286055213 
 75.4312006335  32.1302095191 
 86.8511373751  44.652724718 
 100.0  58.646040951 
0.0132571136559 50 
 0.1  0.1 
 0.115139539933  0.115139539933 
 0.132571136559  0.132571136559 
 0.152641796718  0.152641796718 
 0.175751062485  0.175751062485 
 0.202358964773  0.202358964773 
 0.232995181052  0.232995181052 
 0.268269579528  0.268269579528 
 0.308884359648  0.308884359648 
 0.355648030622  0.355648030622 
 0.409491506238  0.409491506238 
 0.471486636346  0.471486636346 
 0.542867543932  0.542867543932 
 0.625055192527  0.625055192525 
 0.719685673001  0.71968567299 
 0.828642772855  0.828642772768 
 0.95409547635  0.954095475534 
 1.09854114199  1.09854113211 
 1.26485521686  1.26485505833 
 1.4563484775  1.45634499705 
 1.67683293681  1.67672475657 
 1.93069772888  1.92591064963 
 2.22299648253  2.09812183912 
 2.5595479227  2.11073279964 
 2.94705170255  2.11086000121 
 3.3932217719  2.1108604159 
 3.90693993705  2.1108608886 
 4.49843266897  2.11086061834 
 5.17947467923  2.11086054054 
 5.96362331659  2.11086052478 
 6.86648845004  2.11086078464 
 7.90604321091  2.11086078754 
 9.10298177992  2.11086050822 
 10.4811313415  2.11086079773 
 12.0679264064  2.11086065916 
 13.8949549437  2.11086097226 
 15.9985871961  2.11086079656 
 18.4206996933  2.11086053919 
 21.2095088792  2.11086066741 
 24.4205309455  2.11086048282 
 28.1176869797  2.11086081962 
 32.3745754282  2.1108607264 
 37.2759372031  2.11086052792 
 42.9193426013  2.11086082989 
 49.4171336132  2.11086052519 
 56.8986602902  5.13038104356 
 65.512855686  15.9744787227 
 75.4312006335  27.0664979951 
 86.8511373751  39.188164466 
 100.0  52.729263999 
0.0222299648253 50 
 0.1  0.1 
 0.115139539933  0.115139539933 
 0.132571136559  0.132571136559 
 0.152641796718  0.152641796718 
 0.175751062485  0.175751062485 
 0.202358964773  0.202358964773 
 0.232995181052  0.232995181052 
 0.268269579528  0.268269579528 
 0.308884359648  0.308884359648 
 0.355648030622  0.355648030622 
 0.409491506238  0.409491506238 
 0.471486636346  0.471486636346 
 0.542867543932  0.542867543932 
 0.625055192527  0.625055192524 
 0.719685673001  0.719685672982 
 0.828642772855  0.828642772708 
 0.95409547635  0.954095474974 
 1.09854114199  1.09854112532 
 1.26485521686  1.26485494926 
 1.4563484775  1.45634259824 
 1.67683293681  1.67665014868 
 1.93069772888  1.9227856598 
 2.22299648253  2.06654654123 
 2.5595479227  2.07423330734 
 2.94705170255  2.07430784506 
 3.3932217719  2.07430828077 
 3.90693993705  2.07430830317 
 4.49843266897  2.0743083787 
 5.17947467923  2.07430830744 
 5.96362331659  2.07430831412 
 6.86648845004  2.07430830397 
 7.90604321091  2.07430831392 
 9.10298177992  2.07430834311 
 10.4811313415  2.07430830381 
 12.0679264064  2.07430832553 
 13.8949549437  2.07430823773 
 15.9985871961  2.07430829352 
 18.4206996933  2.07430830632 
 21.2095088792  2.07430832314 
 24.4205309455  2.07430839797 
 28.1176869797  2.07430831953 
 32.3745754282  2.0743083428 
 37.2759372031  2.07430836826 
 42.9193426013  2.07430832556 
 49.4171336132  2.07430826764 
 56.8986602902  2.07430825245 
 65.512855686  8.33133051317 
 75.4312006335  19.0394605376 
 86.8511373751  30.5160628975 
 100.0  43.3055494979 
0.0372759372031 50 
 0.1  0.1 
 0.115139539933  0.115139539933 
 0.132571136559  0.132571136559 
 0.152641796718  0.152641796718 
 0.175751062485  0.175751062485 
 0.202358964773  0.202358964773 
 0.232995181052  0.232995181052 
 0.268269579528  0.268269579528 
 0.308884359648  0.308884359648 
 0.355648030622  0.355648030622 
 0.409491506238  0.409491506238 
 0.471486636346  0.471486636345 
 0.542867543932  0.542867543931 
 0.625055192527  0.625055192522 
 0.719685673001  0.719685672968 
 0.828642772855  0.828642772607 
 0.95409547635  0.954095474022 
 1.09854114199  1.09854111376 
 1.26485521686  1.26485476315 
 1.4563484775  1.45633849768 
 1.67683293681  1.67652254147 
 1.93069772888  1.9177368627 
 2.22299648253  2.03285378959 
 2.5595479227  2.03744000829 
 2.94705170255  2.03748333001 
 3.3932217719  2.03748357871 
 3.90693993705  2.03748360531 
 4.49843266897  2.0374835953 
 5.17947467923  2.03748360623 
 5.96362331659  2.03748360713 
 6.86648845004  2.03748359205 
 7.90604321091  2.03748363265 
 9.10298177992  2.03748351731 
 10.4811313415  2.03748355256 
 12.0679264064  2.03748361054 
 13.8949549437  2.03748353804 
 15.9985871961  2.03748348173 
 18.4206996933  2.03748360607 
 21.2095088792  2.03748348103 
 24.4205309455  2.03748359724 
 28.1176869797  2.03748363065 
 32.3745754282  2.03748363317 
 37.2759372031  2.03748364937 
 42.9193426013  2.03748364024 
 49.4171336132  2.03748360249 
 56.8986602902  2.03748364917 
 65.512855686  2.03748352777 
 75.4312006335  6.69611977785 
 86.8511373751  17.3259059455 
 100.0  28.899516878 
0.0625055192527 50 
 0.1  0.1 
 0.115139539933  0.115139539933 
 0.132571136559  0.132571136559 
 0.152641796718  0.152641796718 
 0.175751062485  0.175751062485 
 0.202358964773  0.202358964773 
 0.232995181052  0.232995181052 
 0.268269579528  0.268269579528 
 0.308884359648  0.308884359648 
 0.355648030622  0.355648030622 
 0.409491506238  0.409491506238 
 0.471486636346  0.471486636345 
 0.542867543932  0.542867543931 
 0.625055192527  0.625055192518 
 0.719685673001  0.719685672945 
 0.828642772855  0.828642772434 
 0.95409547635  0.954095472388 
 1.09854114199  1.09854109387 
 1.26485521686  1.26485444205 
 1.4563484775  1.45633140207 
 1.67683293681  1.67630157671 
 1.93069772888  1.90975450449 
 2.22299648253  1.99743694621 
 2.5595479227  2.00011616491 
 2.94705170255  2.00014099485 
 3.3932217719  2.00014111365 
 3.90693993705  2.0001411434 
 4.49843266897  2.00014112001 
 5.17947467923  2.00014115498 
 5.96362331659  2.00014116152 
 6.86648845004  2.00014116743 
 7.90604321091  2.00014117248 
 9.10298177992  2.00014117296 
 10.4811313415  2.00014114293 
 12.0679264064  2.00014116065 
 13.8949549437  2.00014114903 
 15.9985871961  2.00014118227 
 18.4206996933  2.00014117612 
 21.2095088792  2.00014112361 
 24.4205309455  2.00014120186 
 28.1176869797  2.00014118284 
 32.3745754282  2.00014117312 
 37.2759372031  2.00014116095 
 42.9193426013  2.0001412029 
 49.4171336132  2.00014120655 
 56.8986602902  2.00014120476 
 65.512855686  2.0001412084 
 75.4312006335  2.00014119609 
 86.8511373751  2.00014120015 
 100.0  8.53666296706 
0.104811313415 50 
 0.1  0.1 
 0.115139539933  0.115139539933 
 0.132571136559  0.132571136559 
 0.152641796718  0.152641796718 
 0.175751062485  0.175751062485 
 0.202358964773  0.202358964773 
 0.232995181052  0.232995181052 
 0.268269579528  0.268269579528 
 0.308884359648  0.308884359648 
 0.355648030622  0.355648030622 
 0.409491506238  0.409491506238 
 0.471486636346  0.471486636345 
 0.542867543932  0.542867543929 
 0.625055192527  0.625055192512 
 0.719685673001  0.719685672905 
 0.828642772855  0.828642772133 
 0.95409547635  0.954095469541 
 1.09854114199  1.0985410591 
 1.26485521686  1.26485387821 
 1.4563484775  1.45631888651 
 1.67683293681  1.6759116328 
 1.93069772888  1.89752381485 
 2.22299648253  1.96037336928 
 2.5595479227  1.96190049793 
 2.94705170255  1.9619144712 
 3.3932217719  1.96191452719 
 3.90693993705  1.96191454111 
 4.49843266897  1.96191453404 
 5.17947467923  1.96191452449 
 5.96362331659  1.96191452304 
 6.86648845004  1.96191455602 
 7.90604321091  1.96191458797 
 9.10298177992  1.9619145884 
 10.4811313415  1.96191452105 
 12.0679264064  1.96191453434 
 13.8949549437  1.96191455279 
 15.9985871961  1.96191452546 
 18.4206996933  1.96191452777 
 21.2095088792  1.96191453018 
 24.4205309455  1.96191457101 
 28.1176869797  1.96191455044 
 32.3745754282  1.96191455668 
 37.2759372031  1.96191456248 
 42.9193426013  1.96191454955 
 49.4171336132  1.96191457692 
 56.8986602902  1.96191454362 
 65.512855686  1.96191455236 
 75.4312006335  1.96191456751 
 86.8511373751  1.96191453195 
 100.0  1.96191454643 
0.175751062485 50 
 0.1  0.1 
 0.115139539933  0.115139539933 
 0.132571136559  0.132571136559 
 0.152641796718  0.152641796718 
 0.175751062485  0.175751062485 
 0.202358964773  0.202358964773 
 0.232995181052  0.232995181052 
 0.268269579528  0.268269579528 
 0.308884359648  0.308884359648 
 0.355648030622  0.355648030622 
 0.409491506238  0.409491506238 
 0.471486636346  0.471486636345 
 0.542867543932  0.542867543928 
 0.625055192527  0.6250551925 
 0.719685673001  0.719685672835 
 0.828642772855  0.828642771601 
 0.95409547635  0.95409546447 
 1.09854114199  1.09854099678 
 1.26485521686  1.26485286132 
 1.4563484775  1.45629616518 
 1.67683293681  1.67520427388 
 1.93069772888  1.87956185611 
 2.22299648253  1.92143864124 
 2.5595479227  1.92228171374 
 2.94705170255  1.92228933601 
 3.3932217719  1.92228934504 
 3.90693993705  1.92228933654 
 4.49843266897  1.92228935349 
 5.17947467923  1.9222893517 
 5.96362331659  1.9222893384 
 6.86648845004  1.92228935986 
 7.90604321091  1.92228935343 
 9.10298177992  1.92228935268 
 10.4811313415  1.9222893475 
 12.0679264064  1.92228934949 
 13.8949549437  1.9222893458 
 15.9985871961  1.92228935434 
 18.4206996933  1.92228934007 
 21.2095088792  1.92228935093 
 24.4205309455  1.9222893458 
 28.1176869797  1.92228935062 
 32.3745754282  1.92228935101 
 37.2759372031  1.92228935297 
 42.9193426013  1.92228934237 
 49.4171336132  1.92228935463 
 56.8986602902  1.92228935091 
 65.512855686  1.92228934549 
 75.4312006335  1.9222893534 
 86.8511373751  1.92228936099 
 100.0  1.9222893625 
0.294705170255 50 
 0.1  0.1 
 0.115139539933  0.115139539933 
 0.132571136559  0.132571136559 
 0.152641796718  0.152641796718 
 0.175751062485  0.175751062485 
 0.202358964773  0.202358964773 
 0.232995181052  0.232995181052 
 0.268269579528  0.268269579528 
 0.308884359648  0.308884359648 
 0.355648030622  0.355648030622 
 0.409491506238  0.409491506238 
 0.471486636346  0.471486636344 
 0.542867543932  0.542867543923 
 0.625055192527  0.62505519248 
 0.719685673001  0.719685672707 
 0.828642772855  0.828642770628 
 0.95409547635  0.954095455129 
 1.09854114199  1.098540881 
 1.26485521686  1.26485095533 
 1.4563484775  1.45625319344 
 1.67683293681  1.67387341236 
 1.93069772888  1.85453406494 
 2.22299648253  1.88016051798 
 2.5595479227  1.88060671884 
 2.94705170255  1.88061072204 
 3.3932217719  1.88061073918 
 3.90693993705  1.88061072227 
 4.49843266897  1.88061071444 
 5.17947467923  1.88061071205 
 5.96362331659  1.88061067548 
 6.86648845004  1.88061067464 
 7.90604321091  1.8806106769 
 9.10298177992  1.88061073855 
 10.4811313415  1.88061074455 
 12.0679264064  1.88061067634 
 13.8949549437  1.88061074603 
 15.9985871961  1.88061073802 
 18.4206996933  1.88061074467 
 21.2095088792  1.88061073774 
 24.4205309455  1.88061073959 
 28.1176869797  1.8806107376 
 32.3745754282  1.88061074734 
 37.2759372031  1.88061071975 
 42.9193426013  1.88061071989 
 49.4171336132  1.88061074307 
 56.8986602902  1.88061071977 
 65.512855686  1.88061073927 
 75.4312006335  1.88061072531 
 86.8511373751  1.88061071961 
 100.0  1.88061068777 
0.494171336132 50 
 0.1  0.1 
 0.115139539933  0.115139539933 
 0.132571136559  0.132571136559 
 0.152641796718  0.152641796718 
 0.175751062485  0.175751062485 
 0.202358964773  0.202358964773 
 0.232995181052  0.232995181052 
 0.268269579528  0.268269579528 
 0.308884359648  0.308884359648 
 0.355648030622  0.355648030622 
 0.409491506238  0.409491506237 
 0.471486636346  0.471486636343 
 0.542867543932  0.542867543927 
 0.625055192527  0.625055192441 
 0.719685673001  0.719685672466 
 0.828642772855  0.82864276877 
 0.95409547635  0.954095437108 
 1.09854114199  1.09854065518 
 1.26485521686  1.26484719473 
 1.4563484775  1.45616747125 
 1.67683293681  1.67126377306 
 1.93069772888  1.82166516443 
 2.22299648253  1.83593854807 
 2.5595479227  1.83616246033 
 2.94705170255  1.83616444667 
 3.3932217719  1.8361644376 
 3.90693993705  1.83616444919 
 4.49843266897  1.83616443458 
 5.17947467923  1.83616443468 
 5.96362331659  1.8361644508 
 6.86648845004  1.83616445597 
 7.90604321091  1.83616445021 
 9.10298177992  1.83616445231 
 10.4811313415  1.83616444805 
 12.0679264064  1.83616444972 
 13.8949549437  1.83616445544 
 15.9985871961  1.8361644374 
 18.4206996933  1.83616444793 
 21.2095088792  1.83616445429 
 24.4205309455  1.83616444611 
 28.1176869797  1.8361644086 
 32.3745754282  1.83616443374 
 37.2759372031  1.83616443357 
 42.9193426013  1.8361644491 
 49.4171336132  1.83616446258 
 56.8986602902  1.83616443365 
 65.512855686  1.83616445975 
 75.4312006335  1.83616443133 
 86.8511373751  1.83616445554 
 100.0  1.83616443545 
0.828642772855 50 
 0.1  0.1 
 0.115139539933  0.115139539933 
 0.132571136559  0.132571136559 
 0.152641796718  0.152641796718 
 0.175751062485  0.175751062485 
 0.202358964773  0.202358964773 
 0.232995181052  0.232995181052 
 0.268269579528  0.268269579528 
 0.308884359648  0.308884359648 
 0.355648030622  0.355648030622 
 0.409491506238  0.409491506238 
 0.471486636346  0.471486636341 
 0.542867543932  0.542867543901 
 0.625055192527  0.625055192365 
 0.719685673001  0.719685671985 
 0.828642772855  0.82864276502 
 0.95409547635  0.954095400263 
 1.09854114199  1.09854018741 
 1.26485521686  1.26483930179 
 1.4563484775  1.45598549114 
 1.67683293681  1.66597289745 
 1.93069772888  1.78102981326 
 2.22299648253  1.78824575489 
 2.5595479227  1.78835141048 
 2.94705170255  1.78835234689 
 3.3932217719  1.78835235059 
 3.90693993705  1.7883523481 
 4.49843266897  1.78835235626 
 5.17947467923  1.78835234316 
 5.96362331659  1.78835235316 
 6.86648845004  1.78835233315 
 7.90604321091  1.7883523489 
 9.10298177992  1.78835235358 
 10.4811313415  1.78835234777 
 12.0679264064  1.7883523514 
 13.8949549437  1.78835234279 
 15.9985871961  1.78835235205 
 18.4206996933  1.78835236068 
 21.2095088792  1.78835235586 
 24.4205309455  1.78835235573 
 28.1176869797  1.78835235725 
 32.3745754282  1.78835235881 
 37.2759372031  1.78835235877 
 42.9193426013  1.78835234293 
 49.4171336132  1.78835235942 
 56.8986602902  1.78835235578 
 65.512855686  1.78835235106 
 75.4312006335  1.78835235581 
 86.8511373751  1.78835234693 
 100.0  1.78835235252 
1.38949549437 50 
 0.1  0.1 
 0.115139539933  0.115139539933 
 0.132571136559  0.132571136559 
 0.152641796718  0.152641796718 
 0.175751062485  0.175751062485 
 0.202358964773  0.202358964772 
 0.232995181052  0.232995181052 
 0.268269579528  0.268269579528 
 0.308884359648  0.308884359648 
 0.355648030622  0.355648030622 
 0.409491506238  0.409491506238 
 0.471486636346  0.471486636336 
 0.542867543932  0.542867543871 
 0.625055192527  0.625055192206 
 0.719685673001  0.719685670964 
 0.828642772855  0.828642756943 
 0.95409547635  0.954095319844 
 1.09854114199  1.09853915258 
 1.26485521686  1.26482160707 
 1.4563484775  1.45557395425 
 1.67683293681  1.65523779533 
 1.93069772888  1.73353248764 
 2.22299648253  1.73686233553 
 2.5595479227  1.73690908957 
 2.94705170255  1.73690950375 
 3.3932217719  1.73690950852 
 3.90693993705  1.73690950626 
 4.49843266897  1.73690952599 
 5.17947467923  1.7369094754 
 5.96362331659  1.73690950914 
 6.86648845004  1.73690951875 
 7.90604321091  1.7369095095 
 9.10298177992  1.73690953149 
 10.4811313415  1.73690951477 
 12.0679264064  1.73690951028 
 13.8949549437  1.7369095126 
 15.9985871961  1.73690950846 
 18.4206996933  1.73690947536 
 21.2095088792  1.73690950785 
 24.4205309455  1.73690951001 
 28.1176869797  1.73690950608 
 32.3745754282  1.73690950906 
 37.2759372031  1.73690950946 
 42.9193426013  1.73690950921 
 49.4171336132  1.73690949927 
 56.8986602902  1.7369095092 
 65.512855686  1.73690951012 
 75.4312006335  1.73690951989 
 86.8511373751  1.73690949908 
 100.0  1.73690950846 
2.32995181052 50 
 0.1  0.1 
 0.115139539933  0.115139539933 
 0.132571136559  0.132571136559 
 0.152641796718  0.152641796718 
 0.175751062485  0.175751062485 
 0.202358964773  0.202358964772 
 0.232995181052  0.232995181051 
 0.268269579528  0.268269579528 
 0.308884359648  0.308884359648 
 0.355648030622  0.355648030623 
 0.409491506238  0.409491506237 
 0.471486636346  0.471486636326 
 0.542867543932  0.542867543805 
 0.625055192527  0.62505519185 
 0.719685673001  0.719685668647 
 0.828642772855  0.82864273833 
 0.95409547635  0.954095132638 
 1.09854114199  1.09853671336 
 1.26485521686  1.26477941489 
 1.4563484775  1.45459195922 
 1.67683293681  1.63480514164 
 1.93069772888  1.68059305129 
 2.22299648253  1.68201406589 
 2.5595479227  1.68203354898 
 2.94705170255  1.68203373964 
 3.3932217719  1.68203374091 
 3.90693993705  1.68203373411 
 4.49843266897  1.68203374048 
 5.17947467923  1.68203373933 
 5.96362331659  1.68203373956 
 6.86648845004  1.6820337396 
 7.90604321091  1.68203374426 
 9.10298177992  1.68203374459 
 10.4811313415  1.68203372614 
 12.0679264064  1.6820337373 
 13.8949549437  1.68203374992 
 15.9985871961  1.68203374959 
 18.4206996933  1.68203373248 
 21.2095088792  1.68203373649 
 24.4205309455  1.68203373472 
 28.1176869797  1.68203373498 
 32.3745754282  1.68203374877 
 37.2759372031  1.68203372747 
 42.9193426013  1.68203374439 
 49.4171336132  1.68203374898 
 56.8986602902  1.68203372623 
 65.512855686  1.68203374993 
 75.4312006335  1.6820337432 
 86.8511373751  1.68203373373 
 100.0  1.68203373708 
3.90693993705 50 
 0.1  0.1 
 0.115139539933  0.115139539933 
 0.132571136559  0.132571136559 
 0.152641796718  0.152641796718 
 0.175751062485  0.175751062485 
 0.202358964773  0.202358964772 
 0.232995181052  0.232995181052 
 0.268269579528  0.268269579528 
 0.308884359648  0.308884359647 
 0.355648030622  0.355648030627 
 0.409491506238  0.409491506231 
 0.471486636346  0.471486636366 
 0.542867543932  0.54286754365 
 0.625055192527  0.625055191002 
 0.719685673001  0.719685663058 
 0.828642772855  0.828642693158 
 0.95409547635  0.954094671567 
 1.09854114199  1.09853064579 
 1.26485521686  1.26467358702 
 1.4563484775  1.45217188277 
 1.67683293681  1.60107220082 
 1.93069772888  1.62375254188 
 2.22299648253  1.62432303588 
 2.5595479227  1.62433077509 
 2.94705170255  1.62433083798 
 3.3932217719  1.62433083808 
 3.90693993705  1.62433084559 
 4.49843266897  1.62433084548 
 5.17947467923  1.62433084686 
 5.96362331659  1.6243308336 
 6.86648845004  1.62433084741 
 7.90604321091  1.6243308475 
 9.10298177992  1.62433084562 
 10.4811313415  1.62433084825 
 12.0679264064  1.6243308456 
 13.8949549437  1.62433084557 
 15.9985871961  1.62433084019 
 18.4206996933  1.62433084495 
 21.2095088792  1.62433084625 
 24.4205309455  1.62433085261 
 28.1176869797  1.62433084271 
 32.3745754282  1.62433082747 
 37.2759372031  1.62433084802 
 42.9193426013  1.6243308387 
 49.4171336132  1.62433085756 
 56.8986602902  1.62433084118 
 65.512855686  1.62433083612 
 75.4312006335  1.62433084963 
 86.8511373751  1.62433084788 
 100.0  1.62433085993 
6.5512855686 50 
 0.1  0.1 
 0.115139539933  0.115139539933 
 0.132571136559  0.132571136559 
 0.152641796718  0.152641796718 
 0.175751062485  0.175751062485 
 0.202358964773  0.202358964772 
 0.232995181052  0.232995181052 
 0.268269579528  0.268269579528 
 0.308884359648  0.30888435965 
 0.355648030622  0.355648030629 
 0.409491506238  0.409491506202 
 0.471486636346  0.471486636201 
 0.542867543932  0.542867543264 
 0.625055192527  0.625055188873 
 0.719685673001  0.719685648929 
 0.828642772855  0.828642577714 
 0.95409547635  0.95409348545 
 1.09854114199  1.09851492655 
 1.26485521686  1.26439842222 
 1.4563484775  1.446241009 
 1.67683293681  1.55464031364 
 1.93069772888  1.5644032943 
 2.22299648253  1.56462260875 
 2.5595479227  1.56462558696 
 2.94705170255  1.56462560231 
 3.3932217719  1.56462560197 
 3.90693993705  1.56462561032 
 4.49843266897  1.56462559994 
 5.17947467923  1.56462560242 
 5.96362331659  1.56462560228 
 6.86648845004  1.56462563211 
 7.90604321091  1.56462560765 
 9.10298177992  1.56462559554 
 10.4811313415  1.56462560696 
 12.0679264064  1.56462560715 
 13.8949549437  1.56462561309 
 15.9985871961  1.56462559935 
 18.4206996933  1.56462559474 
 21.2095088792  1.56462560608 
 24.4205309455  1.56462561249 
 28.1176869797  1.56462560641 
 32.3745754282  1.56462560649 
 37.2759372031  1.56462560264 
 42.9193426013  1.56462562268 
 49.4171336132  1.56462560636 
 56.8986602902  1.56462560954 
 65.512855686  1.56462561531 
 75.4312006335  1.56462561379 
 86.8511373751  1.5646256063 
 100.0  1.56462560156 
10.9854114199 50 
 0.1  0.1 
 0.115139539933  0.115139539933 
 0.132571136559  0.132571136559 
 0.152641796718  0.152641796718 
 0.175751062485  0.175751062485 
 0.202358964773  0.202358964773 
 0.232995181052  0.232995181053 
 0.268269579528  0.268269579527 
 0.308884359648  0.308884359663 
 0.355648030622  0.355648030623 
 0.409491506238  0.409491506149 
 0.471486636346  0.471486635988 
 0.542867543932  0.542867542255 
 0.625055192527  0.625055183326 
 0.719685673001  0.719685611852 
 0.828642772855  0.828642273209 
 0.95409547635  0.954090341627 
 1.09854114199  1.09847309225 
 1.26485521686  1.26366908077 
 1.4563484775  1.43269915308 
 1.67683293681  1.49986119781 
 1.93069772888  1.50370464765 
 2.22299648253  1.50378677432 
 2.5595479227  1.50378788575 
 2.94705170255  1.5037879049 
 3.3932217719  1.50378790893 
 3.90693993705  1.50378790177 
 4.49843266897  1.50378789854 
 5.17947467923  1.50378789815 
 5.96362331659  1.50378790244 
 6.86648845004  1.50378789066 
 7.90604321091  1.50378789836 
 9.10298177992  1.50378789093 
 10.4811313415  1.50378791179 
 12.0679264064  1.50378790891 
 13.8949549437  1.50378789995 
 15.9985871961  1.50378789717 
 18.4206996933  1.50378790453 
 21.2095088792  1.50378789828 
 24.4205309455  1.50378790827 
 28.1176869797  1.50378788462 
 32.3745754282  1.50378790494 
 37.2759372031  1.50378790688 
 42.9193426013  1.50378790241 
 49.4171336132  1.5037879062 
 56.8986602902  1.50378789953 
 65.512855686  1.50378789969 
 75.4312006335  1.50378790826 
 86.8511373751  1.50378790541 
 100.0  1.50378790423 
18.4206996933 50 
 0.1  0.1 
 0.115139539933  0.115139539933 
 0.132571136559  0.132571136559 
 0.152641796718  0.152641796717 
 0.175751062485  0.175751062486 
 0.202358964773  0.202358964775 
 0.232995181052  0.232995181052 
 0.268269579528  0.268269579524 
 0.308884359648  0.308884359672 
 0.355648030622  0.355648030558 
 0.409491506238  0.409491506009 
 0.471486636346  0.471486635415 
 0.542867543932  0.542867539606 
 0.625055192527  0.625055168505 
 0.719685673001  0.719685512438 
 0.828642772855  0.828641454016 
 0.95409547635  0.954081869282 
 1.09854114199  1.09836030674 
 1.26485521686  1.26174212583 
 1.4563484775  1.40644872217 
 1.67683293681  1.44121359616 
 1.93069772888  1.44266595025 
 2.22299648253  1.44269649441 
 2.5595479227  1.44269691905 
 2.94705170255  1.44269692851 
 3.3932217719  1.44269692402 
 3.90693993705  1.44269692475 
 4.49843266897  1.44269692641 
 5.17947467923  1.44269692625 
 5.96362331659  1.44269692803 
 6.86648845004  1.44269692293 
 7.90604321091  1.44269692923 
 9.10298177992  1.44269692063 
 10.4811313415  1.44269691523 
 12.0679264064  1.44269692882 
 13.8949549437  1.44269692374 
 15.9985871961  1.44269691782 
 18.4206996933  1.44269693559 
 21.2095088792  1.44269692529 
 24.4205309455  1.44269692536 
 28.1176869797  1.44269692806 
 32.3745754282  1.4426969257 
 37.2759372031  1.4426969209 
 42.9193426013  1.44269691562 
 49.4171336132  1.4426969245 
 56.8986602902  1.44269692752 
 65.512855686  1.44269693173 
 75.4312006335  1.44269692878 
 86.8511373751  1.44269692089 
 100.0  1.44269692186 
30.8884359648 50 
 0.1  0.1 
 0.115139539933  0.115139539933 
 0.132571136559  0.132571136559 
 0.152641796718  0.152641796718 
 0.175751062485  0.175751062489 
 0.202358964773  0.202358964775 
 0.232995181052  0.232995181049 
 0.268269579528  0.268269579527 
 0.308884359648  0.308884359594 
 0.355648030622  0.355648030453 
 0.409491506238  0.409491505637 
 0.471486636346  0.471486633905 
 0.542867543932  0.54286753244 
 0.625055192527  0.625055128446 
 0.719685673001  0.719685243816 
 0.828642772855  0.828639242706 
 0.95409547635  0.95405901744 
 1.09854114199  1.09805785131 
 1.26485521686  1.25686521147 
 1.4563484775  1.36632689388 
 1.67683293681  1.38184733521 
 1.93069772888  1.38239705257 
 2.22299648253  1.38240868009 
 2.5595479227  1.38240885821 
 2.94705170255  1.38240885995 
 3.3932217719  1.38240886414 
 3.90693993705  1.38240886364 
 4.49843266897  1.38240885451 
 5.17947467923  1.38240884978 
 5.96362331659  1.38240886097 
 6.86648845004  1.3824088622 
 7.90604321091  1.38240886174 
 9.10298177992  1.38240884878 
 10.4811313415  1.38240885977 
 12.0679264064  1.38240887085 
 13.8949549437  1.38240886136 
 15.9985871961  1.38240885297 
 18.4206996933  1.38240886216 
 21.2095088792  1.38240885753 
 24.4205309455  1.38240886297 
 28.1176869797  1.382408858 
 32.3745754282  1.38240886045 
 37.2759372031  1.3824088552 
 42.9193426013  1.38240886149 
 49.4171336132  1.38240886102 
 56.8986602902  1.3824088575 
 65.512855686  1.38240886149 
 75.4312006335  1.38240885303 
 86.8511373751  1.38240886356 
 100.0  1.3824088575 
51.7947467923 50 
 0.1  0.1 
 0.115139539933  0.115139539933 
 0.132571136559  0.132571136559 
 0.152641796718  0.152641796722 
 0.175751062485  0.175751062491 
 0.202358964773  0.202358964773 
 0.232995181052  0.232995181032 
 0.268269579528  0.268269579477 
 0.308884359648  0.308884359503 
 0.355648030622  0.355648030144 
 0.409491506238  0.409491504622 
 0.471486636346  0.471486629607 
 0.542867543932  0.542867513054 
 0.625055192527  0.625055020914 
 0.719685673001  0.719684526311 
 0.828642772855  0.82863337467 
 0.95409547635  0.953998924258 
 1.09854114199  1.09727748137 
 1.26485521686  1.24590697155 
 1.4563484775  1.31778817711 
 1.67683293681  1.32433165219 
 1.93069772888  1.32455143688 
 2.22299648253  1.32455622211 
 2.5595479227  1.32455629534 
 2.94705170255  1.32455629284 
 3.3932217719  1.32455629363 
 3.90693993705  1.32455629568 
 4.49843266897  1.32455629417 
 5.17947467923  1.32455629827 
 5.96362331659  1.32455630165 
 6.86648845004  1.32455629584 
 7.90604321091  1.32455629341 
 9.10298177992  1.32455629345 
 10.4811313415  1.32455629398 
 12.0679264064  1.32455629343 
 13.8949549437  1.32455629946 
 15.9985871961  1.32455629331 
 18.4206996933  1.32455629911 
 21.2095088792  1.32455629444 
 24.4205309455  1.32455629514 
 28.1176869797  1.32455629968 
 32.3745754282  1.3245562935 
 37.2759372031  1.32455629702 
 42.9193426013  1.3245563027 
 49.4171336132  1.3245562982 
 56.8986602902  1.32455629445 
 65.512855686  1.32455629844 
 75.4312006335  1.32455629293 
 86.8511373751  1.32455629549 
 100.0  1.32455629737 
86.8511373751 50 
 0.1  0.1 
 0.115139539933  0.115139539932 
 0.132571136559  0.132571136565 
 0.152641796718  0.152641796726 
 0.175751062485  0.17575106249 
 0.202358964773  0.20235896475 
 0.232995181052  0.232995181049 
 0.268269579528  0.268269579392 
 0.308884359648  0.308884359261 
 0.355648030622  0.35564802927 
 0.409491506238  0.409491501889 
 0.471486636346  0.471486619023 
 0.542867543932  0.542867463014 
 0.625055192527  0.625054743821 
 0.719685673001  0.719682702713 
 0.828642772855  0.828618751562 
 0.95409547635  0.953852625306 
 1.09854114199  1.09546273111 
 1.26485521686  1.22636558708 
 1.4563484775  1.26874169675 
 1.67683293681  1.27166182781 
 1.93069772888  1.27176132966 
 2.22299648253  1.2717635932 
 2.5595479227  1.2717636322 
 2.94705170255  1.27176364158 
 3.3932217719  1.27176364234 
 3.90693993705  1.2717636368 
 4.49843266897  1.2717636336 
 5.17947467923  1.27176363324 
 5.96362331659  1.27176363865 
 6.86648845004  1.27176363294 
 7.90604321091  1.2717636293 
 9.10298177992  1.27176363285 
 10.4811313415  1.27176362678 
 12.0679264064  1.27176363945 
 13.8949549437  1.27176362588 
 15.9985871961  1.2717636389 
 18.4206996933  1.27176363501 
 21.2095088792  1.27176363851 
 24.4205309455  1.27176363295 
 28.1176869797  1.27176363843 
 32.3745754282  1.27176363717 
 37.2759372031  1.27176363873 
 42.9193426013  1.27176363764 
 49.4171336132  1.27176362589 
 56.8986602902  1.27176363831 
 65.512855686  1.27176363419 
 75.4312006335  1.27176362994 
 86.8511373751  1.27176364047 
 100.0  1.2717636387 
145.63484775 50 
 0.1  0.0999999999993 
 0.115139539933  0.115139539939 
 0.132571136559  0.132571136571 
 0.152641796718  0.152641796727 
 0.175751062485  0.175751062458 
 0.202358964773  0.202358964712 
 0.232995181052  0.23299518091 
 0.268269579528  0.268269579174 
 0.308884359648  0.308884358643 
 0.355648030622  0.355648027513 
 0.409491506238  0.409491494928 
 0.471486636346  0.471486592885 
 0.542867543932  0.542867343262 
 0.625055192527  0.625054101909 
 0.719685673001  0.719678626055 
 0.828642772855  0.828587123963 
 0.95409547635  0.953549692766 
 1.09854114199  1.09201126119 
 1.26485521686  1.20086443893 
 1.4563484775  1.22556745173 
 1.67683293681  1.22707244882 
 1.93069772888  1.2271257922 
 2.22299648253  1.22712705532 
 2.5595479227  1.22712707781 
 2.94705170255  1.22712708618 
 3.3932217719  1.22712708867 
 3.90693993705  1.22712708831 
 4.49843266897  1.22712708829 
 5.17947467923  1.22712708152 
 5.96362331659  1.22712708644 
 6.86648845004  1.22712707864 
 7.90604321091  1.22712708865 
 9.10298177992  1.22712707962 
 10.4811313415  1.22712707826 
 12.0679264064  1.22712707962 
 13.8949549437  1.227127079 
 15.9985871961  1.22712707984 
 18.4206996933  1.22712707891 
 21.2095088792  1.22712708626 
 24.4205309455  1.22712708053 
 28.1176869797  1.22712707878 
 32.3745754282  1.22712707895 
 37.2759372031  1.22712708318 
 42.9193426013  1.22712708374 
 49.4171336132  1.22712708045 
 56.8986602902  1.22712708596 
 65.512855686  1.22712709229 
 75.4312006335  1.22712709565 
 86.8511373751  1.22712709686 
 100.0  1.22712709233 
244.205309455 50 
 0.1  0.0999999999979 
 0.115139539933  0.115139539948 
 0.132571136559  0.132571136543 
 0.152641796718  0.152641796685 
 0.175751062485  0.175751062414 
 0.202358964773  0.202358964633 
 0.232995181052  0.232995180788 
 0.268269579528  0.268269578596 
 0.308884359648  0.308884357628 
 0.355648030622  0.355648023951 
 0.409491506238  0.409491481512 
 0.471486636346  0.471486542326 
 0.542867543932  0.542867109086 
 0.625055192527  0.625052878266 
 0.719685673001  0.71967120226 
 0.828642772855  0.828532480025 
 0.95409547635  0.953055342718 
 1.09854114199  1.08699199271 
 1.26485521686  1.17567260139 
 1.4563484775  1.19124790572 
 1.67683293681  1.19215629194 
 1.93069772888  1.19218949621 
 2.22299648253  1.19219029984 
 2.5595479227  1.19219031331 
 2.94705170255  1.19219031414 
 3.3932217719  1.19219033326 
 3.90693993705  1.19219031079 
 4.49843266897  1.19219031461 
 5.17947467923  1.19219032512 
 5.96362331659  1.19219031556 
 6.86648845004  1.19219031491 
 7.90604321091  1.19219031832 
 9.10298177992  1.19219030781 
 10.4811313415  1.19219032256 
 12.0679264064  1.19219031548 
 13.8949549437  1.19219031873 
 15.9985871961  1.19219031592 
 18.4206996933  1.19219031434 
 21.2095088792  1.19219031603 
 24.4205309455  1.1921903287 
 28.1176869797  1.19219031848 
 32.3745754282  1.19219031827 
 37.2759372031  1.19219032019 
 42.9193426013  1.1921903372 
 49.4171336132  1.19219033511 
 56.8986602902  1.19219032216 
 65.512855686  1.19219032398 
 75.4312006335  1.19219032724 
 86.8511373751  1.19219032589 
 100.0  1.19219032673 
409.491506238 50 
 0.1  0.0999999999828 
 0.115139539933  0.115139539914 
 0.132571136559  0.132571136523 
 0.152641796718  0.152641796618 
 0.175751062485  0.175751062325 
 0.202358964773  0.202358964625 
 0.232995181052  0.232995180415 
 0.268269579528  0.268269578162 
 0.308884359648  0.308884355478 
 0.355648030622  0.355648016463 
 0.409491506238  0.409491456826 
 0.471486636346  0.471486448015 
 0.542867543932  0.542866728728 
 0.625055192527  0.625051050727 
 0.719685673001  0.719660613311 
 0.828642772855  0.828458105656 
 0.95409547635  0.952415495305 
 1.09854114199  1.08121707863 
 1.26485521686  1.15440739873 
 1.4563484775  1.16523775512 
 1.67683293681  1.16585718506 
 1.93069772888  1.16588016392 
 2.22299648253  1.16588072952 
 2.5595479227  1.16588074618 
 2.94705170255  1.16588075419 
 3.3932217719  1.16588074557 
 3.90693993705  1.16588075415 
 4.49843266897  1.16588075217 
 5.17947467923  1.16588073753 
 5.96362331659  1.16588075531 
 6.86648845004  1.16588075165 
 7.90604321091  1.1658807545 
 9.10298177992  1.16588075822 
 10.4811313415  1.16588074524 
 12.0679264064  1.16588075008 
 13.8949549437  1.16588075191 
 15.9985871961  1.16588074648 
 18.4206996933  1.16588074492 
 21.2095088792  1.16588074984 
 24.4205309455  1.16588075207 
 28.1176869797  1.16588075293 
 32.3745754282  1.16588075267 
 37.2759372031  1.16588075545 
 42.9193426013  1.16588074893 
 49.4171336132  1.16588076422 
 56.8986602902  1.16588073925 
 65.512855686  1.165880753 
 75.4312006335  1.16588075307 
 86.8511373751  1.16588076196 
 100.0  1.16588076361 
686.648845004 50 
 0.1  0.0999999999834 
 0.115139539933  0.115139539896 
 0.132571136559  0.132571136504 
 0.152641796718  0.152641796578 
 0.175751062485  0.175751062404 
 0.202358964773  0.202358964373 
 0.232995181052  0.23299517956 
 0.268269579528  0.268269577183 
 0.308884359648  0.308884350919 
 0.355648030622  0.355648005231 
 0.409491506238  0.409491426446 
 0.471486636346  0.471486329015 
 0.542867543932  0.542866251243 
 0.625055192527  0.62504881678 
 0.719685673001  0.719648089035 
 0.828642772855  0.828372548259 
 0.95409547635  0.951703613147 
 1.09854114199  1.07542201301 
 1.26485521686  1.13730055207 
 1.4563484775  1.14544403476 
 1.67683293681  1.14590369966 
 1.93069772888  1.14592084758 
 2.22299648253  1.14592127862 
 2.5595479227  1.14592128199 
 2.94705170255  1.14592127966 
 3.3932217719  1.14592128688 
 3.90693993705  1.14592128184 
 4.49843266897  1.14592128165 
 5.17947467923  1.14592127995 
 5.96362331659  1.14592128005 
 6.86648845004  1.14592128821 
 7.90604321091  1.14592128198 
 9.10298177992  1.14592128789 
 10.4811313415  1.14592129099 
 12.0679264064  1.14592129001 
 13.8949549437  1.14592128356 
 15.9985871961  1.14592129631 
 18.4206996933  1.14592128147 
 21.2095088792  1.14592130287 
 24.4205309455  1.1459213058 
 28.1176869797  1.14592131391 
 32.3745754282  1.14592128519 
 37.2759372031  1.14592129205 
 42.9193426013  1.14592128701 
 49.4171336132  1.14592126585 
 56.8986602902  1.14592129148 
 65.512855686  1.14592128585 
 75.4312006335  1.14592130218 
 86.8511373751  25.6559890342 
 100.0  55.8108162125 
1151.39539933 50 
 0.1  0.0999999999633 
 0.115139539933  0.115139539817 
 0.132571136559  0.132571136445 
 0.152641796718  0.152641796445 
 0.175751062485  0.175751062084 
 0.202358964773  0.202358963705 
 0.232995181052  0.232995179013 
 0.268269579528  0.268269574048 
 0.308884359648  0.308884345711 
 0.355648030622  0.3556479912 
 0.409491506238  0.409491382919 
 0.471486636346  0.471486193922 
 0.542867543932  0.542865720974 
 0.625055192527  0.625046394544 
 0.719685673001  0.719634682438 
 0.828642772855  0.82828217131 
 0.95409547635  0.95096719261 
 1.09854114199  1.06993315918 
 1.26485521686  1.12345190578 
 1.4563484775  1.12992597564 
 1.67683293681  1.13028770416 
 1.93069772888  1.13030122638 
 2.22299648253  1.13030155687 
 2.5595479227  1.13030157773 
 2.94705170255  1.13030156828 
 3.3932217719  1.13030156561 
 3.90693993705  1.13030156203 
 4.49843266897  1.13030157933 
 5.17947467923  1.13030157264 
 5.96362331659  1.13030156397 
 6.86648845004  1.13030156723 
 7.90604321091  1.13030155623 
 9.10298177992  1.13030157952 
 10.4811313415  1.13030157354 
 12.0679264064  1.13030156812 
 13.8949549437  1.13030157081 
 15.9985871961  1.13030156201 
 18.4206996933  1.13030156202 
 21.2095088792  1.13030157471 
 24.4205309455  1.13030156639 
 28.1176869797  1.13030155276 
 32.3745754282  1.13030156134 
 37.2759372031  1.13030155424 
 42.9193426013  1.13030159312 
 49.4171336132  1.130301566 
 56.8986602902  1.13030161768 
 65.512855686  13.6379650174 
 75.4312006335  39.7968733717 
 86.8511373751  58.6259184955 
 100.0  76.7714206514 
1930.69772888 50 
 0.1  0.0999999998915 
 0.115139539933  0.115139539751 
 0.132571136559  0.132571136279 
 0.152641796718  0.152641796241 
 0.175751062485  0.175751061581 
 0.202358964773  0.202358963119 
 0.232995181052  0.232995177551 
 0.268269579528  0.268269571691 
 0.308884359648  0.308884340032 
 0.355648030622  0.355647981835 
 0.409491506238  0.409491342977 
 0.471486636346  0.471486053328 
 0.542867543932  0.542865173184 
 0.625055192527  0.625043886384 
 0.719685673001  0.719620933818 
 0.828642772855  0.82819003039 
 0.95409547635  0.950227479179 
 1.09854114199  1.06482822561 
 1.26485521686  1.11198129299 
 1.4563484775  1.11733539879 
 1.67683293681  1.11763222013 
 1.93069772888  1.11764332675 
 2.22299648253  1.1176436056 
 2.5595479227  1.11764362895 
 2.94705170255  1.11764362322 
 3.3932217719  1.1176436285 
 3.90693993705  1.11764360861 
 4.49843266897  1.11764362677 
 5.17947467923  1.11764363112 
 5.96362331659  1.11764361868 
 6.86648845004  1.11764362578 
 7.90604321091  1.11764363121 
 9.10298177992  1.11764362809 
 10.4811313415  1.11764363796 
 12.0679264064  1.11764362972 
 13.8949549437  1.11764363939 
 15.9985871961  1.11764361675 
 18.4206996933  1.11764361529 
 21.2095088792  1.11764363912 
 24.4205309455  1.11764364045 
 28.1176869797  1.11764363297 
 32.3745754282  1.11764361379 
 37.2759372031  1.11764363618 
 42.9193426013  1.1176436502 
 49.4171336132  1.11764366502 
 56.8986602902  28.0848850656 
 65.512855686  42.9326260873 
 75.4312006335  56.9308889225 
 86.8511373751  71.3748500046 
 100.0  86.8978772688 
3237.45754282 50 
 0.1  0.0999999999524 
 0.115139539933  0.115139539923 
 0.132571136559  0.132571136765 
 0.152641796718  0.15264179611 
 0.175751062485  0.175751062687 
 0.202358964773  0.202358962426 
 0.232995181052  0.232995176537 
 0.268269579528  0.268269568536 
 0.308884359648  0.308884335325 
 0.355648030622  0.355647960915 
 0.409491506238  0.409491295932 
 0.471486636346  0.471485906855 
 0.542867543932  0.542864612105 
 0.625055192527  0.625041345523 
 0.719685673001  0.719607044594 
 0.828642772855  0.828097357177 
 0.95409547635  0.949492441705 
 1.09854114199  1.06009334916 
 1.26485521686  1.10224971346 
 1.4563484775  1.1068065738 
 1.67683293681  1.10705761723 
 1.93069772888  1.10706702101 
 2.22299648253  1.10706723627 
 2.5595479227  1.10706724477 
 2.94705170255  1.10706724712 
 3.3932217719  1.10706724824 
 3.90693993705  1.10706724832 
 4.49843266897  1.10706726243 
 5.17947467923  1.10706724157 
 5.96362331659  1.10706726333 
 6.86648845004  1.10706726875 
 7.90604321091  1.10706724078 
 9.10298177992  1.10706729842 
 10.4811313415  1.10706726366 
 12.0679264064  1.10706727359 
 13.8949549437  1.10706726947 
 15.9985871961  1.10706725704 
 18.4206996933  1.10706727066 
 21.2095088792  1.10706727062 
 24.4205309455  1.10706726374 
 28.1176869797  1.10706725298 
 32.3745754282  1.10706730085 
 37.2759372031  1.10706731904 
 42.9193426013  19.5391626797 
 49.4171336132  31.3327679435 
 56.8986602902  42.156080234 
 65.512855686  53.2128145182 
 75.4312006335  65.0348308689 
 86.8511373751  77.9921689154 
 100.0  92.4102502004 
5428.67543932 50 
 0.1  0.100000000005 
 0.115139539933  0.115139540109 
 0.132571136559  0.132571135992 
 0.152641796718  0.152641796725 
 0.175751062485  0.175751061573 
 0.202358964773  0.202358961837 
 0.232995181052  0.23299517481 
 0.268269579528  0.268269566884 
 0.308884359648  0.308884329663 
 0.355648030622  0.355647943624 
 0.409491506238  0.409491255124 
 0.471486636346  0.471485759756 
 0.542867543932  0.54286404917 
 0.625055192527  0.625038802755 
 0.719685673001  0.719593123538 
 0.828642772855  0.828004630625 
 0.95409547635  0.948764887414 
 1.09854114199  1.05569082809 
 1.26485521686  1.09382095627 
 1.4563484775  1.09778353747 
 1.67683293681  1.09800084515 
 1.93069772888  1.09800895898 
 2.22299648253  1.0980091705 
 2.5595479227  1.09800916246 
 2.94705170255  1.09800916244 
 3.3932217719  1.09800917448 
 3.90693993705  1.09800918304 
 4.49843266897  1.09800916973 
 5.17947467923  1.09800916662 
 5.96362331659  1.09800916274 
 6.86648845004  1.098009176 
 7.90604321091  1.09800919211 
 9.10298177992  1.09800917949 
 10.4811313415  1.09800916898 
 12.0679264064  1.09800915166 
 13.8949549437  1.09800916939 
 15.9985871961  1.098009166 
 18.4206996933  1.09800917276 
 21.2095088792  1.09800919496 
 24.4205309455  1.09800921423 
 28.1176869797  1.098009181 
 32.3745754282  13.3142422142 
 37.2759372031  22.773564759 
 42.9193426013  31.1640865686 
 49.4171336132  39.6380722479 
 56.8986602902  48.6474683137 
 65.512855686  58.4897331193 
 75.4312006335  69.4188541673 
 86.8511373751  81.6837111772 
 100.0  95.5463572004 
9102.98177992 50 
 0.1  0.10000000019 
 0.115139539933  0.115139539502 
 0.132571136559  0.132571135709 
 0.152641796718  0.152641796725 
 0.175751062485  0.175751060369 
 0.202358964773  0.202358960976 
 0.232995181052  0.232995176192 
 0.268269579528  0.268269564648 
 0.308884359648  0.308884324289 
 0.355648030622  0.355647930544 
 0.409491506238  0.409491205687 
 0.471486636346  0.471485615585 
 0.542867543932  0.54286348845 
 0.625055192527  0.625036239061 
 0.719685673001  0.719579195825 
 0.828642772855  0.827911905679 
 0.95409547635  0.948045591619 
 1.09854114199  1.05158132307 
 1.26485521686  1.08639611031 
 1.4563484775  1.08989960226 
 1.67683293681  1.0900910002 
 1.93069772888  1.09009818342 
 2.22299648253  1.09009833938 
 2.5595479227  1.09009836033 
 2.94705170255  1.09009835675 
 3.3932217719  1.09009834386 
 3.90693993705  1.09009835078 
 4.49843266897  1.0900983477 
 5.17947467923  1.09009833974 
 5.96362331659  1.09009834147 
 6.86648845004  1.09009833843 
 7.90604321091  1.09009834293 
 9.10298177992  1.09009833096 
 10.4811313415  1.09009836449 
 12.0679264064  1.09009833573 
 13.8949549437  1.0900983657 
 15.9985871961  1.09009836581 
 18.4206996933  1.09009836845 
 21.2095088792  1.09009841782 
 24.4205309455  8.77722270359 
 28.1176869797  16.4702012012 
 32.3745754282  22.994966105 
 37.2759372031  29.4982260236 
 42.9193426013  36.3691577625 
 49.4171336132  43.8485511908 
 56.8986602902  52.1353735754 
 65.512855686  61.4212635379 
 75.4312006335  71.9061993746 
 86.8511373751  83.8078393634 
 100.0  97.3685396937 
15264.1796718 50 
 0.1  0.0999999997338 
 0.115139539933  0.115139539198 
 0.132571136559  0.132571136529 
 0.152641796718  0.15264179689 
 0.175751062485  0.175751061629 
 0.202358964773  0.202358961997 
 0.232995181052  0.232995174512 
 0.268269579528  0.268269561833 
 0.308884359648  0.308884314459 
 0.355648030622  0.355647918668 
 0.409491506238  0.409491165895 
 0.471486636346  0.471485465032 
 0.542867543932  0.542862929802 
 0.625055192527  0.625033700969 
 0.719685673001  0.719565259804 
 0.828642772855  0.827819333128 
 0.95409547635  0.947334709018 
 1.09854114199  1.04772982282 
 1.26485521686  1.07976543625 
 1.4563484775  1.08290402677 
 1.67683293681  1.08307497419 
 1.93069772888  1.08308135591 
 2.22299648253  1.08308151515 
 2.5595479227  1.08308152959 
 2.94705170255  1.08308152373 
 3.3932217719  1.08308152204 
 3.90693993705  1.08308151906 
 4.49843266897  1.08308151242 
 5.17947467923  1.08308151888 
 5.96362331659  1.08308150911 
 6.86648845004  1.08308153519 
 7.90604321091  1.08308154169 
 9.10298177992  1.08308153077 
 10.4811313415  1.08308154085 
 12.0679264064  1.08308152549 
 13.8949549437  1.0830815429 
 15.9985871961  1.08308156428 
 18.4206996933  5.44345800461 
 21.2095088792  11.8380538231 
 24.4205309455  16.9307990844 
 28.1176869797  21.9291906077 
 32.3745754282  27.1734204477 
 37.2759372031  32.8599210863 
 42.9193426013  39.145199769 
 49.4171336132  46.1771365527 
 56.8986602902  54.1085097727 
 65.512855686  63.1047243038 
 75.4312006335  73.3494163197 
 86.8511373751  85.049338459 
 100.0  98.4391644372 
25595.479227 50 
 0.1  0.0999999999149 
 0.115139539933  0.115139539907 
 0.132571136559  0.132571136637 
 0.152641796718  0.152641795485 
 0.175751062485  0.175751059126 
 0.202358964773  0.202358963495 
 0.232995181052  0.232995172844 
 0.268269579528  0.268269559214 
 0.308884359648  0.308884308026 
 0.355648030622  0.355647899382 
 0.409491506238  0.409491122274 
 0.471486636346  0.471485316311 
 0.542867543932  0.542862368163 
 0.625055192527  0.62503114664 
 0.719685673001  0.719551314229 
 0.828642772855  0.827726909155 
 0.95409547635  0.946632175054 
 1.09854114199  1.04410652667 
 1.26485521686  1.07377751496 
 1.4563484775  1.0766193078 
 1.67683293681  1.07677369729 
 1.93069772888  1.07677946682 
 2.22299648253  1.07677960613 
 2.5595479227  1.07677962073 
 2.94705170255  1.07677961704 
 3.3932217719  1.07677963615 
 3.90693993705  1.07677960472 
 4.49843266897  1.07677959386 
 5.17947467923  1.07677960836 
 5.96362331659  1.07677960261 
 6.86648845004  1.0767796044 
 7.90604321091  1.07677962587 
 9.10298177992  1.07677962871 
 10.4811313415  1.07677966662 
 12.0679264064  1.07677967481 
 13.8949549437  2.89719909175 
 15.9985871961  8.4419470518 
 18.4206996933  12.4349612911 
 21.2095088792  16.2832919708 
 24.4205309455  20.2894518375 
 28.1176869797  24.6150690678 
 32.3745754282  29.3838158245 
 37.2759372031  34.7100775546 
 42.9193426013  40.7107197813 
 49.4171336132  47.5115224293 
 56.8986602902  55.2516814419 
 65.512855686  64.0876294726 
 75.4312006335  74.1967341444 
 86.8511373751  85.7811682083 
 100.0  99.0721366032 
42919.3426013 50 
 0.1  0.0999999999859 
 0.115139539933  0.115139539994 
 0.132571136559  0.13257113439 
 0.152641796718  0.152641795161 
 0.175751062485  0.17575105854 
 0.202358964773  0.202358958972 
 0.232995181052  0.232995169775 
 0.268269579528  0.26826955645 
 0.308884359648  0.308884306315 
 0.355648030622  0.355647883662 
 0.409491506238  0.409491074994 
 0.471486636346  0.471485168921 
 0.542867543932  0.542861799154 
 0.625055192527  0.625028590434 
 0.719685673001  0.719537395306 
 0.828642772855  0.827634621995 
 0.95409547635  0.94593779026 
 1.09854114199  1.04068621986 
 1.26485521686  1.06831999152 
 1.4563484775  1.07091577235 
 1.67683293681  1.07105648226 
 1.93069772888  1.07106173514 
 2.22299648253  1.07106185602 
 2.5595479227  1.07106187046 
 2.94705170255  1.07106186747 
 3.3932217719  1.07106186891 
 3.90693993705  1.07106187543 
 4.49843266897  1.07106187303 
 5.17947467923  1.07106186829 
 5.96362331659  1.07106187922 
 6.86648845004  1.07106188095 
 7.90604321091  1.07106187719 
 9.10298177992  1.07106192585 
 10.4811313415  1.07106197678 
 12.0679264064  5.95815394537 
 13.8949549437  9.10657929812 
 15.9985871961  12.0752520509 
 18.4206996933  15.1385867852 
 21.2095088792  18.4308465003 
 24.4205309455  22.0502542131 
 28.1176869797  26.0855227138 
 32.3745754282  30.6261700376 
 37.2759372031  35.7679157257 
 42.9193426013  41.6163133702 
 49.4171336132  48.2897509252 
 56.8986602902  55.9223028815 
 65.512855686  64.6666855174 
 75.4312006335  74.6974670666 
 86.8511373751  86.2146465122 
 100.0  99.4476993867 
71968.5673001 50 
 0.1  0.10000000006 
 0.115139539933  0.115139539666 
 0.132571136559  0.132571136717 
 0.152641796718  0.152641796731 
 0.175751062485  0.175751058214 
 0.202358964773  0.202358957423 
 0.232995181052  0.232995168332 
 0.268269579528  0.268269554393 
 0.308884359648  0.308884296811 
 0.355648030622  0.355647873918 
 0.409491506238  0.409491030441 
 0.471486636346  0.471485028377 
 0.542867543932  0.542861241961 
 0.625055192527  0.625026034371 
 0.719685673001  0.719523458258 
 0.828642772855  0.827542452085 
 0.95409547635  0.945251393134 
 1.09854114199  1.03744756862 
 1.26485521686  1.06330732647 
 1.4563484775  1.06569589461 
 1.67683293681  1.06582518527 
 1.93069772888  1.06583000306 
 2.22299648253  1.0658301243 
 2.5595479227  1.06583011821 
 2.94705170255  1.06583012419 
 3.3932217719  1.06583013057 
 3.90693993705  1.06583013826 
 4.49843266897  1.06583013519 
 5.17947467923  1.0658301514 
 5.96362331659  1.06583015999 
 6.86648845004  1.06583016944 
 7.90604321091  1.06583022553 
 9.10298177992  4.14591019159 
 10.4811313415  6.64637991419 
 12.0679264064  8.94161910869 
 13.8949549437  11.2865237256 
 15.9985871961  13.7938097813 
 18.4206996933  16.5419286248 
 21.2095088792  19.599885743 
 24.4205309455  23.0363577258 
 28.1176869797  26.9242471298 
 32.3745754282  31.3436327274 
 37.2759372031  36.3841335728 
 42.9193426013  42.1471140735 
 49.4171336132  48.7479433579 
 56.8986602902  56.3184349178 
 65.512855686  65.0095574022 
 75.4312006335  74.9944936876 
 86.8511373751  86.4721221828 
 100.0  99.6709971355 
120679.264064 50 
 0.1  0.099999998818 
 0.115139539933  0.115139540041 
 0.132571136559  0.132571136469 
 0.152641796718  0.152641796814 
 0.175751062485  0.175751059095 
 0.202358964773  0.202358956331 
 0.232995181052  0.232995167279 
 0.268269579528  0.268269551229 
 0.308884359648  0.308884293827 
 0.355648030622  0.355647853295 
 0.409491506238  0.409490977646 
 0.471486636346  0.471484880073 
 0.542867543932  0.542860676632 
 0.625055192527  0.625023492858 
 0.719685673001  0.71950953065 
 0.828642772855  0.827450466464 
 0.95409547635  0.944572825945 
 1.09854114199  1.03437239338 
 1.26485521686  1.05867306307 
 1.4563484775  1.06088482489 
 1.67683293681  1.06100433128 
 1.93069772888  1.06100880568 
 2.22299648253  1.06100894224 
 2.5595479227  1.06100893267 
 2.94705170255  1.06100892708 
 3.3932217719  1.06100893969 
 3.90693993705  1.06100891819 
 4.49843266897  1.0610089525 
 5.17947467923  1.06100893776 
 5.96362331659  1.06100902331 
 6.86648845004  2.82596875813 
 7.90604321091  4.83109383179 
 9.10298177992  6.61030445642 
 10.4811313415  8.40740456835 
 12.0679264064  10.3181402415 
 13.8949549437  12.4055634557 
 15.9985871961  14.7235271387 
 18.4206996933  17.3248085226 
 21.2095088792  20.264982918 
 24.4205309455  23.604832829 
 28.1176869797  27.4122185495 
 32.3745754282  31.7637875518 
 37.2759372031  36.7467041622 
 42.9193426013  42.460505043 
 49.4171336132  49.0191533326 
 56.8986602902  56.5533522696 
 65.512855686  65.2131750983 
 75.4312006335  75.1710704609 
 86.8511373751  86.6253066075 
 100.0  99.8039256456 
202358.964773 50 
 0.1  0.100000000092 
 0.115139539933  0.115139539867 
 0.132571136559  0.13257113658 
 0.152641796718  0.152641794617 
 0.175751062485  0.175751057667 
 0.202358964773  0.202358955733 
 0.232995181052  0.232995165515 
 0.268269579528  0.268269549159 
 0.308884359648  0.308884285531 
 0.355648030622  0.355647840173 
 0.409491506238  0.409490940137 
 0.471486636346  0.471484729604 
 0.542867543932  0.542860121338 
 0.625055192527  0.625020938319 
 0.719685673001  0.71949561588 
 0.828642772855  0.827358608501 
 0.95409547635  0.943901915893 
 1.09854114199  1.03144509669 
 1.26485521686  1.05436453853 
 1.4563484775  1.05642363425 
 1.67683293681  1.0565347688 
 1.93069772888  1.05653893076 
 2.22299648253  1.05653900788 
 2.5595479227  1.05653905354 
 2.94705170255  1.05653904072 
 3.3932217719  1.0565390337 
 3.90693993705  1.05653904622 
 4.49843266897  1.05653908517 
 5.17947467923  1.86417932887 
 5.96362331659  3.4942750558 
 6.86648845004  4.87771269482 
 7.90604321091  6.25681311303 
 9.10298177992  7.71398265424 
 10.4811313415  9.30024803602 
 12.0679264064  11.0577904721 
 13.8949549437  13.0272460896 
 15.9985871961  15.2510237675 
 18.4206996933  17.7752845402 
 21.2095088792  20.65142888 
 24.4205309455  23.9374248831 
 28.1176869797  27.6991347657 
 32.3745754282  32.0117272078 
 37.2759372031  36.9612346285 
 42.9193426013  42.6463033752 
 49.4171336132  49.1801808111 
 56.8986602902  56.6929847581 
 65.512855686  65.3343029347 
 75.4312006335  75.2761770004 
 86.8511373751  86.7165312059 
 100.0  99.8831149747 
339322.17719 50 
 0.1  0.0999999999613 
 0.115139539933  0.115139539938 
 0.132571136559  0.132571137027 
 0.152641796718  0.15264179603 
 0.175751062485  0.175751056827 
 0.202358964773  0.202358954916 
 0.232995181052  0.232995164774 
 0.268269579528  0.268269545499 
 0.308884359648  0.308884281713 
 0.355648030622  0.355647823595 
 0.409491506238  0.409490893481 
 0.471486636346  0.471484575981 
 0.542867543932  0.542859546044 
 0.625055192527  0.625018377589 
 0.719685673001  0.719481694298 
 0.828642772855  0.827266894639 
 0.95409547635  0.943238479959 
 1.09854114199  1.0286522125 
 1.26485521686  1.05033936021 
 1.4563484775  1.05226529344 
 1.67683293681  1.0523691242 
 1.93069772888  1.05237300023 
 2.22299648253  1.0523731362 
 2.5595479227  1.05237310937 
 2.94705170255  1.05237313928 
 3.3932217719  1.05237313419 
 3.90693993705  1.052373137 
 4.49843266897  2.51193451995 
 5.17947467923  3.59157795914 
 5.96362331659  4.65148146654 
 6.86648845004  5.76362589928 
 7.90604321091  6.96962244831 
 9.10298177992  8.3026443237 
 10.4811313415  9.7940456368 
 12.0679264064  11.4762240441 
 13.8949549437  13.384257528 
 15.9985871961  15.557092229 
 18.4206996933  18.0385778132 
 21.2095088792  20.8784864083 
 24.4205309455  24.1335886292 
 28.1176869797  27.8688347768 
 32.3745754282  32.1586791619 
 37.2759372031  37.0885818359 
 42.9193426013  42.7567221455 
 49.4171336132  49.275961037 
 56.8986602902  56.7760928298 
 65.512855686  65.4064322212 
 75.4312006335  75.3387887752 
 86.8511373751  86.7708884619 
 100.0  99.9303106293 
568986.602902 50 
 0.1  0.100000000012 
 0.115139539933  0.115139540251 
 0.132571136559  0.13257113597 
 0.152641796718  0.152641796672 
 0.175751062485  0.175751056977 
 0.202358964773  0.202358954943 
 0.232995181052  0.232995163068 
 0.268269579528  0.268269543739 
 0.308884359648  0.308884275497 
 0.355648030622  0.355647807062 
 0.409491506238  0.40949084959 
 0.471486636346  0.471484438544 
 0.542867543932  0.54285901347 
 0.625055192527  0.625015828919 
 0.719685673001  0.71946777305 
 0.828642772855  0.827175335178 
 0.95409547635  0.942582331586 
 1.09854114199  1.02598206191 
 1.26485521686  1.04656272915 
 1.4563484775  1.04837159613 
 1.67683293681  1.04846902402 
 1.93069772888  1.04847269086 
 2.22299648253  1.0484727598 
 2.5595479227  1.04847278711 
 2.94705170255  1.04847284281 
 3.3932217719  1.79177323883 
 3.90693993705  2.63808575319 
 4.49843266897  3.45404118775 
 5.17947467923  4.30358596934 
 5.96362331659  5.22094004982 
 6.86648845004  6.23230958134 
 7.90604321091  7.36194350759 
 9.10298177992  8.6346219103 
 10.4811313415  10.0770183945 
 12.0679264064  11.71865328 
 13.8949549437  13.5927035567 
 15.9985871961  15.7367869378 
 18.4206996933  18.1937825046 
 21.2095088792  21.0127271541 
 24.4205309455  24.2498179961 
 28.1176869797  27.9695473771 
 32.3745754282  32.2459970039 
 37.2759372031  37.1643192025 
 42.9193426013  42.8224362154 
 49.4171336132  49.3329922303 
 56.8986602902  56.825597494 
 65.512855686  65.4494095698 
 75.4312006335  75.376103318 
 86.8511373751  86.8032888757 
 100.0  99.9584457346 
954095.47635 50 
 0.1  0.100000000333 
 0.115139539933  0.115139539543 
 0.132571136559  0.13257113562 
 0.152641796718  0.152641796742 
 0.175751062485  0.175751055882 
 0.202358964773  0.202358953146 
 0.232995181052  0.232995161767 
 0.268269579528  0.268269541229 
 0.308884359648  0.3088842702 
 0.355648030622  0.355647791956 
 0.409491506238  0.409490802388 
 0.471486636346  0.471484292028 
 0.542867543932  0.542858419052 
 0.625055192527  0.625013274236 
 0.719685673001  0.719453870702 
 0.828642772855  0.827083911882 
 0.95409547635  0.94193337442 
 1.09854114199  1.02342431201 
 1.26485521686  1.04300598343 
 1.4563484775  1.04471113886 
 1.67683293681  1.04480289432 
 1.93069772888  1.04480635688 
 2.22299648253  1.04480647903 
 2.5595479227  1.24179614466 
 2.94705170255  1.93221289825 
 3.3932217719  2.56156724773 
 3.90693993705  3.21113071684 
 4.49843266897  3.90930822813 
 5.17947467923  4.67690482641 
 5.96362331659  5.5327230412 
 6.86648845004  6.49574220961 
 7.90604321091  7.5862597887 
 9.10298177992  8.8266606436 
 10.4811313415  10.2420525452 
 12.0679264064  11.8608708804 
 13.8949549437  13.7155052124 
 15.9985871961  15.8429800309 
 18.4206996933  18.2857137265 
 21.2095088792  21.092376621 
 24.4205309455  24.3188683994 
 28.1176869797  28.029436332 
 32.3745754282  32.2979577077 
 37.2759372031  37.2094127301 
 42.9193426013  42.8615776534 
 49.4171336132  49.3669721232 
 56.8986602902  56.8550996918 
 65.512855686  65.4750262124 
 75.4312006335  75.3983475172 
 86.8511373751  86.8226055071 
 100.0  99.9752206805 
1599858.71961 50 
 0.1  0.0999999997709 
 0.115139539933  0.115139539809 
 0.132571136559  0.132571136538 
 0.152641796718  0.152641796943 
 0.175751062485  0.175751055762 
 0.202358964773  0.202358952082 
 0.232995181052  0.232995160558 
 0.268269579528  0.268269538465 
 0.308884359648  0.308884263456 
 0.355648030622  0.355647780297 
 0.409491506238  0.409490769479 
 0.471486636346  0.47148414568 
 0.542867543932  0.542857847634 
 0.625055192527  0.625010728921 
 0.719685673001  0.719439961964 
 0.828642772855  0.826992640022 
 0.95409547635  0.941291385279 
 1.09854114199  1.02096999665 
 1.26485521686  1.03964518684 
 1.4563484775  1.04125776761 
 1.67683293681  1.0413445012 
 1.93069772888  1.04134779974 
 2.22299648253  1.40852059096 
 2.5595479227  1.8969720187 
 2.94705170255  2.39414688164 
 3.3932217719  2.9258280409 
 3.90693993705  3.50862438655 
 4.49843266897  4.15715710451 
 5.17947467923  4.8859843923 
 5.96362331659  5.71056406351 
 6.86648845004  6.64787767947 
 7.90604321091  7.7169311546 
 9.10298177992  8.93922215429 
 10.4811313415  10.3392190473 
 12.0679264064  11.944878221 
 13.8949549437  13.7882189477 
 15.9985871961  15.9059721465 
 18.4206996933  18.3403187141 
 21.2095088792  21.1397337234 
 24.4205309455  24.3599542959 
 28.1176869797  28.0650910171 
 32.3745754282  32.3289053597 
 37.2759372031  37.2362788177 
 42.9193426013  42.8849031272 
 49.4171336132  49.3872253223 
 56.8986602902  56.8726864057 
 65.512855686  65.490298243 
 75.4312006335  75.4116099955 
 86.8511373751  86.8341231724 
 100.0  99.9852232865 
2682695.79528 50 
 0.1  0.0999999999246 
 0.115139539933  0.115139539914 
 0.132571136559  0.132571136677 
 0.152641796718  0.152641792927 
 0.175751062485  0.17575105459 
 0.202358964773  0.202358951564 
 0.232995181052  0.232995158939 
 0.268269579528  0.268269535877 
 0.308884359648  0.308884253796 
 0.355648030622  0.355647760107 
 0.409491506238  0.409490719482 
 0.471486636346  0.471483992959 
 0.542867543932  0.54285729419 
 0.625055192527  0.625008175147 
 0.719685673001  0.719426054623 
 0.828642772855  0.826901519236 
 0.95409547635  0.940656260216 
 1.09854114199  1.01861113524 
 1.26485521686  1.03646001582 
 1.4563484775  1.03798942964 
 1.67683293681  1.03807168913 
 1.93069772888  1.40033345831 
 2.22299648253  1.78351407134 
 2.5595479227  2.18866920042 
 2.94705170255  2.63133069519 
 3.3932217719  3.1229116041 
 3.90693993705  3.6745972488 
 4.49843266897  4.29817001383 
 5.17947467923  5.00651853702 
 5.96362331659  5.81403373922 
 6.86648845004  6.73697084931 
 7.90604321091  7.79381608735 
 9.10298177992  9.00568004931 
 10.4811313415  10.3967332995 
 12.0679264064  11.9946970105 
 13.8949549437  13.8314007402 
 15.9985871961  15.943419816 
 18.4206996933  18.3728058286 
 21.2095088792  21.1679252844 
 24.4205309455  24.3844234247 
 28.1176869797  28.0863325829 
 32.3745754282  32.3473472802 
 37.2759372031  37.2522915174 
 42.9193426013  42.898807524 
 49.4171336132  49.3992996144 
 56.8986602902  56.8831718716 
 65.512855686  65.4994042119 
 75.4312006335  75.4195181275 
 86.8511373751  86.8409911468 
 100.0  99.9911879876 
4498432.66897 50 
 0.1  0.099999999995 
 0.115139539933  0.115139540016 
 0.132571136559  0.132571133474 
 0.152641796718  0.152641792726 
 0.175751062485  0.175751054549 
 0.202358964773  0.202358950288 
 0.232995181052  0.232995159936 
 0.268269579528  0.268269533129 
 0.308884359648  0.308884252373 
 0.355648030622  0.355647745628 
 0.409491506238  0.409490674018 
 0.471486636346  0.471483846019 
 0.542867543932  0.542856731898 
 0.625055192527  0.6250056263 
 0.719685673001  0.719412151873 
 0.828642772855  0.826810531428 
 0.95409547635  0.940027828862 
 1.09854114199  1.01634058816 
 1.26485521686  1.03343310201 
 1.4563484775  1.03488752015 
 1.67683293681  1.32023571365 
 1.93069772888  1.6362942781 
 2.22299648253  1.97271782763 
 2.5595479227  2.34543353586 
 2.94705170255  2.76311007188 
 3.3932217719  3.23473726808 
 3.90693993705  3.77010243676 
 4.49843266897  4.38010526116 
 5.17947467923  5.07703910034 
 5.96362331659  5.87487204566 
 6.86648845004  6.78954632704 
 7.90604321091  7.8393085121 
 9.10298177992  9.04508064984 
 10.4811313415  10.4308817049 
 12.0679264064  12.0243088235 
 13.8949549437  13.8570886893 
 15.9985871961  15.9657103898 
 18.4206996933  18.3921526058 
 21.2095088792  21.1847198131 
 24.4205309455  24.3990042111 
 28.1176869797  28.0989926093 
 32.3745754282  32.3583403439 
 37.2759372031  37.2618376127 
 42.9193426013  42.9070974375 
 49.4171336132  49.406498863 
 56.8986602902  56.8894240883 
 65.512855686  65.504834066 
 75.4312006335  75.4242338448 
 86.8511373751  86.8450866894 
 100.0  99.9947449412 
7543120.06335 50 
 0.1  0.100000000078 
 0.115139539933  0.115139538215 
 0.132571136559  0.132571137391 
 0.152641796718  0.152641796759 
 0.175751062485  0.175751053337 
 0.202358964773  0.202358949682 
 0.232995181052  0.232995157451 
 0.268269579528  0.268269530211 
 0.308884359648  0.308884244375 
 0.355648030622  0.355647733852 
 0.409491506238  0.409490625535 
 0.471486636346  0.471483703409 
 0.542867543932  0.542856186586 
 0.625055192527  0.625003076917 
 0.719685673001  0.719398256575 
 0.828642772855  0.826719682778 
 0.95409547635  0.939405980656 
 1.09854114199  1.0141520979 
 1.26485521686  1.03054964648 
 1.4563484775  1.16014109665 
 1.67683293681  1.47786989668 
 1.93069772888  1.76108034737 
 2.22299648253  2.07736907165 
 2.5595479227  2.43412438124 
 2.94705170255  2.83878978776 
 3.3932217719  3.29962338958 
 3.90693993705  3.82592402122 
 4.49843266897  4.428247077 
 5.17947467923  5.11863260883 
 5.96362331659  5.91085574386 
 6.86648845004  6.82070750516 
 7.90604321091  7.86631327557 
 9.10298177992  9.06849621351 
 10.4811313415  10.4511934249 
 12.0679264064  12.041933535 
 13.8949549437  13.8723853749 
 15.9985871961  15.9789888478 
 18.4206996933  18.4036806147 
 21.2095088792  21.1947291032 
 24.4205309455  24.407695497 
 28.1176869797  28.1065398579 
 32.3745754282  32.3648944156 
 37.2759372031  37.2675293806 
 42.9193426013  42.9120404675 
 49.4171336132  49.4107917243 
 56.8986602902  56.8931523478 
 65.512855686  65.5080720122 
 75.4312006335  75.4270459806 
 86.8511373751  86.8475290248 
 100.0  99.9968661141 
12648552.1686 50 
 0.1  0.0999999992161 
 0.115139539933  0.115139540038 
 0.132571136559  0.132571136498 
 0.152641796718  0.152641796852 
 0.175751062485  0.175751053356 
 0.202358964773  0.202358948768 
 0.232995181052  0.232995157778 
 0.268269579528  0.268269527311 
 0.308884359648  0.308884236577 
 0.355648030622  0.355647713821 
 0.409491506238  0.409490568366 
 0.471486636346  0.471483559296 
 0.542867543932  0.542855602197 
 0.625055192527  0.625000523148 
 0.719685673001  0.719384364129 
 0.828642772855  0.826628980631 
 0.95409547635  0.938790577835 
 1.09854114199  1.01203993185 
 1.26485521686  1.02779674229 
 1.4563484775  1.3172115203 
 1.67683293681  1.56143829188 
 1.93069772888  1.8314367604 
 2.22299648253  2.13734334638 
 2.5595479227  2.48551135908 
 2.94705170255  2.88297741715 
 3.3932217719  3.33771897833 
 3.90693993705  3.85882972669 
 4.49843266897  4.45670960587 
 5.17947467923  5.14327735542 
 5.96362331659  5.93221119963 
 6.86648845004  6.83922329334 
 7.90604321091  7.88237387076 
 9.10298177992  9.08243164404 
 10.4811313415  10.463287804 
 12.0679264064  12.0524319829 
 13.8949549437  13.881499719 
 15.9985871961  15.9869023708 
 18.4206996933  18.4105520493 
 21.2095088792  21.2006960176 
 24.4205309455  24.4128771796 
 28.1176869797  28.1110397881 
 32.3745754282  32.3688023854 
 37.2759372031  37.2709233228 
 42.9193426013  42.9149880333 
 49.4171336132  49.4133516475 
 56.8986602902  56.895375625 
 65.512855686  65.5100029252 
 75.4312006335  75.4287229826 
 86.8511373751  86.848985509 
 100.0  99.9981310803 
21209508.8792 50 
 0.1  0.100000000348 
 0.115139539933  0.11513953988 
 0.132571136559  0.132571136653 
 0.152641796718  0.152641790242 
 0.175751062485  0.175751053126 
 0.202358964773  0.202358950047 
 0.232995181052  0.232995153393 
 0.268269579528  0.268269525262 
 0.308884359648  0.30888423487 
 0.355648030622  0.355647698499 
 0.409491506238  0.409490532824 
 0.471486636346  0.471483411719 
 0.542867543932  0.542855063893 
 0.625055192527  0.624997966197 
 0.719685673001  0.719370466364 
 0.828642772855  0.826538415322 
 0.95409547635  0.93818143452 
 1.09854114199  1.00999901764 
 1.26485521686  1.02516320375 
 1.4563484775  1.37674066821 
 1.67683293681  1.60904332285 
 1.93069772888  1.87213562625 
 2.22299648253  2.17232235775 
 2.5595479227  2.51565738247 
 2.94705170255  2.90900997457 
 3.3932217719  3.36023227946 
 3.90693993705  3.87832061682 
 4.49843266897  4.47359742196 
 5.17947467923  5.1579185222 
 5.96362331659  5.94491028393 
 6.86648845004  6.85024159543 
 7.90604321091  7.89193625026 
 9.10298177992  9.09073204299 
 10.4811313415  10.4704937871 
 12.0679264064  12.0586885117 
 13.8949549437  13.8869323234 
 15.9985871961  15.9916198339 
 18.4206996933  18.4146486936 
 21.2095088792  21.2042536613 
 24.4205309455  24.4159668166 
 28.1176869797  28.1137230342 
 32.3745754282  32.3711327269 
 37.2759372031  37.2729471949 
 42.9193426013  42.9167457541 
 49.4171336132  49.4148782262 
 56.8986602902  56.8967014624 
 65.512855686  65.5111544218 
 75.4312006335  75.4297230656 
 86.8511373751  86.8498540896 
 100.0  99.9988854509 
35564803.0622 50 
 0.1  0.0999999999358 
 0.115139539933  0.115139539978 
 0.132571136559  0.132571136989 
 0.152641796718  0.152641795829 
 0.175751062485  0.175751054033 
 0.202358964773  0.202358947367 
 0.232995181052  0.232995152114 
 0.268269579528  0.268269521554 
 0.308884359648  0.308884227768 
 0.355648030622  0.355647671534 
 0.409491506238  0.409490495922 
 0.471486636346  0.471483247306 
 0.542867543932  0.542854480945 
 0.625055192527  0.624995418378 
 0.719685673001  0.719356583513 
 0.828642772855  0.826448010835 
 0.95409547635  0.937578486235 
 1.09854114199  1.00802468783 
 1.26485521686  1.20009283559 
 1.4563484775  1.40973268625 
 1.67683293681  1.63675065514 
 1.93069772888  1.89599112802 
 2.22299648253  2.19291717047 
 2.5595479227  2.53346471105 
 2.94705170255  2.92442457259 
 3.3932217719  3.37358688757 
 3.90693993705  3.88989778357 
 4.49843266897  4.48363841341 
 5.17947467923  5.16663021991 
 5.96362331659  5.95247064727 
 6.86648845004  6.85680407009 
 7.90604321091  7.89763338304 
 9.10298177992  9.09567848344 
 10.4811313415  10.4747888048 
 12.0679264064  12.0624181254 
 13.8949549437  13.8901711128 
 15.9985871961  15.994432489 
 18.4206996933  18.4170913443 
 21.2095088792  21.2063750219 
 24.4205309455  24.4178091736 
 28.1176869797  28.1153230992 
 32.3745754282  32.3725223749 
 37.2759372031  37.2741541038 
 42.9193426013  42.9177939584 
 49.4171336132  49.4157885978 
 56.8986602902  56.8974921272 
 65.512855686  65.5118411214 
 75.4312006335  75.4303194712 
 86.8511373751  86.8503720743 
 100.0  99.9993353264 
59636233.1659 50 
 0.1  0.0999999998818 
 0.115139539933  0.115139540519 
 0.132571136559  0.132571135703 
 0.152641796718  0.152641796051 
 0.175751062485  0.175751051284 
 0.202358964773  0.202358946591 
 0.232995181052  0.232995150746 
 0.268269579528  0.268269518381 
 0.308884359648  0.308884218811 
 0.355648030622  0.355647666904 
 0.409491506238  0.409490447916 
 0.471486636346  0.471483119178 
 0.542867543932  0.542853911426 
 0.625055192527  0.624992871883 
 0.719685673001  0.719342696561 
 0.828642772855  0.826357717928 
 0.95409547635  0.936981595185 
 1.09854114199  1.00611277058 
 1.26485521686  1.23031765456 
 1.4563484775  1.42881314441 
 1.67683293681  1.65304824503 
 1.93069772888  1.91007588507 
 2.22299648253  2.20510765751 
 2.5595479227  2.5440250416 
 2.94705170255  2.93357872724 
 3.3932217719  3.38152598114 
 3.90693993705  3.89678560498 
 4.49843266897  4.48961579743 
 5.17947467923  5.17181856561 
 5.96362331659  5.95697479699 
 6.86648845004  6.8607146955 
 7.90604321091  7.90102898347 
 9.10298177992  9.09862707443 
 10.4811313415  10.4773493536 
 12.0679264064  12.0646417777 
 13.8949549437  13.8921022454 
 15.9985871961  15.9961096151 
 18.4206996933  18.4185478949 
 21.2095088792  21.2076400205 
 24.4205309455  24.4189078198 
 28.1176869797  28.1162772744 
 32.3745754282  32.3733510802 
 37.2759372031  37.2748738401 
 42.9193426013  42.9184190557 
 49.4171336132  49.4163315011 
 56.8986602902  56.8979636447 
 65.512855686  65.5122506398 
 75.4312006335  75.4306751427 
 86.8511373751  86.8506809794 
 100.0  99.9996036142 
100000000.0 50 
 0.1  0.100000000264 
 0.115139539933  0.115139539358 
 0.132571136559  0.132571134949 
 0.152641796718  0.152641795748 
 0.175751062485  0.175751051371 
 0.202358964773  0.202358946486 
 0.232995181052  0.232995147112 
 0.268269579528  0.268269516745 
 0.308884359648  0.308884220005 
 0.355648030622  0.355647654191 
 0.409491506238  0.409490398124 
 0.471486636346  0.471482967956 
 0.542867543932  0.542853350358 
 0.625055192527  0.624990310632 
 0.719685673001  0.719328829174 
 0.828642772855  0.826267593209 
 0.95409547635  0.936390656603 
 1.09854114199  1.00425960976 
 1.26485521686  1.24518167995 
 1.4563484775  1.44001493955 
 1.67683293681  1.66269017035 
 1.93069772888  1.91842630386 
 2.22299648253  2.21234565646 
 2.5595479227  2.5503020248 
 2.94705170255  2.93902435656 
 3.3932217719  3.38625170225 
 3.90693993705  3.90088745582 
 4.49843266897  4.49317670036 
 5.17947467923  5.17491022426 
 5.96362331659  5.95965928236 
 6.86648845004  6.86304578478 
 7.90604321091  7.90305329736 
 9.10298177992  9.10038504833 
 10.4811313415  10.4788760706 
 12.0679264064  12.0659676852 
 13.8949549437  13.8932537724 
 15.9985871961  15.9971097063 
 18.4206996933  18.419416472 
 21.2095088792  21.2083943821 
 24.4205309455  24.4195629874 
 28.1176869797  28.1168462931 
 32.3745754282  32.3738452787 
 37.2759372031  37.2753030571 
 42.9193426013  42.9187918359 
 49.4171336132  49.4166552653 
 56.8986602902  56.8982448381 
 65.512855686  65.5124948599 
 75.4312006335  75.4308872511 
 86.8511373751  86.8508651982 
 100.0  99.9997636107 
