0.001 50 
 0.1  0.1 
 0.115139539933  0.115139539933 
 0.132571136559  0.132571136559 
 0.152641796718  0.152641796718 
 0.175751062485  0.175751062485 
 0.202358964773  0.202358964773 
 0.232995181052  0.232995181052 
 0.268269579528  0.268269579528 
 0.308884359648  0.308884359648 
 0.355648030622  0.355648030622 
 0.409491506238  0.409491506238 
 0.471486636346  0.471486636346 
 0.542867543932  0.542867543932 
 0.625055192527  0.625055192527 
 0.719685673001  0.719685673001 
 0.828642772855  0.828642772855 
 0.95409547635  0.95409547635 
 1.09854114199  1.09854114199 
 1.26485521686  1.26485521685 
 1.4563484775  1.4563484775 
 1.67683293681  1.6768329368 
 1.93069772888  1.93069772884 
 2.22299648253  2.22299648235 
 2.5595479227  2.55954792189 
 2.94705170255  2.94705169857 
 3.3932217719  3.3932217505 
 3.90693993705  3.90693981096 
 4.49843266897  4.49843184437 
 5.17947467923  5.17946864359 
 5.96362331659  5.96357346178 
 6.86648845004  6.8660200863 
 7.90604321091  7.90101746739 
 9.10298177992  9.04363912396 
 10.4811313415  9.94825771342 
 12.0679264064  10.1815696817 
 13.8949549437  10.2006889921 
 15.9985871961  10.2017400292 
 18.4206996933  10.2017942116 
 21.2095088792  10.201796911 
 24.4205309455  10.2017898367 
 28.1176869797  10.2017343839 
 32.3745754282  10.2017954155 
 37.2759372031  10.2017932968 
 42.9193426013  10.2017873986 
 49.4171336132  10.2017939644 
 56.8986602902  10.2017877274 
 65.512855686  10.2017946836 
 75.4312006335  10.2017976291 
 86.8511373751  10.2017958729 
 100.0  10.2018001139 
0.00167683293681 50 
 0.1  0.1 
 0.115139539933  0.115139539933 
 0.132571136559  0.132571136559 
 0.152641796718  0.152641796718 
 0.175751062485  0.175751062485 
 0.202358964773  0.202358964773 
 0.232995181052  0.232995181052 
 0.268269579528  0.268269579528 
 0.308884359648  0.308884359648 
 0.355648030622  0.355648030622 
 0.409491506238  0.409491506238 
 0.471486636346  0.471486636346 
 0.542867543932  0.542867543932 
 0.625055192527  0.625055192527 
 0.719685673001  0.719685673001 
 0.828642772855  0.828642772855 
 0.95409547635  0.95409547635 
 1.09854114199  1.09854114199 
 1.26485521686  1.26485521685 
 1.4563484775  1.4563484775 
 1.67683293681  1.6768329368 
 1.93069772888  1.93069772882 
 2.22299648253  2.22299648223 
 2.5595479227  2.55954792134 
 2.94705170255  2.94705169585 
 3.3932217719  3.39322173594 
 3.90693993705  3.90693972504 
 4.49843266897  4.49843128185 
 5.17947467923  5.17946452111 
 5.96362331659  5.96353936295 
 6.86648845004  6.8656994635 
 7.90604321091  7.89759888603 
 9.10298177992  9.00660206637 
 10.4811313415  9.75745912039 
 12.0679264064  9.90711091286 
 13.8949549437  9.91828902187 
 15.9985871961  9.9189011549 
 18.4206996933  9.91892746784 
 21.2095088792  9.9189303824 
 24.4205309455  9.91892691184 
 28.1176869797  9.91892126 
 32.3745754282  9.91892992645 
 37.2759372031  9.91893055587 
 42.9193426013  9.9189266467 
 49.4171336132  9.91892567626 
 56.8986602902  9.91892970431 
 65.512855686  9.91893046981 
 75.4312006335  9.91892880764 
 86.8511373751  9.9189298336 
 100.0  9.91892282923 
0.00281176869797 50 
 0.1  0.1 
 0.115139539933  0.115139539933 
 0.132571136559  0.132571136559 
 0.152641796718  0.152641796718 
 0.175751062485  0.175751062485 
 0.202358964773  0.202358964773 
 0.232995181052  0.232995181052 
 0.268269579528  0.268269579528 
 0.308884359648  0.308884359648 
 0.355648030622  0.355648030622 
 0.409491506238  0.409491506238 
 0.471486636346  0.471486636346 
 0.542867543932  0.542867543932 
 0.625055192527  0.625055192527 
 0.719685673001  0.719685673001 
 0.828642772855  0.828642772855 
 0.95409547635  0.95409547635 
 1.09854114199  1.09854114199 
 1.26485521686  1.26485521685 
 1.4563484775  1.4563484775 
 1.67683293681  1.67683293679 
 1.93069772888  1.93069772877 
 2.22299648253  2.22299648203 
 2.5595479227  2.55954792042 
 2.94705170255  2.94705169128 
 3.3932217719  3.39322171137 
 3.90693993705  3.90693957992 
 4.49843266897  4.49843033064 
 5.17947467923  5.17945754073 
 5.96362331659  5.96348154116 
 6.86648845004  6.86515529817 
 7.90604321091  7.89183732275 
 9.10298177992  8.94922528732 
 10.4811313415  9.53898330342 
 12.0679264064  9.63129986657 
 13.8949549437  9.63776163085 
 15.9985871961  9.63810795439 
 18.4206996933  9.63812332426 
 21.2095088792  9.63813510364 
 24.4205309455  9.63813229357 
 28.1176869797  9.63811163067 
 32.3745754282  9.63813110171 
 37.2759372031  9.63812931186 
 42.9193426013  9.63812299582 
 49.4171336132  9.63813237527 
 56.8986602902  9.63812816369 
 65.512855686  9.6381345294 
 75.4312006335  9.63812744762 
 86.8511373751  9.63812698509 
 100.0  9.63812123748 
0.00471486636346 50 
 0.1  0.1 
 0.115139539933  0.115139539933 
 0.132571136559  0.132571136559 
 0.152641796718  0.152641796718 
 0.175751062485  0.175751062485 
 0.202358964773  0.202358964773 
 0.232995181052  0.232995181052 
 0.268269579528  0.268269579528 
 0.308884359648  0.308884359648 
 0.355648030622  0.355648030622 
 0.409491506238  0.409491506238 
 0.471486636346  0.471486636346 
 0.542867543932  0.542867543932 
 0.625055192527  0.625055192527 
 0.719685673001  0.719685673001 
 0.828642772855  0.828642772855 
 0.95409547635  0.95409547635 
 1.09854114199  1.09854114199 
 1.26485521686  1.26485521685 
 1.4563484775  1.45634847749 
 1.67683293681  1.67683293677 
 1.93069772888  1.9306977287 
 2.22299648253  2.2229964817 
 2.5595479227  2.55954791886 
 2.94705170255  2.94705168355 
 3.3932217719  3.39322166974 
 3.90693993705  3.90693933362 
 4.49843266897  4.49842871322 
 5.17947467923  5.17944564552 
 5.96362331659  5.96338277456 
 6.86648845004  6.86422453283 
 7.90604321091  7.88209996099 
 9.10298177992  8.86377321125 
 10.4811313415  9.29917007501 
 12.0679264064  9.35421183112 
 13.8949549437  9.35789429629 
 15.9985871961  9.35809239296 
 18.4206996933  9.35810031643 
 21.2095088792  9.35809479157 
 24.4205309455  9.358104687 
 28.1176869797  9.35809799969 
 32.3745754282  9.35809522988 
 37.2759372031  9.35810452669 
 42.9193426013  9.35810449858 
 49.4171336132  9.35809792779 
 56.8986602902  9.35809845259 
 65.512855686  9.3580971084 
 75.4312006335  9.35809807983 
 86.8511373751  9.35809968139 
 100.0  9.35809476407 
0.00790604321091 50 
 0.1  0.1 
 0.115139539933  0.115139539933 
 0.132571136559  0.132571136559 
 0.152641796718  0.152641796718 
 0.175751062485  0.175751062485 
 0.202358964773  0.202358964773 
 0.232995181052  0.232995181052 
 0.268269579528  0.268269579528 
 0.308884359648  0.308884359648 
 0.355648030622  0.355648030622 
 0.409491506238  0.409491506238 
 0.471486636346  0.471486636346 
 0.542867543932  0.542867543932 
 0.625055192527  0.625055192527 
 0.719685673001  0.719685673001 
 0.828642772855  0.828642772855 
 0.95409547635  0.95409547635 
 1.09854114199  1.09854114199 
 1.26485521686  1.26485521685 
 1.4563484775  1.45634847749 
 1.67683293681  1.67683293674 
 1.93069772888  1.93069772857 
 2.22299648253  2.22299648113 
 2.5595479227  2.55954791621 
 2.94705170255  2.94705167038 
 3.3932217719  3.39322159871 
 3.90693993705  3.90693891234 
 4.49843266897  4.49842593809 
 5.17947467923  5.17942516429 
 5.96362331659  5.96321207701 
 6.86648845004  6.86261276101 
 7.90604321091  7.86558426731 
 9.10298177992  8.74273099989 
 10.4811313415  9.04303920056 
 12.0679264064  9.07478555259 
 13.8949549437  9.07684214674 
 15.9985871961  9.07695423434 
 18.4206996933  9.07696102866 
 21.2095088792  9.07696063129 
 24.4205309455  9.07696168526 
 28.1176869797  9.07695589822 
 32.3745754282  9.0769602388 
 37.2759372031  9.07696147563 
 42.9193426013  9.0769606496 
 49.4171336132  9.07695892545 
 56.8986602902  9.07695995969 
 65.512855686  9.07696084864 
 75.4312006335  9.07696078397 
 86.8511373751  9.07695926275 
 100.0  9.07695954463 
0.0132571136559 50 
 0.1  0.1 
 0.115139539933  0.115139539933 
 0.132571136559  0.132571136559 
 0.152641796718  0.152641796718 
 0.175751062485  0.175751062485 
 0.202358964773  0.202358964773 
 0.232995181052  0.232995181052 
 0.268269579528  0.268269579528 
 0.308884359648  0.308884359648 
 0.355648030622  0.355648030622 
 0.409491506238  0.409491506238 
 0.471486636346  0.471486636346 
 0.542867543932  0.542867543932 
 0.625055192527  0.625055192527 
 0.719685673001  0.719685673001 
 0.828642772855  0.828642772855 
 0.95409547635  0.95409547635 
 1.09854114199  1.09854114199 
 1.26485521686  1.26485521685 
 1.4563484775  1.45634847747 
 1.67683293681  1.67683293669 
 1.93069772888  1.93069772835 
 2.22299648253  2.22299648015 
 2.5595479227  2.55954791167 
 2.94705170255  2.94705164776 
 3.3932217719  3.39322147622 
 3.90693993705  3.90693818261 
 4.49843266897  4.4984211076 
 5.17947467923  5.17938931682 
 5.96362331659  5.96291157652 
 6.86648845004  6.85976851772 
 7.90604321091  7.83747837927 
 9.10298177992  8.58077134385 
 10.4811313415  8.77328721089 
 12.0679264064  8.79094805342 
 13.8949549437  8.79206098108 
 15.9985871961  8.79212040636 
 18.4206996933  8.79212241509 
 21.2095088792  8.79212269742 
 24.4205309455  8.79212203905 
 28.1176869797  8.7921220551 
 32.3745754282  8.79212205983 
 37.2759372031  8.79212322589 
 42.9193426013  8.79212234712 
 49.4171336132  8.79212201039 
 56.8986602902  8.79212105635 
 65.512855686  8.79212302262 
 75.4312006335  8.79212161643 
 86.8511373751  8.79212177542 
 100.0  8.79212196763 
0.0222299648253 50 
 0.1  0.1 
 0.115139539933  0.115139539933 
 0.132571136559  0.132571136559 
 0.152641796718  0.152641796718 
 0.175751062485  0.175751062485 
 0.202358964773  0.202358964773 
 0.232995181052  0.232995181052 
 0.268269579528  0.268269579528 
 0.308884359648  0.308884359648 
 0.355648030622  0.355648030622 
 0.409491506238  0.409491506238 
 0.471486636346  0.471486636346 
 0.542867543932  0.542867543932 
 0.625055192527  0.625055192527 
 0.719685673001  0.719685673001 
 0.828642772855  0.828642772855 
 0.95409547635  0.95409547635 
 1.09854114199  1.09854114199 
 1.26485521686  1.26485521685 
 1.4563484775  1.45634847746 
 1.67683293681  1.6768329366 
 1.93069772888  1.93069772797 
 2.22299648253  2.22299647847 
 2.5595479227  2.55954790379 
 2.94705170255  2.9470516083 
 3.3932217719  3.39322126126 
 3.90693993705  3.90693689347 
 4.49843266897  4.49841250981 
 5.17947467923  5.17932497957 
 5.96362331659  5.96236767327 
 6.86648845004  6.85461061954 
 7.90604321091  7.78967184482 
 9.10298177992  8.37610861136 
 10.4811313415  8.49029013882 
 12.0679264064  8.49969246535 
 13.8949549437  8.50027041175 
 15.9985871961  8.50030072263 
 18.4206996933  8.50030220308 
 21.2095088792  8.50030210707 
 24.4205309455  8.50030265194 
 28.1176869797  8.50030152474 
 32.3745754282  8.50030218645 
 37.2759372031  8.50030300094 
 42.9193426013  8.50030250363 
 49.4171336132  8.50030183291 
 56.8986602902  8.50030270335 
 65.512855686  8.50030264722 
 75.4312006335  8.50030106338 
 86.8511373751  8.50029970519 
 100.0  8.50030089438 
0.0372759372031 50 
 0.1  0.1 
 0.115139539933  0.115139539933 
 0.132571136559  0.132571136559 
 0.152641796718  0.152641796718 
 0.175751062485  0.175751062485 
 0.202358964773  0.202358964773 
 0.232995181052  0.232995181052 
 0.268269579528  0.268269579528 
 0.308884359648  0.308884359648 
 0.355648030622  0.355648030622 
 0.409491506238  0.409491506238 
 0.471486636346  0.471486636346 
 0.542867543932  0.542867543932 
 0.625055192527  0.625055192527 
 0.719685673001  0.719685673001 
 0.828642772855  0.828642772855 
 0.95409547635  0.954095476349 
 1.09854114199  1.09854114198 
 1.26485521686  1.26485521684 
 1.4563484775  1.45634847742 
 1.67683293681  1.67683293645 
 1.93069772888  1.93069772731 
 2.22299648253  2.22299647551 
 2.5595479227  2.55954788983 
 2.94705170255  2.94705153782 
 3.3932217719  3.39322087392 
 3.90693993705  3.90693454757 
 4.49843266897  4.49839669302 
 5.17947467923  5.17920521884 
 5.96362331659  5.96134367873 
 6.86648845004  6.84491675476 
 7.90604321091  7.7093763437 
 9.10298177992  8.13039180994 
 10.4811313415  8.19278575512 
 12.0679264064  8.19753204295 
 13.8949549437  8.19781522351 
 15.9985871961  8.1978305515 
 18.4206996933  8.19783131781 
 21.2095088792  8.19783182402 
 24.4205309455  8.19783145626 
 28.1176869797  8.19782935904 
 32.3745754282  8.1978300503 
 37.2759372031  8.19782999983 
 42.9193426013  8.19782936872 
 49.4171336132  8.19783010143 
 56.8986602902  8.19783009237 
 65.512855686  8.19783169335 
 75.4312006335  8.1978294675 
 86.8511373751  8.19782968594 
 100.0  8.19782922895 
0.0625055192527 50 
 0.1  0.1 
 0.115139539933  0.115139539933 
 0.132571136559  0.132571136559 
 0.152641796718  0.152641796718 
 0.175751062485  0.175751062485 
 0.202358964773  0.202358964773 
 0.232995181052  0.232995181052 
 0.268269579528  0.268269579528 
 0.308884359648  0.308884359648 
 0.355648030622  0.355648030622 
 0.409491506238  0.409491506238 
 0.471486636346  0.471486636346 
 0.542867543932  0.542867543932 
 0.625055192527  0.625055192527 
 0.719685673001  0.719685673001 
 0.828642772855  0.828642772855 
 0.95409547635  0.954095476349 
 1.09854114199  1.09854114198 
 1.26485521686  1.26485521683 
 1.4563484775  1.45634847736 
 1.67683293681  1.67683293619 
 1.93069772888  1.93069772613 
 2.22299648253  2.22299647014 
 2.5595479227  2.55954786431 
 2.94705170255  2.94705140751 
 3.3932217719  3.39322014881 
 3.90693993705  3.90693009594 
 4.49843266897  4.49836623586 
 5.17947467923  5.17897104233 
 5.96362331659  5.95931475559 
 6.86648845004  6.8259664702 
 7.90604321091  7.57959910247 
 9.10298177992  7.84771471409 
 10.4811313415  7.87904537119 
 12.0679264064  7.8812975484 
 13.8949549437  7.88142946051 
 15.9985871961  7.88143624485 
 18.4206996933  7.88143656441 
 21.2095088792  7.88143679725 
 24.4205309455  7.88143568943 
 28.1176869797  7.88143574298 
 32.3745754282  7.88143558792 
 37.2759372031  7.88143548406 
 42.9193426013  7.88143561507 
 49.4171336132  7.88143555273 
 56.8986602902  7.88143609004 
 65.512855686  7.8814355053 
 75.4312006335  7.88143526569 
 86.8511373751  7.88143539038 
 100.0  7.88143535799 
0.104811313415 50 
 0.1  0.1 
 0.115139539933  0.115139539933 
 0.132571136559  0.132571136559 
 0.152641796718  0.152641796718 
 0.175751062485  0.175751062485 
 0.202358964773  0.202358964773 
 0.232995181052  0.232995181052 
 0.268269579528  0.268269579528 
 0.308884359648  0.308884359648 
 0.355648030622  0.355648030622 
 0.409491506238  0.409491506238 
 0.471486636346  0.471486636346 
 0.542867543932  0.542867543932 
 0.625055192527  0.625055192527 
 0.719685673001  0.719685673001 
 0.828642772855  0.828642772854 
 0.95409547635  0.954095476349 
 1.09854114199  1.09854114198 
 1.26485521686  1.26485521681 
 1.4563484775  1.45634847726 
 1.67683293681  1.6768329357 
 1.93069772888  1.93069772393 
 2.22299648253  2.22299646005 
 2.5595479227  2.55954781559 
 2.94705170255  2.94705115493 
 3.3932217719  3.39321872035 
 3.90693993705  3.90692117507 
 4.49843266897  4.49830410364 
 5.17947467923  5.1784847985 
 5.96362331659  5.95505228939 
 6.86648845004  6.78783601294 
 7.90604321091  7.38520959906 
 9.10298177992  7.53379342395 
 10.4811313415  7.54827293847 
 12.0679264064  7.54927495192 
 13.8949549437  7.54933263457 
 15.9985871961  7.54933557264 
 18.4206996933  7.54933510114 
 21.2095088792  7.54933478583 
 24.4205309455  7.54933461245 
 28.1176869797  7.54933517092 
 32.3745754282  7.54933549628 
 37.2759372031  7.54933515757 
 42.9193426013  7.54933494997 
 49.4171336132  7.54933495564 
 56.8986602902  7.54933494243 
 65.512855686  7.54933459199 
 75.4312006335  7.54933466849 
 86.8511373751  7.54933465976 
 100.0  7.54933486463 
0.175751062485 50 
 0.1  0.1 
 0.115139539933  0.115139539933 
 0.132571136559  0.132571136559 
 0.152641796718  0.152641796718 
 0.175751062485  0.175751062485 
 0.202358964773  0.202358964773 
 0.232995181052  0.232995181052 
 0.268269579528  0.268269579528 
 0.308884359648  0.308884359648 
 0.355648030622  0.355648030622 
 0.409491506238  0.409491506238 
 0.471486636346  0.471486636346 
 0.542867543932  0.542867543932 
 0.625055192527  0.625055192527 
 0.719685673001  0.719685673001 
 0.828642772855  0.828642772854 
 0.95409547635  0.954095476349 
 1.09854114199  1.09854114198 
 1.26485521686  1.26485521679 
 1.4563484775  1.45634847706 
 1.67683293681  1.67683293476 
 1.93069772888  1.93069771965 
 2.22299648253  2.22299644002 
 2.5595479227  2.5595477172 
 2.94705170255  2.94705063556 
 3.3932217719  3.39321572744 
 3.90693993705  3.9069021224 
 4.49843266897  4.49816884512 
 5.17947467923  5.1774076993 
 5.96362331659  5.94558331299 
 6.86648845004  6.71173442057 
 7.90604321091  7.12381831634 
 9.10298177992  7.19550282676 
 10.4811313415  7.20170679982 
 12.0679264064  7.20212579 
 13.8949549437  7.20214971136 
 15.9985871961  7.2021504058 
 18.4206996933  7.20215077451 
 21.2095088792  7.20215079136 
 24.4205309455  7.2021507794 
 28.1176869797  7.20215086706 
 32.3745754282  7.20215044395 
 37.2759372031  7.20215069575 
 42.9193426013  7.20215025193 
 49.4171336132  7.20215083793 
 56.8986602902  7.20215063795 
 65.512855686  7.2021505717 
 75.4312006335  7.20215085196 
 86.8511373751  7.2021506496 
 100.0  7.20215079809 
0.294705170255 50 
 0.1  0.1 
 0.115139539933  0.115139539933 
 0.132571136559  0.132571136559 
 0.152641796718  0.152641796718 
 0.175751062485  0.175751062485 
 0.202358964773  0.202358964773 
 0.232995181052  0.232995181052 
 0.268269579528  0.268269579528 
 0.308884359648  0.308884359648 
 0.355648030622  0.355648030622 
 0.409491506238  0.409491506238 
 0.471486636346  0.471486636346 
 0.542867543932  0.542867543932 
 0.625055192527  0.625055192527 
 0.719685673001  0.719685673001 
 0.828642772855  0.828642772854 
 0.95409547635  0.954095476348 
 1.09854114199  1.09854114199 
 1.26485521686  1.26485521672 
 1.4563484775  1.45634847665 
 1.67683293681  1.67683293286 
 1.93069772888  1.93069771076 
 2.22299648253  2.22299639772 
 2.5595479227  2.55954750531 
 2.94705170255  2.94704949525 
 3.3932217719  3.39320902868 
 3.90693993705  3.90685866804 
 4.49843266897  4.49785481907 
 5.17947467923  5.17487412643 
 5.96362331659  5.92376322301 
 6.86648845004  6.57116463707 
 7.90604321091  6.80955574079 
 9.10298177992  6.84036647126 
 10.4811313415  6.8428614316 
 12.0679264064  6.84302747359 
 13.8949549437  6.84303660595 
 15.9985871961  6.8430370042 
 18.4206996933  6.84303713126 
 21.2095088792  6.84303704513 
 24.4205309455  6.84303702858 
 28.1176869797  6.84303694601 
 32.3745754282  6.84303705416 
 37.2759372031  6.84303693121 
 42.9193426013  6.84303703989 
 49.4171336132  6.84303708703 
 56.8986602902  6.84303705222 
 65.512855686  6.84303694207 
 75.4312006335  6.84303716983 
 86.8511373751  6.8430371715 
 100.0  6.84303731796 
0.494171336132 50 
 0.1  0.1 
 0.115139539933  0.115139539933 
 0.132571136559  0.132571136559 
 0.152641796718  0.152641796718 
 0.175751062485  0.175751062485 
 0.202358964773  0.202358964773 
 0.232995181052  0.232995181052 
 0.268269579528  0.268269579528 
 0.308884359648  0.308884359648 
 0.355648030622  0.355648030622 
 0.409491506238  0.409491506238 
 0.471486636346  0.471486636346 
 0.542867543932  0.542867543932 
 0.625055192527  0.625055192527 
 0.719685673001  0.719685673001 
 0.828642772855  0.828642772853 
 0.95409547635  0.954095476345 
 1.09854114199  1.09854114193 
 1.26485521686  1.26485521652 
 1.4563484775  1.4563484758 
 1.67683293681  1.67683292871 
 1.93069772888  1.93069769108 
 2.22299648253  2.22299630225 
 2.5595479227  2.55954701824 
 2.94705170255  2.94704682585 
 3.3932217719  3.39319307366 
 3.90693993705  3.90675348217 
 4.49843266897  4.49708405075 
 5.17947467923  5.1686368669 
 5.96362331659  5.87382696123 
 6.86648845004  6.34874436843 
 7.90604321091  6.46366998882 
 9.10298177992  6.47586435779 
 10.4811313415  6.47681970748 
 12.0679264064  6.47688286531 
 13.8949549437  6.47688625215 
 15.9985871961  6.47688663869 
 18.4206996933  6.47688663502 
 21.2095088792  6.47688635144 
 24.4205309455  6.47688649809 
 28.1176869797  6.47688653685 
 32.3745754282  6.47688640306 
 37.2759372031  6.47688661078 
 42.9193426013  6.47688659586 
 49.4171336132  6.47688653528 
 56.8986602902  6.47688655423 
 65.512855686  6.4768862277 
 75.4312006335  6.4768864184 
 86.8511373751  6.4768861698 
 100.0  6.47688646535 
0.828642772855 50 
 0.1  0.1 
 0.115139539933  0.115139539933 
 0.132571136559  0.132571136559 
 0.152641796718  0.152641796718 
 0.175751062485  0.175751062485 
 0.202358964773  0.202358964773 
 0.232995181052  0.232995181052 
 0.268269579528  0.268269579528 
 0.308884359648  0.308884359648 
 0.355648030622  0.355648030622 
 0.409491506238  0.409491506238 
 0.471486636346  0.471486636346 
 0.542867543932  0.542867543932 
 0.625055192527  0.625055192527 
 0.719685673001  0.719685673001 
 0.828642772855  0.828642772857 
 0.95409547635  0.95409547633 
 1.09854114199  1.09854114186 
 1.26485521686  1.26485521614 
 1.4563484775  1.45634847384 
 1.67683293681  1.67683291911 
 1.93069772888  1.93069764459 
 2.22299648253  2.22299607299 
 2.5595479227  2.55954583103 
 2.94705170255  2.94704022193 
 3.3932217719  3.39315305647 
 3.90693993705  3.90648645929 
 4.49843266897  4.49511230706 
 5.17947467923  5.15296631369 
 5.96362331659  5.76863133026 
 6.86648845004  6.05627067669 
 7.90604321091  6.10418575763 
 9.10298177992  6.10876493492 
 10.4811313415  6.1091186801 
 12.0679264064  6.10914180382 
 13.8949549437  6.10914340764 
 15.9985871961  6.10914340747 
 18.4206996933  6.10914320798 
 21.2095088792  6.10914320904 
 24.4205309455  6.10914319897 
 28.1176869797  6.10914323787 
 32.3745754282  6.10914320141 
 37.2759372031  6.10914330459 
 42.9193426013  6.10914313076 
 49.4171336132  6.10914311658 
 56.8986602902  6.10914314908 
 65.512855686  6.10914312228 
 75.4312006335  6.10914330179 
 86.8511373751  6.10914316465 
 100.0  6.10914324782 
1.38949549437 50 
 0.1  0.1 
 0.115139539933  0.115139539933 
 0.132571136559  0.132571136559 
 0.152641796718  0.152641796718 
 0.175751062485  0.175751062485 
 0.202358964773  0.202358964773 
 0.232995181052  0.232995181052 
 0.268269579528  0.268269579528 
 0.308884359648  0.308884359648 
 0.355648030622  0.355648030622 
 0.409491506238  0.409491506238 
 0.471486636346  0.471486636346 
 0.542867543932  0.542867543932 
 0.625055192527  0.625055192527 
 0.719685673001  0.719685673002 
 0.828642772855  0.828642772862 
 0.95409547635  0.954095476318 
 1.09854114199  1.09854114171 
 1.26485521686  1.26485521526 
 1.4563484775  1.45634846913 
 1.67683293681  1.67683289552 
 1.93069772888  1.93069752909 
 2.22299648253  2.22299549555 
 2.5595479227  2.55954279992 
 2.94705170255  2.94702317672 
 3.3932217719  3.39304878254 
 3.90693993705  3.90578556403 
 4.49843266897  4.48994890164 
 5.17947467923  5.11446468432 
 5.96362331659  5.58293693516 
 6.86648845004  5.72482021468 
 7.90604321091  5.74311148487 
 9.10298177992  5.74478263827 
 10.4811313415  5.74491127311 
 12.0679264064  5.74491975905 
 13.8949549437  5.74492030037 
 15.9985871961  5.74492028002 
 18.4206996933  5.74492020137 
 21.2095088792  5.74492010001 
 24.4205309455  5.74492028977 
 28.1176869797  5.74492013874 
 32.3745754282  5.74492027123 
 37.2759372031  5.74492014205 
 42.9193426013  5.74492016923 
 49.4171336132  5.74492017167 
 56.8986602902  5.74492019613 
 65.512855686  5.74492021457 
 75.4312006335  5.74492014472 
 86.8511373751  5.74492026276 
 100.0  5.74492011817 
2.32995181052 50 
 0.1  0.1 
 0.115139539933  0.115139539933 
 0.132571136559  0.132571136559 
 0.152641796718  0.152641796718 
 0.175751062485  0.175751062485 
 0.202358964773  0.202358964773 
 0.232995181052  0.232995181052 
 0.268269579528  0.268269579528 
 0.308884359648  0.308884359648 
 0.355648030622  0.355648030622 
 0.409491506238  0.409491506238 
 0.471486636346  0.471486636346 
 0.542867543932  0.542867543933 
 0.625055192527  0.625055192528 
 0.719685673001  0.719685673001 
 0.828642772855  0.828642772865 
 0.95409547635  0.954095476349 
 1.09854114199  1.09854114133 
 1.26485521686  1.26485521303 
 1.4563484775  1.4563484571 
 1.67683293681  1.67683283504 
 1.93069772888  1.93069722946 
 2.22299648253  2.222993984 
 2.5595479227  2.55953480252 
 2.94705170255  2.94697789553 
 3.3932217719  3.39277025988 
 3.90693993705  3.90391144675 
 4.49843266897  4.47644598128 
 5.17947467923  5.0284579763 
 5.96362331659  5.32187096862 
 6.86648845004  5.38140783402 
 7.90604321091  5.38812875172 
 9.10298177992  5.38873550809 
 10.4811313415  5.3887826431 
 12.0679264064  5.38878577079 
 13.8949549437  5.3887859116 
 15.9985871961  5.38878594587 
 18.4206996933  5.38878589316 
 21.2095088792  5.38878582912 
 24.4205309455  5.38878586236 
 28.1176869797  5.38878590527 
 32.3745754282  5.38878586795 
 37.2759372031  5.3887858909 
 42.9193426013  5.38878590117 
 49.4171336132  5.38878586775 
 56.8986602902  5.38878589022 
 65.512855686  5.38878591548 
 75.4312006335  5.38878592663 
 86.8511373751  5.38878599039 
 100.0  5.38878593513 
3.90693993705 50 
 0.1  0.1 
 0.115139539933  0.115139539933 
 0.132571136559  0.132571136559 
 0.152641796718  0.152641796718 
 0.175751062485  0.175751062485 
 0.202358964773  0.202358964773 
 0.232995181052  0.232995181052 
 0.268269579528  0.268269579528 
 0.308884359648  0.308884359648 
 0.355648030622  0.355648030622 
 0.409491506238  0.409491506238 
 0.471486636346  0.471486636346 
 0.542867543932  0.542867543933 
 0.625055192527  0.62505519253 
 0.719685673001  0.719685672998 
 0.828642772855  0.828642772854 
 0.95409547635  0.954095476096 
 1.09854114199  1.09854114035 
 1.26485521686  1.26485520713 
 1.4563484775  1.4563484257 
 1.67683293681  1.67683267493 
 1.93069772888  1.93069643098 
 2.22299648253  2.22298993416 
 2.5595479227  2.55951328985 
 2.94705170255  2.94685569316 
 3.3932217719  3.39201829999 
 3.90693993705  3.8989000906 
 4.49843266897  4.44266586685 
 5.17947467923  4.86999712355 
 5.96362331659  5.01950789317 
 6.86648845004  5.04255223777 
 7.90604321091  5.04503725417 
 9.10298177992  5.04526436323 
 10.4811313415  5.04528251565 
 12.0679264064  5.04528376085 
 13.8949549437  5.04528375925 
 15.9985871961  5.04528374023 
 18.4206996933  5.04528382708 
 21.2095088792  5.04528373681 
 24.4205309455  5.04528378713 
 28.1176869797  5.04528374251 
 32.3745754282  5.04528377758 
 37.2759372031  5.04528374463 
 42.9193426013  5.04528374069 
 49.4171336132  5.04528374421 
 56.8986602902  5.04528382225 
 65.512855686  5.04528373712 
 75.4312006335  5.04528373629 
 86.8511373751  5.04528375038 
 100.0  5.04528382623 
6.5512855686 50 
 0.1  0.1 
 0.115139539933  0.115139539933 
 0.132571136559  0.132571136559 
 0.152641796718  0.152641796718 
 0.175751062485  0.175751062485 
 0.202358964773  0.202358964773 
 0.232995181052  0.232995181052 
 0.268269579528  0.268269579528 
 0.308884359648  0.308884359648 
 0.355648030622  0.355648030622 
 0.409491506238  0.409491506238 
 0.471486636346  0.471486636346 
 0.542867543932  0.542867543932 
 0.625055192527  0.625055192532 
 0.719685673001  0.719685672993 
 0.828642772855  0.828642772755 
 0.95409547635  0.954095475696 
 1.09854114199  1.09854113774 
 1.26485521686  1.26485519172 
 1.4563484775  1.4563483412 
 1.67683293681  1.6768322434 
 1.93069772888  1.93069427359 
 2.22299648253  2.22297897673 
 2.5595479227  2.5594550754 
 2.94705170255  2.94652583948 
 3.3932217719  3.39000504816 
 3.90693993705  3.88591831394 
 4.49843266897  4.36791168149 
 5.17947467923  4.64393191581 
 5.96362331659  4.71008118903 
 6.86648845004  4.71906596177 
 7.90604321091  4.72004651554 
 9.10298177992  4.72013999142 
 10.4811313415  4.72014785364 
 12.0679264064  4.7201483989 
 13.8949549437  4.72014847094 
 15.9985871961  4.72014843607 
 18.4206996933  4.72014847231 
 21.2095088792  4.7201484815 
 24.4205309455  4.72014839724 
 28.1176869797  4.72014847083 
 32.3745754282  4.72014846289 
 37.2759372031  4.72014841483 
 42.9193426013  4.72014846032 
 49.4171336132  4.7201484566 
 56.8986602902  4.72014841888 
 65.512855686  4.72014833496 
 75.4312006335  4.72014842938 
 86.8511373751  4.72014837612 
 100.0  4.72014833475 
10.9854114199 50 
 0.1  0.1 
 0.115139539933  0.115139539933 
 0.132571136559  0.132571136559 
 0.152641796718  0.152641796718 
 0.175751062485  0.175751062485 
 0.202358964773  0.202358964773 
 0.232995181052  0.232995181052 
 0.268269579528  0.268269579528 
 0.308884359648  0.308884359648 
 0.355648030622  0.355648030622 
 0.409491506238  0.409491506238 
 0.471486636346  0.471486636347 
 0.542867543932  0.542867543935 
 0.625055192527  0.625055192531 
 0.719685673001  0.719685673075 
 0.828642772855  0.828642772592 
 0.95409547635  0.954095474622 
 1.09854114199  1.09854113078 
 1.26485521686  1.26485514981 
 1.4563484775  1.45634811262 
 1.67683293681  1.67683107687 
 1.93069772888  1.93068845665 
 2.22299648253  2.22294955863 
 2.5595479227  2.55930000678 
 2.94705170255  2.94565840605 
 3.3932217719  3.38484824845 
 3.90693993705  3.85533631622 
 4.49843266897  4.23640613058 
 5.17947467923  4.38859561634 
 5.96362331659  4.41747748961 
 6.86648845004  4.42135415097 
 7.90604321091  4.42180133158 
 9.10298177992  4.42184702441 
 10.4811313415  4.42185114024 
 12.0679264064  4.42185147306 
 13.8949549437  4.42185149171 
 15.9985871961  4.42185149091 
 18.4206996933  4.42185147662 
 21.2095088792  4.42185150362 
 24.4205309455  4.42185145625 
 28.1176869797  4.42185149069 
 32.3745754282  4.42185147174 
 37.2759372031  4.42185144905 
 42.9193426013  4.42185151731 
 49.4171336132  4.42185146148 
 56.8986602902  4.42185149531 
 65.512855686  4.42185144944 
 75.4312006335  4.42185146356 
 86.8511373751  4.42185147601 
 100.0  4.42185147904 
18.4206996933 50 
 0.1  0.1 
 0.115139539933  0.115139539933 
 0.132571136559  0.132571136559 
 0.152641796718  0.152641796718 
 0.175751062485  0.175751062485 
 0.202358964773  0.202358964773 
 0.232995181052  0.232995181052 
 0.268269579528  0.268269579528 
 0.308884359648  0.308884359648 
 0.355648030622  0.355648030622 
 0.409491506238  0.409491506239 
 0.471486636346  0.471486636346 
 0.542867543932  0.542867543943 
 0.625055192527  0.625055192504 
 0.719685673001  0.719685672884 
 0.828642772855  0.828642772076 
 0.95409547635  0.954095471669 
 1.09854114199  1.09854111186 
 1.26485521686  1.26485503711 
 1.4563484775  1.45634750232 
 1.67683293681  1.67682798481 
 1.93069772888  1.93067322096 
 2.22299648253  2.22287382576 
 2.5595479227  2.55890997984 
 2.94705170255  2.94354905488 
 3.3932217719  3.37306506797 
 3.90693993705  3.79633017924 
 4.49843266897  4.0646013607 
 5.17947467923  4.14518570505 
 5.96362331659  4.15934246145 
 6.86648845004  4.16133707846 
 7.90604321091  4.1615841254 
 9.10298177992  4.16161125591 
 10.4811313415  4.16161390945 
 12.0679264064  4.16161410786 
 13.8949549437  4.16161419241 
 15.9985871961  4.16161410385 
 18.4206996933  4.16161411497 
 21.2095088792  4.16161407753 
 24.4205309455  4.16161411423 
 28.1176869797  4.16161413257 
 32.3745754282  4.16161413813 
 37.2759372031  4.16161411468 
 42.9193426013  4.16161413237 
 49.4171336132  4.1616141497 
 56.8986602902  4.1616141034 
 65.512855686  4.16161413874 
 75.4312006335  4.16161414455 
 86.8511373751  4.1616141182 
 100.0  4.16161413661 
30.8884359648 50 
 0.1  0.1 
 0.115139539933  0.115139539933 
 0.132571136559  0.132571136559 
 0.152641796718  0.152641796717 
 0.175751062485  0.175751062486 
 0.202358964773  0.202358964773 
 0.232995181052  0.232995181052 
 0.268269579528  0.268269579528 
 0.308884359648  0.308884359648 
 0.355648030622  0.355648030623 
 0.409491506238  0.409491506241 
 0.471486636346  0.471486636345 
 0.542867543932  0.542867543953 
 0.625055192527  0.625055192467 
 0.719685673001  0.719685672699 
 0.828642772855  0.828642770815 
 0.95409547635  0.954095464102 
 1.09854114199  1.09854106292 
 1.26485521686  1.2648547462 
 1.4563484775  1.45634594595 
 1.67683293681  1.67682030709 
 1.93069772888  1.93063657529 
 2.22299648253  2.22269860716 
 2.5595479227  2.55805095562 
 2.94705170255  2.93919804154 
 3.3932217719  3.3513245025 
 3.90693993705  3.71159283894 
 4.49843266897  3.89258907492 
 5.17947467923  3.93913594264 
 5.96362331659  3.9473372821 
 6.86648845004  3.94855422978 
 7.90604321091  3.94871312793 
 9.10298177992  3.94873137827 
 10.4811313415  3.94873317879 
 12.0679264064  3.94873328549 
 13.8949549437  3.94873339172 
 15.9985871961  3.94873335095 
 18.4206996933  3.94873339574 
 21.2095088792  3.94873333462 
 24.4205309455  3.94873335203 
 28.1176869797  3.94873336145 
 32.3745754282  3.94873332135 
 37.2759372031  3.94873339212 
 42.9193426013  3.94873332741 
 49.4171336132  3.94873333402 
 56.8986602902  3.94873339277 
 65.512855686  3.94873335187 
 75.4312006335  3.94873332573 
 86.8511373751  3.94873333164 
 100.0  3.9487333363 
51.7947467923 50 
 0.1  0.0999999999999 
 0.115139539933  0.115139539933 
 0.132571136559  0.132571136559 
 0.152641796718  0.152641796718 
 0.175751062485  0.175751062486 
 0.202358964773  0.202358964773 
 0.232995181052  0.232995181052 
 0.268269579528  0.268269579528 
 0.308884359648  0.308884359647 
 0.355648030622  0.355648030624 
 0.409491506238  0.409491506233 
 0.471486636346  0.471486636338 
 0.542867543932  0.542867543904 
 0.625055192527  0.625055192365 
 0.719685673001  0.719685672223 
 0.828642772855  0.82864276816 
 0.95409547635  0.954095445604 
 1.09854114199  1.09854094569 
 1.26485521686  1.26485406722 
 1.4563484775  1.45634247077 
 1.67683293681  1.67680386362 
 1.93069772888  1.93056227823 
 2.22299648253  2.22236546985 
 2.5595479227  2.55653255557 
 2.94705170255  2.93216215144 
 3.3932217719  3.32083776048 
 3.90693993705  3.62014204458 
 4.49843266897  3.74693414039 
 5.17947467923  3.77730519414 
 5.96362331659  3.78273229423 
 6.86648845004  3.78356186554 
 7.90604321091  3.78367308155 
 9.10298177992  3.78368612423 
 10.4811313415  3.78368737033 
 12.0679264064  3.78368756081 
 13.8949549437  3.78368759443 
 15.9985871961  3.78368759235 
 18.4206996933  3.78368753293 
 21.2095088792  3.78368759371 
 24.4205309455  3.78368749349 
 28.1176869797  3.78368757163 
 32.3745754282  3.78368751991 
 37.2759372031  3.78368749357 
 42.9193426013  3.78368757457 
 49.4171336132  3.78368749548 
 56.8986602902  3.78368759726 
 65.512855686  3.78368756906 
 75.4312006335  3.78368759988 
 86.8511373751  3.78368752011 
 100.0  3.78368752224 
86.8511373751 50 
 0.1  0.0999999999998 
 0.115139539933  0.115139539933 
 0.132571136559  0.132571136559 
 0.152641796718  0.152641796718 
 0.175751062485  0.175751062486 
 0.202358964773  0.202358964773 
 0.232995181052  0.232995181052 
 0.268269579528  0.268269579527 
 0.308884359648  0.308884359648 
 0.355648030622  0.355648030617 
 0.409491506238  0.409491506228 
 0.471486636346  0.471486636317 
 0.542867543932  0.542867543862 
 0.625055192527  0.625055192334 
 0.719685673001  0.719685671284 
 0.828642772855  0.828642763249 
 0.95409547635  0.954095409633 
 1.09854114199  1.09854071182 
 1.26485521686  1.26485275968 
 1.4563484775  1.45633612836 
 1.67683293681  1.67677576163 
 1.93069772888  1.9304437583 
 2.22299648253  2.22187004476 
 2.5595479227  2.55442986679 
 2.94705170255  2.92319554282 
 3.3932217719  3.28685563499 
 3.90693993705  3.53730147759 
 4.49843266897  3.63179105094 
 5.17947467923  3.65357480637 
 5.96362331659  3.65749012688 
 6.86648845004  3.65809611464 
 7.90604321091  3.65817819195 
 9.10298177992  3.65818790632 
 10.4811313415  3.65818889788 
 12.0679264064  3.65818895562 
 13.8949549437  3.65818896345 
 15.9985871961  3.65818896163 
 18.4206996933  3.6581889604 
 21.2095088792  3.65818899101 
 24.4205309455  3.65818899222 
 28.1176869797  3.65818896711 
 32.3745754282  3.65818899222 
 37.2759372031  3.65818899717 
 42.9193426013  3.6581889883 
 49.4171336132  3.65818899004 
 56.8986602902  3.65818899627 
 65.512855686  3.65818898673 
 75.4312006335  3.65818898828 
 86.8511373751  3.6581889948 
 100.0  3.65818899018 
145.63484775 50 
 0.1  0.1 
 0.115139539933  0.115139539933 
 0.132571136559  0.13257113656 
 0.152641796718  0.152641796719 
 0.175751062485  0.175751062487 
 0.202358964773  0.202358964773 
 0.232995181052  0.23299518105 
 0.268269579528  0.268269579525 
 0.308884359648  0.308884359647 
 0.355648030622  0.355648030628 
 0.409491506238  0.40949150621 
 0.471486636346  0.471486636337 
 0.542867543932  0.54286754375 
 0.625055192527  0.62505519238 
 0.719685673001  0.719685670437 
 0.828642772855  0.828642752531 
 0.95409547635  0.95409534469 
 1.09854114199  1.09854033321 
 1.26485521686  1.26485079775 
 1.4563484775  1.45632705964 
 1.67683293681  1.67673789466 
 1.93069772888  1.9302922607 
 2.22299648253  2.22126809861 
 2.5595479227  2.55199584323 
 2.94705170255  2.91341884037 
 3.3932217719  3.25354508272 
 3.90693993705  3.46706376724 
 4.49843266897  3.54131136985 
 5.17947467923  3.55798768366 
 5.96362331659  3.56098485769 
 6.86648845004  3.56145070081 
 7.90604321091  3.56151406649 
 9.10298177992  3.56152153934 
 10.4811313415  3.56152232642 
 12.0679264064  3.56152238625 
 13.8949549437  3.56152239787 
 15.9985871961  3.56152238549 
 18.4206996933  3.56152241847 
 21.2095088792  3.56152239096 
 24.4205309455  3.56152238828 
 28.1176869797  3.56152239882 
 32.3745754282  3.56152238377 
 37.2759372031  3.56152240172 
 42.9193426013  3.56152238877 
 49.4171336132  3.56152240096 
 56.8986602902  3.56152239855 
 65.512855686  3.56152239459 
 75.4312006335  3.56152243457 
 86.8511373751  3.56152238481 
 100.0  3.56152243894 
244.205309455 50 
 0.1  0.100000000002 
 0.115139539933  0.115139539935 
 0.132571136559  0.132571136562 
 0.152641796718  0.152641796719 
 0.175751062485  0.175751062483 
 0.202358964773  0.20235896477 
 0.232995181052  0.23299518105 
 0.268269579528  0.268269579529 
 0.308884359648  0.308884359657 
 0.355648030622  0.355648030613 
 0.409491506238  0.409491506236 
 0.471486636346  0.471486636249 
 0.542867543932  0.542867543679 
 0.625055192527  0.625055191428 
 0.719685673001  0.719685667391 
 0.828642772855  0.828642739908 
 0.95409547635  0.954095260392 
 1.09854114199  1.09853984415 
 1.26485521686  1.26484837351 
 1.4563484775  1.45631630732 
 1.67683293681  1.6766944593 
 1.93069772888  1.93012397528 
 2.22299648253  2.22061655378 
 2.5595479227  2.54943061333 
 2.94705170255  2.90352778272 
 3.3932217719  3.22253654546 
 3.90693993705  3.40802337244 
 4.49843266897  3.46873152567 
 5.17947467923  3.4821006947 
 5.96362331659  3.48449821842 
 6.86648845004  3.48487129985 
 7.90604321091  3.48492205381 
 9.10298177992  3.4849280633 
 10.4811313415  3.48492868213 
 12.0679264064  3.4849287687 
 13.8949549437  3.48492874262 
 15.9985871961  3.48492866383 
 18.4206996933  3.48492875571 
 21.2095088792  3.48492877067 
 24.4205309455  3.4849287545 
 28.1176869797  3.48492875713 
 32.3745754282  3.48492875756 
 37.2759372031  3.48492878965 
 42.9193426013  3.48492877409 
 49.4171336132  3.48492873633 
 56.8986602902  3.48492870156 
 65.512855686  3.48492865761 
 75.4312006335  3.48492874393 
 86.8511373751  3.48492877815 
 100.0  3.48492871622 
409.491506238 50 
 0.1  0.100000000003 
 0.115139539933  0.115139539931 
 0.132571136559  0.132571136555 
 0.152641796718  0.152641796714 
 0.175751062485  0.175751062483 
 0.202358964773  0.202358964771 
 0.232995181052  0.232995181052 
 0.268269579528  0.268269579536 
 0.308884359648  0.308884359634 
 0.355648030622  0.355648030611 
 0.409491506238  0.409491506241 
 0.471486636346  0.471486636226 
 0.542867543932  0.542867543955 
 0.625055192527  0.625055190848 
 0.719685673001  0.719685664182 
 0.828642772855  0.828642723265 
 0.95409547635  0.954095166441 
 1.09854114199  1.09853931583 
 1.26485521686  1.26484571701 
 1.4563484775  1.456304799 
 1.67683293681  1.67664861941 
 1.93069772888  1.92994873777 
 2.22299648253  2.21994640119 
 2.5595479227  2.54683158978 
 2.94705170255  2.8938136545 
 3.3932217719  3.19408905541 
 3.90693993705  3.35780754628 
 4.49843266897  3.40893772708 
 5.17947467923  3.42002637094 
 5.96362331659  3.4220097679 
 6.86648845004  3.42231837135 
 7.90604321091  3.42236047459 
 9.10298177992  3.42236544791 
 10.4811313415  3.42236597161 
 12.0679264064  3.42236594666 
 13.8949549437  3.42236597058 
 15.9985871961  3.42236597127 
 18.4206996933  3.42236595808 
 21.2095088792  3.42236596213 
 24.4205309455  3.42236596597 
 28.1176869797  3.42236599507 
 32.3745754282  3.4223660021 
 37.2759372031  3.42236602049 
 42.9193426013  3.42236595994 
 49.4171336132  3.42236595117 
 56.8986602902  3.42236603171 
 65.512855686  3.42236594335 
 75.4312006335  3.42236594345 
 86.8511373751  3.4223659512 
 100.0  3.42236599074 
686.648845004 50 
 0.1  0.0999999999955 
 0.115139539933  0.115139539929 
 0.132571136559  0.132571136557 
 0.152641796718  0.152641796716 
 0.175751062485  0.175751062485 
 0.202358964773  0.202358964774 
 0.232995181052  0.232995181059 
 0.268269579528  0.268269579512 
 0.308884359648  0.308884359636 
 0.355648030622  0.355648030624 
 0.409491506238  0.409491506347 
 0.471486636346  0.471486636203 
 0.542867543932  0.542867544386 
 0.625055192527  0.625055190124 
 0.719685673001  0.719685661759 
 0.828642772855  0.828642709205 
 0.95409547635  0.954095075185 
 1.09854114199  1.09853874801 
 1.26485521686  1.26484299003 
 1.4563484775  1.45629297235 
 1.67683293681  1.67660190729 
 1.93069772888  1.92977105493 
 2.22299648253  2.21927066682 
 2.5595479227  2.54423750415 
 2.94705170255  2.8843708268 
 3.3932217719  3.16800452897 
 3.90693993705  3.31439982396 
 4.49843266897  3.35844497973 
 5.17947467923  3.36788241935 
 5.96362331659  3.36956650031 
 6.86648845004  3.36982855612 
 7.90604321091  3.36986425603 
 9.10298177992  3.36986845014 
 10.4811313415  3.36986893966 
 12.0679264064  3.36986895154 
 13.8949549437  3.36986894224 
 15.9985871961  3.36986896377 
 18.4206996933  3.36986895237 
 21.2095088792  3.36986896156 
 24.4205309455  3.36986894084 
 28.1176869797  3.36986894894 
 32.3745754282  3.36986895246 
 37.2759372031  3.36986897506 
 42.9193426013  3.3698689476 
 49.4171336132  3.3698689287 
 56.8986602902  3.36986894302 
 65.512855686  3.36986894346 
 75.4312006335  3.36986894281 
 86.8511373751  14.3828015775 
 100.0  51.4646412181 
1151.39539933 50 
 0.1  0.0999999999988 
 0.115139539933  0.115139539932 
 0.132571136559  0.132571136559 
 0.152641796718  0.152641796719 
 0.175751062485  0.175751062489 
 0.202358964773  0.202358964784 
 0.232995181052  0.232995181028 
 0.268269579528  0.268269579519 
 0.308884359648  0.308884359646 
 0.355648030622  0.355648030649 
 0.409491506238  0.409491506221 
 0.471486636346  0.471486636374 
 0.542867543932  0.542867543633 
 0.625055192527  0.625055189509 
 0.719685673001  0.719685660233 
 0.828642772855  0.828642704264 
 0.95409547635  0.954094961145 
 1.09854114199  1.09853817876 
 1.26485521686  1.26484018279 
 1.4563484775  1.45628103948 
 1.67683293681  1.67655488423 
 1.93069772888  1.92959253455 
 2.22299648253  2.21859424689 
 2.5595479227  2.54166210456 
 2.94705170255  2.87521977244 
 3.3932217719  3.14399166873 
 3.90693993705  3.27629672034 
 4.49843266897  3.31491148507 
 5.17947467923  3.32310599009 
 5.96362331659  3.32456542805 
 6.86648845004  3.32479243646 
 7.90604321091  3.32482336864 
 9.10298177992  3.32482699671 
 10.4811313415  3.32482742281 
 12.0679264064  3.32482744934 
 13.8949549437  3.32482744558 
 15.9985871961  3.32482746938 
 18.4206996933  3.32482741085 
 21.2095088792  3.32482740205 
 24.4205309455  3.32482740172 
 28.1176869797  3.32482740582 
 32.3745754282  3.32482741149 
 37.2759372031  3.32482741639 
 42.9193426013  3.32482746237 
 49.4171336132  3.32482745314 
 56.8986602902  3.32482746562 
 65.512855686  3.32482741244 
 75.4312006335  36.2744927491 
 86.8511373751  56.2331103503 
 100.0  74.9054719847 
1930.69772888 50 
 0.1  0.100000000001 
 0.115139539933  0.115139539934 
 0.132571136559  0.132571136562 
 0.152641796718  0.152641796725 
 0.175751062485  0.175751062515 
 0.202358964773  0.202358964756 
 0.232995181052  0.232995181045 
 0.268269579528  0.268269579526 
 0.308884359648  0.308884359656 
 0.355648030622  0.355648030469 
 0.409491506238  0.409491506162 
 0.471486636346  0.471486636569 
 0.542867543932  0.542867543779 
 0.625055192527  0.625055188244 
 0.719685673001  0.719685654283 
 0.828642772855  0.82864266767 
 0.95409547635  0.954094855603 
 1.09854114199  1.09853760318 
 1.26485521686  1.26483739639 
 1.4563484775  1.45626905074 
 1.67683293681  1.67650773406 
 1.93069772888  1.92941386819 
 2.22299648253  2.2179188992 
 2.5595479227  2.53911003397 
 2.94705170255  2.86635520347 
 3.3932217719  3.12177428902 
 3.90693993705  3.24240415217 
 4.49843266897  3.27673608629 
 5.17947467923  3.28396504025 
 5.96362331659  3.28525039327 
 6.86648845004  3.28545026643 
 7.90604321091  3.28547751294 
 9.10298177992  3.28548069143 
 10.4811313415  3.28548103369 
 12.0679264064  3.28548107253 
 13.8949549437  3.28548108492 
 15.9985871961  3.28548106807 
 18.4206996933  3.28548109459 
 21.2095088792  3.28548106127 
 24.4205309455  3.28548108129 
 28.1176869797  3.28548106088 
 32.3745754282  3.28548106595 
 37.2759372031  3.28548111446 
 42.9193426013  3.28548114549 
 49.4171336132  3.285481093 
 56.8986602902  25.1555324654 
 65.512855686  41.0435980493 
 75.4312006335  55.4911381801 
 86.8511373751  70.2040524862 
 100.0  85.9114949395 
3237.45754282 50 
 0.1  0.100000000008 
 0.115139539933  0.11513953995 
 0.132571136559  0.132571136517 
 0.152641796718  0.1526417967 
 0.175751062485  0.175751062479 
 0.202358964773  0.202358964769 
 0.232995181052  0.232995181051 
 0.268269579528  0.268269579532 
 0.308884359648  0.308884359729 
 0.355648030622  0.355648030736 
 0.409491506238  0.409491506248 
 0.471486636346  0.471486635957 
 0.542867543932  0.542867543926 
 0.625055192527  0.625055187874 
 0.719685673001  0.719685652526 
 0.828642772855  0.828642655826 
 0.95409547635  0.954094745939 
 1.09854114199  1.09853702381 
 1.26485521686  1.26483459405 
 1.4563484775  1.4562570919 
 1.67683293681  1.67646051113 
 1.93069772888  1.92923525873 
 2.22299648253  2.21724527698 
 2.5595479227  2.53658238951 
 2.94705170255  2.85776429855 
 3.3932217719  3.1011169307 
 3.90693993705  3.21191972298 
 4.49843266897  3.24279361643 
 5.17947467923  3.24925288162 
 5.96362331659  3.2503998812 
 6.86648845004  3.25057818523 
 7.90604321091  3.25060242207 
 9.10298177992  3.25060536755 
 10.4811313415  3.25060560631 
 12.0679264064  3.2506056737 
 13.8949549437  3.25060566495 
 15.9985871961  3.2506056357 
 18.4206996933  3.25060573771 
 21.2095088792  3.2506056404 
 24.4205309455  3.25060565276 
 28.1176869797  3.25060568068 
 32.3745754282  3.25060565079 
 37.2759372031  3.25060567125 
 42.9193426013  17.0351830294 
 49.4171336132  29.8184339606 
 56.8986602902  41.0279166208 
 65.512855686  52.3090689114 
 75.4312006335  64.2830071629 
 86.8511373751  77.3517209974 
 100.0  91.8554468636 
5428.67543932 50 
 0.1  0.0999999999856 
 0.115139539933  0.115139539925 
 0.132571136559  0.132571136554 
 0.152641796718  0.152641796715 
 0.175751062485  0.175751062484 
 0.202358964773  0.202358964773 
 0.232995181052  0.232995181055 
 0.268269579528  0.268269579564 
 0.308884359648  0.308884359641 
 0.355648030622  0.355648030617 
 0.409491506238  0.409491506324 
 0.471486636346  0.471486635704 
 0.542867543932  0.542867544238 
 0.625055192527  0.625055187258 
 0.719685673001  0.719685647994 
 0.828642772855  0.82864263116 
 0.95409547635  0.954094643775 
 1.09854114199  1.09853644602 
 1.26485521686  1.26483178666 
 1.4563484775  1.45624511226 
 1.67683293681  1.67641334352 
 1.93069772888  1.92905677285 
 2.22299648253  2.21657341985 
 2.5595479227  2.534079411 
 2.94705170255  2.8494323564 
 3.3932217719  3.08182339601 
 3.90693993705  3.18424337937 
 4.49843266897  3.21227072404 
 5.17947467923  3.21810321589 
 5.96362331659  3.21913765416 
 6.86648845004  3.21929853896 
 7.90604321091  3.21932038892 
 9.10298177992  3.2193229883 
 10.4811313415  3.21932333277 
 12.0679264064  3.21932322024 
 13.8949549437  3.21932324154 
 15.9985871961  3.21932330694 
 18.4206996933  3.21932327142 
 21.2095088792  3.21932323741 
 24.4205309455  3.21932319744 
 28.1176869797  3.21932333678 
 32.3745754282  11.0985494843 
 37.2759372031  21.5442691621 
 42.9193426013  30.2696100316 
 49.4171336132  38.9312894404 
 56.8986602902  48.0658664651 
 65.512855686  57.9992678032 
 75.4312006335  68.998224183 
 86.8511373751  81.3183557684 
 100.0  95.2257187278 
9102.98177992 50 
 0.1  0.0999999999975 
 0.115139539933  0.115139539931 
 0.132571136559  0.132571136558 
 0.152641796718  0.152641796717 
 0.175751062485  0.175751062487 
 0.202358964773  0.202358964777 
 0.232995181052  0.232995181091 
 0.268269579528  0.268269579518 
 0.308884359648  0.308884359642 
 0.355648030622  0.355648030634 
 0.409491506238  0.409491506062 
 0.471486636346  0.471486636275 
 0.542867543932  0.542867542831 
 0.625055192527  0.625055189157 
 0.719685673001  0.719685646012 
 0.828642772855  0.828642619944 
 0.95409547635  0.954094546271 
 1.09854114199  1.0985358806 
 1.26485521686  1.26482898758 
 1.4563484775  1.45623309553 
 1.67683293681  1.67636618654 
 1.93069772888  1.92887836996 
 2.22299648253  2.21590354104 
 2.5595479227  2.53160080849 
 2.94705170255  2.84134518168 
 3.3932217719  3.06373036848 
 3.90693993705  3.15891756417 
 4.49843266897  3.18456314352 
 5.17947467923  3.18987592836 
 5.96362331659  3.19081738101 
 6.86648845004  3.19096363256 
 7.90604321091  3.19098361871 
 9.10298177992  3.19098603221 
 10.4811313415  3.19098630377 
 12.0679264064  3.1909862175 
 13.8949549437  3.1909862688 
 15.9985871961  3.19098619562 
 18.4206996933  3.19098627513 
 21.2095088792  3.19098626853 
 24.4205309455  6.70601912334 
 28.1176869797  15.4613349382 
 32.3745754282  22.279499265 
 37.2759372031  28.9401763153 
 42.9193426013  35.9142305662 
 49.4171336132  43.4680716337 
 56.8986602902  51.8117205036 
 65.512855686  61.1425199949 
 75.4312006335  71.6637645018 
 86.8511373751  83.5952175648 
 100.0  97.1806696289 
15264.1796718 50 
 0.1  0.1 
 0.115139539933  0.115139539933 
 0.132571136559  0.13257113656 
 0.152641796718  0.152641796721 
 0.175751062485  0.175751062495 
 0.202358964773  0.202358964636 
 0.232995181052  0.232995181039 
 0.268269579528  0.268269579523 
 0.308884359648  0.30888435965 
 0.355648030622  0.355648030726 
 0.409491506238  0.409491505913 
 0.471486636346  0.47148663644 
 0.542867543932  0.54286754029 
 0.625055192527  0.625055184723 
 0.719685673001  0.719685642435 
 0.828642772855  0.828642599068 
 0.95409547635  0.954094436497 
 1.09854114199  1.09853529846 
 1.26485521686  1.26482619451 
 1.4563484775  1.45622111413 
 1.67683293681  1.67631902767 
 1.93069772888  1.92870019364 
 2.22299648253  2.21523560121 
 2.5595479227  2.52914611323 
 2.94705170255  2.83348941103 
 3.3932217719  3.04670196202 
 3.90693993705  3.13558626406 
 4.49843266897  3.15921124204 
 5.17947467923  3.16408654782 
 5.96362331659  3.1649498251 
 6.86648845004  3.16508387153 
 7.90604321091  3.16510219114 
 9.10298177992  3.16510432934 
 10.4811313415  3.16510458114 
 12.0679264064  3.16510462286 
 13.8949549437  3.16510462867 
 15.9985871961  3.16510470834 
 18.4206996933  3.16510465786 
 21.2095088792  11.0013248804 
 24.4205309455  16.3546419708 
 28.1176869797  21.485562742 
 32.3745754282  26.8147804836 
 37.2759372031  32.5620071426 
 42.9193426013  38.8934036807 
 49.4171336132  45.9617085601 
 56.8986602902  53.9224726613 
 65.512855686  62.9428313431 
 75.4312006335  73.2075801842 
 86.8511373751  84.9242944066 
 100.0  98.3282609319 
25595.479227 50 
 0.1  0.100000000003 
 0.115139539933  0.115139539938 
 0.132571136559  0.13257113657 
 0.152641796718  0.152641796993 
 0.175751062485  0.175751062467 
 0.202358964773  0.202358964766 
 0.232995181052  0.232995181049 
 0.268269579528  0.268269579529 
 0.308884359648  0.30888435967 
 0.355648030622  0.355648030597 
 0.409491506238  0.409491506234 
 0.471486636346  0.471486637751 
 0.542867543932  0.542867543872 
 0.625055192527  0.625055182876 
 0.719685673001  0.71968563843 
 0.828642772855  0.828642580106 
 0.95409547635  0.954094322092 
 1.09854114199  1.09853471744 
 1.26485521686  1.26482340127 
 1.4563484775  1.45620910497 
 1.67683293681  1.67627187576 
 1.93069772888  1.9285220981 
 2.22299648253  2.21456960537 
 2.5595479227  2.52671507901 
 2.94705170255  2.82585273698 
 3.3932217719  3.03062351524 
 3.90693993705  3.1139676781 
 4.49843266897  3.13585773925 
 5.17947467923  3.14035999692 
 5.96362331659  3.14115662246 
 6.86648845004  3.14128039437 
 7.90604321091  3.14129726611 
 9.10298177992  3.14129924858 
 10.4811313415  3.14129948684 
 12.0679264064  3.14129953527 
 13.8949549437  3.1412994919 
 15.9985871961  7.73996886693 
 18.4206996933  11.9684259537 
 21.2095088792  15.928887578 
 24.4205309455  20.0051825422 
 28.1176869797  24.3803032424 
 32.3745754282  29.186403667 
 37.2759372031  34.5420282835 
 42.9193426013  40.5663717613 
 49.4171336132  47.3866483454 
 56.8986602902  55.1430011699 
 65.512855686  63.9925259473 
 75.4312006335  74.1130768108 
 86.8511373751  85.7071984433 
 100.0  99.0063907207 
42919.3426013 50 
 0.1  0.100000000033 
 0.115139539933  0.115139539892 
 0.132571136559  0.132571136548 
 0.152641796718  0.152641796712 
 0.175751062485  0.175751062482 
 0.202358964773  0.202358964771 
 0.232995181052  0.232995181053 
 0.268269579528  0.26826957954 
 0.308884359648  0.308884359593 
 0.355648030622  0.35564803061 
 0.409491506238  0.409491506274 
 0.471486636346  0.471486636434 
 0.542867543932  0.542867544012 
 0.625055192527  0.625055184725 
 0.719685673001  0.719685635906 
 0.828642772855  0.828642560137 
 0.95409547635  0.95409422449 
 1.09854114199  1.09853413782 
 1.26485521686  1.26482059584 
 1.4563484775  1.45619712609 
 1.67683293681  1.67622472458 
 1.93069772888  1.92834424592 
 2.22299648253  2.21390553375 
 2.5595479227  2.52430707593 
 2.94705170255  2.81842339868 
 3.3932217719  3.01539742373 
 3.90693993705  3.09383478882 
 4.49843266897  3.11421987121 
 5.17947467923  3.11840041304 
 5.96362331659  3.1191396525 
 6.86648845004  3.11925464491 
 7.90604321091  3.11927016457 
 9.10298177992  3.11927208969 
 10.4811313415  3.1192722543 
 12.0679264064  5.35480530773 
 13.8949549437  8.72694842583 
 15.9985871961  11.7910784387 
 18.4206996933  14.9124142755 
 21.2095088792  18.2450382087 
 24.4205309455  21.8946694586 
 28.1176869797  25.9535953658 
 32.3745754282  30.513299184 
 37.2759372031  35.670692649 
 42.9193426013  41.5321085698 
 49.4171336132  48.2164740628 
 56.8986602902  55.8582550754 
 65.512855686  64.6104633242 
 75.4312006335  74.6478978164 
 86.8511373751  86.1707432121 
 100.0  99.4086284232 
71968.5673001 50 
 0.1  0.0999999999953 
 0.115139539933  0.115139539929 
 0.132571136559  0.132571136557 
 0.152641796718  0.152641796716 
 0.175751062485  0.175751062485 
 0.202358964773  0.202358964774 
 0.232995181052  0.232995181062 
 0.268269579528  0.268269579473 
 0.308884359648  0.308884359636 
 0.355648030622  0.355648030625 
 0.409491506238  0.40949150702 
 0.471486636346  0.471486636199 
 0.542867543932  0.542867543032 
 0.625055192527  0.625055182286 
 0.719685673001  0.719685632582 
 0.828642772855  0.828642540894 
 0.95409547635  0.954094122674 
 1.09854114199  1.09853356709 
 1.26485521686  1.26481779662 
 1.4563484775  1.45618512991 
 1.67683293681  1.6761776022 
 1.93069772888  1.92816653069 
 2.22299648253  2.21324340429 
 2.5595479227  2.52192177097 
 2.94705170255  2.8111907709 
 3.3932217719  3.00094079663 
 3.90693993705  3.07500240695 
 4.49843266897  3.09407016969 
 5.17947467923  3.09797056015 
 5.96362331659  3.09865992969 
 6.86648845004  3.09876700587 
 7.90604321091  3.0987816442 
 9.10298177992  3.09878329767 
 10.4811313415  6.33533457307 
 12.0679264064  8.71308156919 
 13.8949549437  11.1060884979 
 15.9985871961  13.6463152472 
 18.4206996933  16.418881777 
 21.2095088792  19.4958773875 
 24.4205309455  22.9476405948 
 28.1176869797  26.8480688081 
 32.3745754282  31.2778831827 
 37.2759372031  36.3271431563 
 42.9193426013  42.0975304802 
 49.4171336132  48.704651496 
 56.8986602902  56.2805032558 
 65.512855686  64.9762003584 
 75.4312006335  74.9650446454 
 86.8511373751  86.4460134372 
 100.0  99.6477451081 
120679.264064 50 
 0.1  0.099999999999 
 0.115139539933  0.115139539932 
 0.132571136559  0.132571136559 
 0.152641796718  0.152641796719 
 0.175751062485  0.175751062489 
 0.202358964773  0.202358964788 
 0.232995181052  0.232995181025 
 0.268269579528  0.268269579519 
 0.308884359648  0.308884359646 
 0.355648030622  0.355648030655 
 0.409491506238  0.409491506259 
 0.471486636346  0.471486636382 
 0.542867543932  0.542867543827 
 0.625055192527  0.625055181165 
 0.719685673001  0.719685629042 
 0.828642772855  0.828642522466 
 0.95409547635  0.954094014049 
 1.09854114199  1.09853299229 
 1.26485521686  1.26481499659 
 1.4563484775  1.45617314823 
 1.67683293681  1.67613050712 
 1.93069772888  1.92798882601 
 2.22299648253  2.21258309722 
 2.5595479227  2.519558728 
 2.94705170255  2.80414517747 
 3.3932217719  2.98718175534 
 3.90693993705  3.0573176751 
 4.49843266897  3.07522309392 
 5.17947467923  3.07887735164 
 5.96362331659  3.07952290198 
 6.86648845004  3.07962328898 
 7.90604321091  4.52953973106 
 9.10298177992  6.42552793501 
 10.4811313415  8.26315895684 
 12.0679264064  10.2008209963 
 13.8949549437  12.3080243903 
 15.9985871961  14.6413014347 
 18.4206996933  17.2548388381 
 21.2095088792  20.2050427316 
 24.4205309455  23.5532264496 
 28.1176869797  27.3676111105 
 32.3745754282  31.7251019162 
 37.2759372031  36.7130547374 
 42.9193426013  42.4311534285 
 49.4171336132  48.9934773425 
 56.8986602902  56.5308235186 
 65.512855686  65.1933425291 
 75.4312006335  75.153547669 
 86.8511373751  86.6097623097 
 100.0  99.7900761273 
202358.964773 50 
 0.1  0.100000000001 
 0.115139539933  0.115139539935 
 0.132571136559  0.132571136563 
 0.152641796718  0.152641796727 
 0.175751062485  0.175751061525 
 0.202358964773  0.202358964758 
 0.232995181052  0.232995181046 
 0.268269579528  0.268269579526 
 0.308884359648  0.308884359657 
 0.355648030622  0.355648030483 
 0.409491506238  0.409491506171 
 0.471486636346  0.471486636628 
 0.542867543932  0.542867543799 
 0.625055192527  0.625055179497 
 0.719685673001  0.719685622722 
 0.828642772855  0.828642510028 
 0.95409547635  0.95409391037 
 1.09854114199  1.0985324119 
 1.26485521686  1.2648122076 
 1.4563484775  1.45616115387 
 1.67683293681  1.67608339685 
 1.93069772888  1.9278114262 
 2.22299648253  2.2119247381 
 2.5595479227  2.51721761428 
 2.94705170255  2.79727747782 
 3.3932217719  2.97405820012 
 3.90693993705  3.04065282344 
 4.49843266897  3.05752535904 
 5.17947467923  3.06096182443 
 5.96362331659  3.06156871623 
 6.86648845004  4.69964015354 
 7.90604321091  6.14044332963 
 9.10298177992  7.62050102915 
 10.4811313415  9.22280924773 
 12.0679264064  10.9926679678 
 13.8949549437  12.9719405673 
 15.9985871961  15.2037319782 
 18.4206996933  17.7346420165 
 21.2095088792  20.6163669959 
 24.4205309455  23.9070847459 
 28.1176869797  27.6728124542 
 32.3745754282  31.9888372262 
 37.2759372031  36.9412845036 
 42.9193426013  42.6288753304 
 49.4171336132  49.1649183047 
 56.8986602902  56.6795819361 
 65.512855686  65.3224968018 
 75.4312006335  75.2657410341 
 86.8511373751  86.7072703649 
 100.0  99.8748617119 
339322.17719 50 
 0.1  0.10000000001 
 0.115139539933  0.115139539961 
 0.132571136559  0.132571136764 
 0.152641796718  0.152641796704 
 0.175751062485  0.17575106248 
 0.202358964773  0.20235896477 
 0.232995181052  0.232995181051 
 0.268269579528  0.268269579533 
 0.308884359648  0.308884359808 
 0.355648030622  0.355648030553 
 0.409491506238  0.409491506251 
 0.471486636346  0.471486636062 
 0.542867543932  0.542867543931 
 0.625055192527  0.625055179568 
 0.719685673001  0.719685623218 
 0.828642772855  0.828642492585 
 0.95409547635  0.954093801464 
 1.09854114199  1.09853183297 
 1.26485521686  1.26480941218 
 1.4563484775  1.45614918007 
 1.67683293681  1.67603631667 
 1.93069772888  1.92763410874 
 2.22299648253  2.21126825553 
 2.5595479227  2.51489797498 
 2.94705170255  2.79057907804 
 3.3932217719  2.96151545572 
 3.90693993705  3.02490004184 
 4.49843266897  3.04084877269 
 5.17947467923  3.04409129952 
 5.96362331659  4.5179834041 
 6.86648845004  5.68706163408 
 7.90604321091  6.90797029655 
 9.10298177992  8.25100335522 
 10.4811313415  9.75027003723 
 12.0679264064  11.438847054 
 13.8949549437  13.3521804305 
 15.9985871961  15.5294587785 
 18.4206996933  18.0147024993 
 21.2095088792  20.8578091442 
 24.4205309455  24.1156447221 
 28.1176869797  27.8532341563 
 32.3745754282  32.1450914753 
 37.2759372031  37.0767253906 
 42.9193426013  42.7463555329 
 49.4171336132  49.2668765699 
 56.8986602902  56.7681113698 
 65.512855686  65.3993990189 
 75.4312006335  75.3325701078 
 86.8511373751  86.7653689058 
 100.0  99.9253908476 
568986.602902 50 
 0.1  0.0999999999889 
 0.115139539933  0.115139539926 
 0.132571136559  0.132571136555 
 0.152641796718  0.152641796715 
 0.175751062485  0.175751062484 
 0.202358964773  0.202358964773 
 0.232995181052  0.232995181056 
 0.268269579528  0.26826957958 
 0.308884359648  0.30888435965 
 0.355648030622  0.355648030618 
 0.409491506238  0.409491506344 
 0.471486636346  0.471486635909 
 0.542867543932  0.542867544337 
 0.625055192527  0.625055178344 
 0.719685673001  0.719685618891 
 0.828642772855  0.828642468655 
 0.95409547635  0.954093704546 
 1.09854114199  1.09853125902 
 1.26485521686  1.26480660494 
 1.4563484775  1.45613720728 
 1.67683293681  1.67598921653 
 1.93069772888  1.92745704019 
 2.22299648253  2.21061363656 
 2.5595479227  2.51259934916 
 2.94705170255  2.78404199081 
 3.3932217719  2.94950584378 
 3.90693993705  3.00996749727 
 4.49843266897  3.025085518 
 5.17947467923  4.15987664216 
 5.96362331659  5.16673773417 
 6.86648845004  6.19096298184 
 7.90604321091  7.32724193222 
 9.10298177992  8.60504909144 
 10.4811313415  10.0516677238 
 12.0679264064  11.6968374799 
 13.8949549437  13.5738753122 
 15.9985871961  15.7205003507 
 18.4206996933  18.1796684714 
 21.2095088792  21.0004764434 
 24.4205309455  24.239169142 
 28.1176869797  27.9602777399 
 32.3745754282  32.2379159867 
 37.2759372031  37.1572629414 
 42.9193426013  42.8162634282 
 49.4171336132  49.3275807987 
 56.8986602902  56.8208417191 
 65.512855686  65.4452179038 
 75.4312006335  75.3723964978 
 86.8511373751  86.799998378 
 100.0  99.9555125269 
954095.47635 50 
 0.1  0.0999999999978 
 0.115139539933  0.115139539931 
 0.132571136559  0.132571136558 
 0.152641796718  0.152641796718 
 0.175751062485  0.175751062487 
 0.202358964773  0.202358964778 
 0.232995181052  0.232995181122 
 0.268269579528  0.268269579523 
 0.308884359648  0.308884359642 
 0.355648030622  0.355648030636 
 0.409491506238  0.409491506108 
 0.471486636346  0.471486636288 
 0.542867543932  0.542867543053 
 0.625055192527  0.625055177522 
 0.719685673001  0.719685616918 
 0.828642772855  0.828642455858 
 0.95409547635  0.954093589425 
 1.09854114199  1.0985306833 
 1.26485521686  1.26480380528 
 1.4563484775  1.45612522505 
 1.67683293681  1.67594220528 
 1.93069772888  1.92728010042 
 2.22299648253  2.20996098704 
 2.5595479227  2.51032162084 
 2.94705170255  2.77765897696 
 3.3932217719  2.93798749514 
 3.90693993705  2.99577674682 
 4.49843266897  3.50059102626 
 5.17947467923  4.63044897703 
 5.96362331659  5.50404190237 
 6.86648845004  6.47223743918 
 7.90604321091  7.56620380524 
 9.10298177992  8.80942018665 
 10.4811313415  10.2271850054 
 12.0679264064  11.8480210779 
 13.8949549437  13.7043799419 
 15.9985871961  15.8333340401 
 18.4206996933  18.2773399338 
 21.2095088792  21.085098913 
 24.4205309455  24.3125361757 
 28.1176869797  28.0239202516 
 32.3745754282  32.2931463202 
 37.2759372031  37.2052097663 
 42.9193426013  42.8578997908 
 49.4171336132  49.3637471487 
 56.8986602902  56.8522649702 
 65.512855686  65.472527408 
 75.4312006335  75.396137532 
 86.8511373751  86.8206435897 
 100.0  99.9734716981 
1599858.71961 50 
 0.1  0.1 
 0.115139539933  0.115139539934 
 0.132571136559  0.132571136561 
 0.152641796718  0.152641796721 
 0.175751062485  0.175751062497 
 0.202358964773  0.202358964722 
 0.232995181052  0.232995181041 
 0.268269579528  0.268269579524 
 0.308884359648  0.308884359651 
 0.355648030622  0.355648030775 
 0.409491506238  0.40949150604 
 0.471486636346  0.471486636465 
 0.542867543932  0.542867542189 
 0.625055192527  0.625055180548 
 0.719685673001  0.719685613253 
 0.828642772855  0.828642432124 
 0.95409547635  0.954093493195 
 1.09854114199  1.09853010593 
 1.26485521686  1.26480104756 
 1.4563484775  1.4561132331 
 1.67683293681  1.67589511399 
 1.93069772888  1.92710321891 
 2.22299648253  2.20930999624 
 2.5595479227  2.50806420733 
 2.94705170255  2.77142332559 
 3.3932217719  2.92692280604 
 3.90693993705  2.98225941541 
 4.49843266897  4.09636285036 
 5.17947467923  4.86388156522 
 5.96362331659  5.69436463226 
 6.86648845004  6.63421901412 
 7.90604321091  7.70518104837 
 9.10298177992  8.9290739205 
 10.4811313415  10.3304382782 
 12.0679264064  11.9372704368 
 13.8949549437  13.7816201495 
 15.9985871961  15.9002429795 
 18.4206996933  18.3353401034 
 21.2095088792  21.1354034942 
 24.4205309455  24.356184477 
 28.1176869797  28.0618056712 
 32.3745754282  32.326038803 
 37.2759372031  37.2337741449 
 42.9193426013  42.8827109791 
 49.4171336132  49.3853028499 
 56.8986602902  56.8709963972 
 65.512855686  65.4888083877 
 75.4312006335  75.4102922653 
 86.8511373751  86.832953305 
 100.0  99.984180356 
2682695.79528 50 
 0.1  0.100000000004 
 0.115139539933  0.115139539939 
 0.132571136559  0.132571136575 
 0.152641796718  0.152641796641 
 0.175751062485  0.175751062472 
 0.202358964773  0.202358964768 
 0.232995181052  0.23299518105 
 0.268269579528  0.268269579531 
 0.308884359648  0.308884359675 
 0.355648030622  0.355648030613 
 0.409491506238  0.409491506245 
 0.471486636346  0.471486636177 
 0.542867543932  0.542867543906 
 0.625055192527  0.625055175486 
 0.719685673001  0.719685608677 
 0.828642772855  0.828642414818 
 0.95409547635  0.954093358566 
 1.09854114199  1.09852952266 
 1.26485521686  1.26479822543 
 1.4563484775  1.45610124087 
 1.67683293681  1.67584809775 
 1.93069772888  1.92692656399 
 2.22299648253  2.20866100382 
 2.5595479227  2.50582675672 
 2.94705170255  2.76532869535 
 3.3932217719  2.91627846509 
 3.90693993705  3.45783662153 
 4.49843266897  4.27547397409 
 5.17947467923  4.99467339458 
 5.96362331659  5.80464344401 
 6.86648845004  6.72894413109 
 7.90604321091  7.78688047894 
 9.10298177992  8.9996739867 
 10.4811313415  10.3915265488 
 12.0679264064  11.9901793605 
 13.8949549437  13.8274780662 
 15.9985871961  15.9400113748 
 18.4206996933  18.3698421396 
 21.2095088792  21.1653464073 
 24.4205309455  24.3821775419 
 28.1176869797  28.0843748288 
 32.3745754282  32.3456387578 
 37.2759372031  37.2507984698 
 42.9193426013  42.8975006323 
 49.4171336132  49.3981534017 
 56.8986602902  56.8821641963 
 65.512855686  65.498515838 
 75.4312006335  75.4187323617 
 86.8511373751  86.8402935339 
 100.0  99.9905660575 
4498432.66897 50 
 0.1  0.100000000106 
 0.115139539933  0.11513953991 
 0.132571136559  0.132571136552 
 0.152641796718  0.152641796715 
 0.175751062485  0.175751062484 
 0.202358964773  0.202358964774 
 0.232995181052  0.232995181053 
 0.268269579528  0.268269579546 
 0.308884359648  0.308884359611 
 0.355648030622  0.35564803062 
 0.409491506238  0.40949150631 
 0.471486636346  0.471486636601 
 0.542867543932  0.542867544134 
 0.625055192527  0.625055175152 
 0.719685673001  0.71968559572 
 0.828642772855  0.828642397486 
 0.95409547635  0.954093274148 
 1.09854114199  1.09852893729 
 1.26485521686  1.26479541902 
 1.4563484775  1.45608928867 
 1.67683293681  1.67580110446 
 1.93069772888  1.92675003227 
 2.22299648253  2.2080137296 
 2.5595479227  2.50360913181 
 2.94705170255  2.75936858071 
 3.3932217719  2.90602451692 
 3.90693993705  3.73042972461 
 4.49843266897  4.36967295849 
 5.17947467923  5.07036076241 
 5.96362331659  5.86935969376 
 6.86648845004  6.78480009366 
 7.90604321091  7.8351972488 
 9.10298177992  9.04151491036 
 10.4811313415  10.4277870385 
 12.0679264064  12.0216214772 
 13.8949549437  13.8547538017 
 15.9985871961  15.9636806301 
 18.4206996933  18.3903870744 
 21.2095088792  21.1831831117 
 24.4205309455  24.3976656655 
 28.1176869797  28.0978256119 
 32.3745754282  32.3573217946 
 37.2759372031  37.2609474444 
 42.9193426013  42.9063182068 
 49.4171336132  49.4058154036 
 56.8986602902  56.8888232136 
 65.512855686  65.5043043159 
 75.4312006335  75.4237652718 
 86.8511373751  86.8446706779 
 100.0  99.9943740577 
7543120.06335 50 
 0.1  0.0999999999988 
 0.115139539933  0.11513953993 
 0.132571136559  0.132571136562 
 0.152641796718  0.152641796721 
 0.175751062485  0.175751062486 
 0.202358964773  0.202358964776 
 0.232995181052  0.232995181065 
 0.268269579528  0.268269579491 
 0.308884359648  0.308884359648 
 0.355648030622  0.355648030654 
 0.409491506238  0.409491509016 
 0.471486636346  0.471486636243 
 0.542867543932  0.542867542767 
 0.625055192527  0.625055175871 
 0.719685673001  0.719685601067 
 0.828642772855  0.828642378105 
 0.95409547635  0.954093172118 
 1.09854114199  1.09852837353 
 1.26485521686  1.26479263888 
 1.4563484775  1.45607729291 
 1.67683293681  1.67575404123 
 1.93069772888  1.92657367017 
 2.22299648253  2.20736834303 
 2.5595479227  2.50141093502 
 2.94705170255  2.75353733965 
 3.3932217719  2.89613433212 
 3.90693993705  3.8121739412 
 4.49843266897  4.4229106444 
 5.17947467923  5.11477203236 
 5.96362331659  5.90759799213 
 6.86648845004  6.81789114035 
 7.90604321091  7.86387018979 
 9.10298177992  9.06637538768 
 10.4811313415  10.4493515674 
 12.0679264064  12.0403333113 
 13.8949549437  13.8709945097 
 15.9985871961  15.9777794056 
 18.4206996933  18.4026283925 
 21.2095088792  21.1938131138 
 24.4205309455  24.406897528 
 28.1176869797  28.1058440941 
 32.3745754282  32.3642871156 
 37.2759372031  37.2669985992 
 42.9193426013  42.911575817 
 49.4171336132  49.4103841699 
 56.8986602902  56.8927940317 
 65.512855686  65.5077561043 
 75.4312006335  75.4267665513 
 86.8511373751  86.8472809378 
 100.0  99.9966449375 
12648552.1686 50 
 0.1  0.100000000006 
 0.115139539933  0.115139539935 
 0.132571136559  0.132571136564 
 0.152641796718  0.152641796728 
 0.175751062485  0.175751062491 
 0.202358964773  0.202358964794 
 0.232995181052  0.232995181036 
 0.268269579528  0.268269579521 
 0.308884359648  0.308884359674 
 0.355648030622  0.355648030721 
 0.409491506238  0.409491506315 
 0.471486636346  0.471486636292 
 0.542867543932  0.542867543597 
 0.625055192527  0.625055172822 
 0.719685673001  0.719685599252 
 0.828642772855  0.828642361917 
 0.95409547635  0.954093074554 
 1.09854114199  1.09852779755 
 1.26485521686  1.26478983661 
 1.4563484775  1.45606531996 
 1.67683293681  1.67570707562 
 1.93069772888  1.92639730081 
 2.22299648253  2.20672475127 
 2.5595479227  2.49923157764 
 2.94705170255  2.74783043026 
 3.3932217719  3.30130227111 
 3.90693993705  3.85310012585 
 4.49843266897  4.45380593153 
 5.17947467923  5.1410156965 
 5.96362331659  5.93027862034 
 6.86648845004  6.83754867038 
 7.90604321091  7.88091997937 
 9.10298177992  9.08116885898 
 10.4811313415  10.4621906933 
 12.0679264064  12.0514785229 
 13.8949549437  13.8806708178 
 15.9985871961  15.9861814705 
 18.4206996933  18.409924783 
 21.2095088792  21.2001499127 
 24.4205309455  24.4124014037 
 28.1176869797  28.1106249281 
 32.3745754282  32.3684402587 
 37.2759372031  37.2706068137 
 42.9193426013  42.9147109523 
 49.4171336132  49.4131086099 
 56.8986602902  56.895161947 
 65.512855686  65.509814535 
 75.4312006335  75.428556345 
 86.8511373751  86.8488375616 
 100.0  99.9979991805 
21209508.8792 50 
 0.1  0.100000000013 
 0.115139539933  0.115139539943 
 0.132571136559  0.132571136564 
 0.152641796718  0.15264179673 
 0.175751062485  0.175751062427 
 0.202358964773  0.202358964765 
 0.232995181052  0.232995181059 
 0.268269579528  0.268269579536 
 0.308884359648  0.308884359701 
 0.355648030622  0.355648030582 
 0.409491506238  0.40949150621 
 0.471486636346  0.471486636331 
 0.542867543932  0.542867543155 
 0.625055192527  0.625055171329 
 0.719685673001  0.719685596614 
 0.828642772855  0.828642341116 
 0.95409547635  0.954092938375 
 1.09854114199  1.09852722103 
 1.26485521686  1.26478704087 
 1.4563484775  1.45605333047 
 1.67683293681  1.67566009127 
 1.93069772888  1.9262214613 
 2.22299648253  2.20608299454 
 2.5595479227  2.49707110377 
 2.94705170255  2.74224215534 
 3.3932217719  3.35015100359 
 3.90693993705  3.87564195726 
 4.49843266897  4.47195828016 
 5.17947467923  5.15658365961 
 5.96362331659  5.94376133894 
 6.86648845004  6.84924466046 
 7.90604321091  7.89107029156 
 9.10298177992  9.08997967254 
 10.4811313415  10.4698399741 
 12.0679264064  12.0581202068 
 13.8949549437  13.8864381962 
 15.9985871961  15.9911900459 
 18.4206996933  18.4142747007 
 21.2095088792  21.2039280407 
 24.4205309455  24.4156831183 
 28.1176869797  28.1134756513 
 32.3745754282  32.3709167838 
 37.2759372031  37.2727584511 
 42.9193426013  42.9165805202 
 49.4171336132  49.4147332921 
 56.8986602902  56.8965740358 
 65.512855686  65.511042075 
 75.4312006335  75.4296236905 
 86.8511373751  86.8497658602 
 100.0  99.9988067914 
35564803.0622 50 
 0.1  0.100000000041 
 0.115139539933  0.115139540008 
 0.132571136559  0.132571136492 
 0.152641796718  0.152641796712 
 0.175751062485  0.175751062493 
 0.202358964773  0.202358964783 
 0.232995181052  0.232995181072 
 0.268269579528  0.268269579558 
 0.308884359648  0.308884360401 
 0.355648030622  0.35564803043 
 0.409491506238  0.409491506372 
 0.471486636346  0.47148663584 
 0.542867543932  0.542867543349 
 0.625055192527  0.625055172264 
 0.719685673001  0.719685591876 
 0.828642772855  0.82864233 
 0.95409547635  0.954092864868 
 1.09854114199  1.09852665391 
 1.26485521686  1.26478424722 
 1.4563484775  1.4560413687 
 1.67683293681  1.67561313085 
 1.93069772888  1.92604543232 
 2.22299648253  2.20544295383 
 2.5595479227  2.49492899734 
 2.94705170255  2.73676796845 
 3.3932217719  3.36993593075 
 3.90693993705  3.88853921211 
 4.49843266897  4.48269248542 
 5.17947467923  5.16583899215 
 5.96362331659  5.95178671729 
 6.86648845004  6.85621015382 
 7.90604321091  7.89711734341 
 9.10298177992  9.09523004892 
 10.4811313415  10.4743990595 
 12.0679264064  12.0620793173 
 13.8949549437  13.8898765044 
 15.9985871961  15.9941762258 
 18.4206996933  18.4168683392 
 21.2095088792  21.2061808539 
 24.4205309455  24.4176399996 
 28.1176869797  28.1151755779 
 32.3745754282  32.3723936001 
 37.2759372031  37.2740415477 
 42.9193426013  42.9176954215 
 49.4171336132  49.4157021661 
 56.8986602902  56.8974161358 
 65.512855686  65.5117741227 
 75.4312006335  75.4302602081 
 86.8511373751  86.8503194579 
 100.0  99.999288417 
59636233.1659 50 
 0.1  0.0999999999941 
 0.115139539933  0.11513953994 
 0.132571136559  0.132571136567 
 0.152641796718  0.152641796727 
 0.175751062485  0.1757510625 
 0.202358964773  0.202358964791 
 0.232995181052  0.232995181081 
 0.268269579528  0.26826957965 
 0.308884359648  0.308884359669 
 0.355648030622  0.355648030686 
 0.409491506238  0.409491506247 
 0.471486636346  0.471486635618 
 0.542867543932  0.542867544124 
 0.625055192527  0.62505516997 
 0.719685673001  0.719685589094 
 0.828642772855  0.828642309893 
 0.95409547635  0.954092755863 
 1.09854114199  1.09852606114 
 1.26485521686  1.26478146488 
 1.4563484775  1.45602940523 
 1.67683293681  1.67556615737 
 1.93069772888  1.92586972405 
 2.22299648253  2.2048047399 
 2.5595479227  2.49280495659 
 2.94705170255  2.92412624016 
 3.3932217719  3.38000951312 
 3.90693993705  3.89605592568 
 4.49843266897  4.48906265408 
 5.17947467923  5.17134840331 
 5.96362331659  5.95656737155 
 6.86648845004  6.8603607255 
 7.90604321091  7.90072137373 
 9.10298177992  9.09835973407 
 10.4811313415  10.4771169825 
 12.0679264064  12.0644397635 
 13.8949549437  13.8919265771 
 15.9985871961  15.9959568058 
 18.4206996933  18.4184149139 
 21.2095088792  21.2075242331 
 24.4205309455  24.4188069354 
 28.1176869797  28.1161893012 
 32.3745754282  32.3732742858 
 37.2759372031  37.2748067172 
 42.9193426013  42.9183602929 
 49.4171336132  49.4162799571 
 56.8986602902  56.8979183266 
 65.512855686  65.5122106845 
 75.4312006335  75.4306398006 
 86.8511373751  86.850649601 
 100.0  99.9995756393 
100000000.0 50 
 0.1  0.10000000001 
 0.115139539933  0.115139539947 
 0.132571136559  0.132571136572 
 0.152641796718  0.152641796732 
 0.175751062485  0.175751062504 
 0.202358964773  0.202358964799 
 0.232995181052  0.232995181325 
 0.268269579528  0.268269579555 
 0.308884359648  0.308884359686 
 0.355648030622  0.355648030727 
 0.409491506238  0.40949150597 
 0.471486636346  0.471486636039 
 0.542867543932  0.542867542297 
 0.625055192527  0.625055169905 
 0.719685673001  0.719685585118 
 0.828642772855  0.828642291984 
 0.95409547635  0.95409264369 
 1.09854114199  1.09852549183 
 1.26485521686  1.26477863613 
 1.4563484775  1.45601745084 
 1.67683293681  1.67551923755 
 1.93069772888  1.92569407829 
 2.22299648253  2.20416833939 
 2.5595479227  2.49069896597 
 2.94705170255  2.93635753631 
 3.3932217719  3.38555496362 
 3.90693993705  3.90048006348 
 4.49843266897  4.49285067438 
 5.17947467923  5.17463043562 
 5.96362331659  5.95941646672 
 6.86648845004  6.86283476827 
 7.90604321091  7.90286989911 
 9.10298177992  9.10022564828 
 10.4811313415  10.478737514 
 12.0679264064  12.0658472251 
 13.8949549437  13.8931490193 
 15.9985871961  15.9970185824 
 18.4206996933  18.419337171 
 21.2095088792  21.2083253333 
 24.4205309455  24.4195028254 
 28.1176869797  28.1167938303 
 32.3745754282  32.3737994821 
 37.2759372031  37.275263028 
 42.9193426013  42.9187567923 
 49.4171336132  49.4166245266 
 56.8986602902  56.8982178122 
 65.512855686  65.5124710321 
 75.4312006335  75.4308661744 
 86.8511373751  86.8508464853 
 100.0  99.9997469275 
