0.001 50 
 0.1  0.1 
 0.115139539933  0.115139539933 
 0.132571136559  0.132571136559 
 0.152641796718  0.152641796718 
 0.175751062485  0.175751062485 
 0.202358964773  0.202358964773 
 0.232995181052  0.232995181052 
 0.268269579528  0.268269579528 
 0.308884359648  0.308884359648 
 0.355648030622  0.355648030622 
 0.409491506238  0.409491506238 
 0.471486636346  0.471486636346 
 0.542867543932  0.542867543932 
 0.625055192527  0.625055192527 
 0.719685673001  0.719685673001 
 0.828642772855  0.828642772855 
 0.95409547635  0.95409547635 
 1.09854114199  1.09854114199 
 1.26485521686  1.26485521686 
 1.4563484775  1.4563484775 
 1.67683293681  1.67683293681 
 1.93069772888  1.93069772888 
 2.22299648253  2.22299648253 
 2.5595479227  2.5595479227 
 2.94705170255  2.94705170255 
 3.3932217719  3.39322177189 
 3.90693993705  3.90693993701 
 4.49843266897  4.49843266865 
 5.17947467923  5.17947467659 
 5.96362331659  5.96362329148 
 6.86648845004  6.86648817809 
 7.90604321091  7.90603982566 
 9.10298177992  9.1029329502 
 10.4811313415  10.4803080272 
 12.0679264064  12.0517420341 
 13.8949549437  13.6267014815 
 15.9985871961  15.5636362973 
 18.4206996933  17.9088058666 
 21.2095088792  20.6140007763 
 24.4205309455  23.7280250066 
 28.1176869797  27.312394 
 32.3745754282  31.438127697 
 37.2759372031  36.1869758065 
 42.9193426013  41.6530305618 
 49.4171336132  47.9445895831 
 56.8986602902  55.1863000408 
 65.512855686  63.5216263889 
 75.4312006335  73.1156904808 
 86.8511373751  84.1585402452 
 100.0  96.8689115749 
0.00167683293681 50 
 0.1  0.1 
 0.115139539933  0.115139539933 
 0.132571136559  0.132571136559 
 0.152641796718  0.152641796718 
 0.175751062485  0.175751062485 
 0.202358964773  0.202358964773 
 0.232995181052  0.232995181052 
 0.268269579528  0.268269579528 
 0.308884359648  0.308884359648 
 0.355648030622  0.355648030622 
 0.409491506238  0.409491506238 
 0.471486636346  0.471486636346 
 0.542867543932  0.542867543932 
 0.625055192527  0.625055192528 
 0.719685673001  0.719685673001 
 0.828642772855  0.828642772855 
 0.95409547635  0.95409547635 
 1.09854114199  1.09854114199 
 1.26485521686  1.26485521686 
 1.4563484775  1.4563484775 
 1.67683293681  1.67683293681 
 1.93069772888  1.93069772888 
 2.22299648253  2.22299648253 
 2.5595479227  2.5595479227 
 2.94705170255  2.94705170255 
 3.3932217719  3.39322177188 
 3.90693993705  3.90693993694 
 4.49843266897  4.49843266808 
 5.17947467923  5.1794746718 
 5.96362331659  5.96362324597 
 6.86648845004  6.86648768541 
 7.90604321091  7.90603369227 
 9.10298177992  9.10284449503 
 10.4811313415  10.4788197613 
 12.0679264064  12.0235761154 
 13.8949549437  13.3919596829 
 15.9985871961  15.2738192137 
 18.4206996933  17.570901017 
 21.2095088792  20.2211191526 
 24.4205309455  23.2712716076 
 28.1176869797  26.7813889436 
 32.3745754282  30.8208029816 
 37.2759372031  35.4693024396 
 42.9193426013  40.8187000372 
 49.4171336132  46.9746435856 
 56.8986602902  54.0587000146 
 65.512855686  62.2107532127 
 75.4312006335  71.5917628618 
 86.8511373751  82.3869387446 
 100.0  94.8093927995 
0.00281176869797 50 
 0.1  0.1 
 0.115139539933  0.115139539933 
 0.132571136559  0.132571136559 
 0.152641796718  0.152641796718 
 0.175751062485  0.175751062485 
 0.202358964773  0.202358964773 
 0.232995181052  0.232995181052 
 0.268269579528  0.268269579528 
 0.308884359648  0.308884359648 
 0.355648030622  0.355648030622 
 0.409491506238  0.409491506238 
 0.471486636346  0.471486636346 
 0.542867543932  0.542867543933 
 0.625055192527  0.625055192528 
 0.719685673001  0.719685673001 
 0.828642772855  0.828642772855 
 0.95409547635  0.95409547635 
 1.09854114199  1.09854114199 
 1.26485521686  1.26485521686 
 1.4563484775  1.4563484775 
 1.67683293681  1.67683293681 
 1.93069772888  1.93069772888 
 2.22299648253  2.22299648253 
 2.5595479227  2.5595479227 
 2.94705170255  2.94705170254 
 3.3932217719  3.39322177185 
 3.90693993705  3.90693993672 
 4.49843266897  4.49843266648 
 5.17947467923  5.17947465833 
 5.96362331659  5.96362311802 
 6.86648845004  6.86648630003 
 7.90604321091  7.9060164472 
 9.10298177992  9.10259586925 
 10.4811313415  10.4746583119 
 12.0679264064  11.9513235918 
 13.8949549437  13.017039442 
 15.9985871961  14.8013419137 
 18.4206996933  17.0195555429 
 21.2095088792  19.5802166955 
 24.4205309455  22.5263807453 
 28.1176869797  25.9156481287 
 32.3745754282  29.8146128599 
 37.2759372031  34.2998862361 
 42.9193426013  39.4595885951 
 49.4171336132  45.3950771723 
 56.8986602902  52.222933046 
 65.512855686  60.0772466465 
 75.4312006335  69.1122453306 
 86.8511373751  79.5053161149 
 100.0  91.4604809753 
0.00471486636346 50 
 0.1  0.1 
 0.115139539933  0.115139539933 
 0.132571136559  0.132571136559 
 0.152641796718  0.152641796718 
 0.175751062485  0.175751062485 
 0.202358964773  0.202358964773 
 0.232995181052  0.232995181052 
 0.268269579528  0.268269579528 
 0.308884359648  0.308884359648 
 0.355648030622  0.355648030622 
 0.409491506238  0.409491506238 
 0.471486636346  0.471486636346 
 0.542867543932  0.542867543933 
 0.625055192527  0.625055192528 
 0.719685673001  0.719685673002 
 0.828642772855  0.828642772855 
 0.95409547635  0.954095476351 
 1.09854114199  1.09854114199 
 1.26485521686  1.26485521686 
 1.4563484775  1.4563484775 
 1.67683293681  1.67683293681 
 1.93069772888  1.93069772889 
 2.22299648253  2.22299648253 
 2.5595479227  2.5595479227 
 2.94705170255  2.94705170253 
 3.3932217719  3.39322177176 
 3.90693993705  3.90693993612 
 4.49843266897  4.49843266198 
 5.17947467923  5.17947462047 
 5.96362331659  5.96362275825 
 6.86648845004  6.86648240364 
 7.90604321091  7.9059679614 
 9.10298177992  9.10189749903 
 10.4811313415  10.4631367639 
 12.0679264064  11.7879258787 
 13.8949549437  12.4497517766 
 15.9985871961  14.0465346478 
 18.4206996933  16.1363456731 
 21.2095088792  18.5538716071 
 24.4205309455  21.3340546318 
 28.1176869797  24.5305271117 
 32.3745754282  28.2055418388 
 37.2759372031  32.4306783601 
 42.9193426013  37.2882136901 
 49.4171336132  42.8727187336 
 56.8986602902  49.2928933666 
 65.512855686  56.6736751566 
 75.4312006335  65.1586624622 
 86.8511373751  74.9128987291 
 100.0  86.1260717622 
0.00790604321091 50 
 0.1  0.1 
 0.115139539933  0.115139539933 
 0.132571136559  0.132571136559 
 0.152641796718  0.152641796718 
 0.175751062485  0.175751062485 
 0.202358964773  0.202358964773 
 0.232995181052  0.232995181052 
 0.268269579528  0.268269579528 
 0.308884359648  0.308884359648 
 0.355648030622  0.355648030622 
 0.409491506238  0.409491506238 
 0.471486636346  0.471486636346 
 0.542867543932  0.542867543933 
 0.625055192527  0.625055192528 
 0.719685673001  0.719685673002 
 0.828642772855  0.828642772855 
 0.95409547635  0.954095476351 
 1.09854114199  1.09854114199 
 1.26485521686  1.26485521686 
 1.4563484775  1.4563484775 
 1.67683293681  1.67683293681 
 1.93069772888  1.93069772889 
 2.22299648253  2.22299648253 
 2.5595479227  2.55954792272 
 2.94705170255  2.94705170249 
 3.3932217719  3.3932217715 
 3.90693993705  3.90693993443 
 4.49843266897  4.4984326493 
 5.17947467923  5.17947451402 
 5.96362331659  5.96362174667 
 6.86648845004  6.8664714481 
 7.90604321091  7.90583166063 
 9.10298177992  9.09993941811 
 10.4811313415  10.4320759541 
 12.0679264064  11.4900050446 
 13.8949549437  11.7344981151 
 15.9985871961  12.8888703932 
 18.4206996933  14.7646234588 
 21.2095088792  16.9600456097 
 24.4205309455  19.483847393 
 28.1176869797  22.3828087528 
 32.3745754282  25.712523363 
 37.2759372031  29.536900525 
 42.9193426013  33.929319531 
 49.4171336132  38.9740278217 
 56.8986602902  44.7677478408 
 65.512855686  51.4215211295 
 75.4312006335  59.0628245388 
 86.8511373751  67.8379986403 
 100.0  77.9150343213 
0.0132571136559 50 
 0.1  0.1 
 0.115139539933  0.115139539933 
 0.132571136559  0.132571136559 
 0.152641796718  0.152641796718 
 0.175751062485  0.175751062485 
 0.202358964773  0.202358964773 
 0.232995181052  0.232995181052 
 0.268269579528  0.268269579528 
 0.308884359648  0.308884359648 
 0.355648030622  0.355648030622 
 0.409491506238  0.409491506238 
 0.471486636346  0.471486636346 
 0.542867543932  0.542867543933 
 0.625055192527  0.625055192528 
 0.719685673001  0.719685673002 
 0.828642772855  0.828642772856 
 0.95409547635  0.954095476351 
 1.09854114199  1.09854114199 
 1.26485521686  1.26485521686 
 1.4563484775  1.45634847751 
 1.67683293681  1.67683293682 
 1.93069772888  1.93069772889 
 2.22299648253  2.22299648252 
 2.5595479227  2.55954792272 
 2.94705170255  2.94705170237 
 3.3932217719  3.39322177079 
 3.90693993705  3.90693992966 
 4.49843266897  4.49843261367 
 5.17947467923  5.17947421468 
 5.96362331659  5.96361890235 
 6.86648845004  6.8664406453 
 7.90604321091  7.9054486463 
 9.10298177992  9.09447731889 
 10.4811313415  10.3537483727 
 12.0679264064  11.0680472019 
 13.8949549437  11.160357381 
 15.9985871961  11.3660867381 
 18.4206996933  12.7511099763 
 21.2095088792  14.6081954239 
 24.4205309455  16.7563044007 
 28.1176869797  19.2206740169 
 32.3745754282  22.0467115055 
 37.2759372031  25.2873217459 
 42.9193426013  29.0031702867 
 49.4171336132  33.2637785568 
 56.8986602902  38.1488111029 
 65.512855686  43.7495512545 
 75.4312006335  50.1705909267 
 86.8511373751  57.5317655213 
 100.0  65.9703694171 
0.0222299648253 50 
 0.1  0.1 
 0.115139539933  0.115139539933 
 0.132571136559  0.132571136559 
 0.152641796718  0.152641796718 
 0.175751062485  0.175751062485 
 0.202358964773  0.202358964773 
 0.232995181052  0.232995181052 
 0.268269579528  0.268269579528 
 0.308884359648  0.308884359648 
 0.355648030622  0.355648030623 
 0.409491506238  0.409491506239 
 0.471486636346  0.471486636347 
 0.542867543932  0.542867543934 
 0.625055192527  0.625055192529 
 0.719685673001  0.719685673003 
 0.828642772855  0.828642772857 
 0.95409547635  0.954095476352 
 1.09854114199  1.09854114199 
 1.26485521686  1.26485521686 
 1.4563484775  1.45634847751 
 1.67683293681  1.67683293682 
 1.93069772888  1.93069772889 
 2.22299648253  2.22299648251 
 2.5595479227  2.55954792268 
 2.94705170255  2.94705170204 
 3.3932217719  3.3932217688 
 3.90693993705  3.90693991627 
 4.49843266897  4.49843251349 
 5.17947467923  5.17947337303 
 5.96362331659  5.96361090485 
 6.86648845004  6.8663540465 
 7.90604321091  7.90437352917 
 9.10298177992  9.07945291664 
 10.4811313415  10.182502621 
 12.0679264064  10.5768974819 
 13.8949549437  10.6107996347 
 15.9985871961  10.6124140144 
 18.4206996933  10.6141407926 
 21.2095088792  11.4710172674 
 24.4205309455  13.0626437505 
 28.1176869797  14.9433664379 
 32.3745754282  17.0982502375 
 37.2759372031  19.5629254922 
 42.9193426013  22.3815263198 
 49.4171336132  25.6046548887 
 56.8986602902  29.2901288994 
 65.512855686  33.5039893024 
 75.4312006335  38.3216708226 
 86.8511373751  43.8293319166 
 100.0  50.1253683872 
0.0372759372031 50 
 0.1  0.1 
 0.115139539933  0.115139539933 
 0.132571136559  0.132571136559 
 0.152641796718  0.152641796718 
 0.175751062485  0.175751062485 
 0.202358964773  0.202358964773 
 0.232995181052  0.232995181052 
 0.268269579528  0.268269579528 
 0.308884359648  0.308884359648 
 0.355648030622  0.355648030623 
 0.409491506238  0.409491506239 
 0.471486636346  0.471486636347 
 0.542867543932  0.542867543934 
 0.625055192527  0.62505519253 
 0.719685673001  0.719685673004 
 0.828642772855  0.828642772858 
 0.95409547635  0.954095476354 
 1.09854114199  1.09854114199 
 1.26485521686  1.26485521687 
 1.4563484775  1.45634847751 
 1.67683293681  1.67683293682 
 1.93069772888  1.93069772889 
 2.22299648253  2.22299648247 
 2.5595479227  2.55954792259 
 2.94705170255  2.94705170111 
 3.3932217719  3.39322176318 
 3.90693993705  3.90693987862 
 4.49843266897  4.49843223181 
 5.17947467923  5.17947100652 
 5.96362331659  5.96358841859 
 6.86648845004  6.86611064596 
 7.90604321091  7.90136488179 
 9.10298177992  9.03963052514 
 10.4811313415  9.88477561064 
 12.0679264064  10.0634457543 
 13.8949549437  10.0754218902 
 15.9985871961  10.0759801552 
 18.4206996933  10.0760006425 
 21.2095088792  10.0760026773 
 24.4205309455  10.0760012672 
 28.1176869797  10.2027509435 
 32.3745754282  11.3049586727 
 37.2759372031  12.8543447107 
 42.9193426013  14.6457283105 
 49.4171336132  16.6873071453 
 56.8986602902  19.01175372 
 65.512855686  21.6578692193 
 75.4312006335  24.6698513931 
 86.8511373751  28.0979351485 
 100.0  31.9992068042 
0.0625055192527 50 
 0.1  0.1 
 0.115139539933  0.115139539933 
 0.132571136559  0.132571136559 
 0.152641796718  0.152641796718 
 0.175751062485  0.175751062485 
 0.202358964773  0.202358964773 
 0.232995181052  0.232995181052 
 0.268269579528  0.268269579528 
 0.308884359648  0.308884359648 
 0.355648030622  0.355648030623 
 0.409491506238  0.40949150624 
 0.471486636346  0.471486636348 
 0.542867543932  0.542867543936 
 0.625055192527  0.625055192532 
 0.719685673001  0.719685673006 
 0.828642772855  0.828642772861 
 0.95409547635  0.954095476357 
 1.09854114199  1.098541142 
 1.26485521686  1.26485521687 
 1.4563484775  1.45634847752 
 1.67683293681  1.67683293683 
 1.93069772888  1.93069772887 
 2.22299648253  2.22299648239 
 2.5595479227  2.55954792212 
 2.94705170255  2.94705169851 
 3.3932217719  3.3932217474 
 3.90693993705  3.90693977276 
 4.49843266897  4.49843143977 
 5.17947467923  5.17946435253 
 5.96362331659  5.96352520031 
 6.86648845004  6.86542710318 
 7.90604321091  7.89301649127 
 9.10298177992  8.94308076037 
 10.4811313415  9.48121625377 
 12.0679264064  9.55128324446 
 13.8949549437  9.55544859183 
 15.9985871961  9.55564172548 
 18.4206996933  9.55564922251 
 21.2095088792  9.55564824914 
 24.4205309455  9.55564888256 
 28.1176869797  9.55564925529 
 32.3745754282  9.55564841291 
 37.2759372031  9.55564932824 
 42.9193426013  9.55564830122 
 49.4171336132  9.55564893308 
 56.8986602902  9.72966709849 
 65.512855686  10.7553782692 
 75.4312006335  12.1458645082 
 86.8511373751  13.7425703054 
 100.0  15.5493083122 
0.104811313415 50 
 0.1  0.1 
 0.115139539933  0.115139539933 
 0.132571136559  0.132571136559 
 0.152641796718  0.152641796718 
 0.175751062485  0.175751062486 
 0.202358964773  0.202358964773 
 0.232995181052  0.232995181052 
 0.268269579528  0.268269579528 
 0.308884359648  0.308884359648 
 0.355648030622  0.355648030624 
 0.409491506238  0.409491506241 
 0.471486636346  0.47148663635 
 0.542867543932  0.542867543938 
 0.625055192527  0.625055192534 
 0.719685673001  0.71968567301 
 0.828642772855  0.828642772864 
 0.95409547635  0.954095476362 
 1.09854114199  1.09854114201 
 1.26485521686  1.26485521688 
 1.4563484775  1.45634847753 
 1.67683293681  1.67683293682 
 1.93069772888  1.93069772881 
 2.22299648253  2.22299648212 
 2.5595479227  2.55954792079 
 2.94705170255  2.94705169118 
 3.3932217719  3.39322170303 
 3.90693993705  3.9069394751 
 4.49843266897  4.49842921277 
 5.17947467923  5.17944564376 
 5.96362331659  5.96334750437 
 6.86648845004  6.86351142457 
 7.90604321091  7.87037742574 
 9.10298177992  8.74660424418 
 10.4811313415  9.02433685608 
 12.0679264064  9.04977581034 
 13.8949549437  9.05121621932 
 15.9985871961  9.05128388043 
 18.4206996933  9.05128553249 
 21.2095088792  9.05128699525 
 24.4205309455  9.051286041 
 28.1176869797  9.05128569391 
 32.3745754282  9.05128580234 
 37.2759372031  9.05128553117 
 42.9193426013  9.05128573915 
 49.4171336132  9.05128566592 
 56.8986602902  9.05128574741 
 65.512855686  9.05128566839 
 75.4312006335  9.05128562845 
 86.8511373751  9.05128522137 
 100.0  9.05128514358 
0.175751062485 50 
 0.1  0.1 
 0.115139539933  0.115139539933 
 0.132571136559  0.115139597769 
 0.152641796718  0.115139598514 
 0.175751062485  0.115139599037 
 0.202358964773  0.115139599457 
 0.232995181052  0.115139599845 
 0.268269579528  0.268269579529 
 0.308884359648  0.308884359649 
 0.355648030622  0.355648030625 
 0.409491506238  0.409491506243 
 0.471486636346  0.471486636353 
 0.542867543932  0.542867543942 
 0.625055192527  0.625055192539 
 0.719685673001  0.719685673015 
 0.828642772855  0.828642772871 
 0.95409547635  0.954095476372 
 1.09854114199  1.09854114202 
 1.26485521686  1.2648552169 
 1.4563484775  1.45634847754 
 1.67683293681  1.6768329368 
 1.93069772888  1.93069772865 
 2.22299648253  2.22299648137 
 2.5595479227  2.55954791688 
 2.94705170255  2.94705167056 
 3.3932217719  3.39322157826 
 3.90693993705  3.90693863814 
 4.49843266897  4.49842295102 
 5.17947467923  5.17939304477 
 5.96362331659  5.96284833183 
 6.86648845004  6.85817427661 
 7.90604321091  7.81247340542 
 9.10298177992  8.43447710455 
 10.4811313415  8.55332387049 
 12.0679264064  8.56225701984 
 13.8949549437  8.56275414409 
 15.9985871961  8.56277758052 
 18.4206996933  8.56277783276 
 21.2095088792  8.5627778383 
 24.4205309455  8.56277787913 
 28.1176869797  8.56277767341 
 32.3745754282  8.56277783785 
 37.2759372031  8.56277791498 
 42.9193426013  8.56277790061 
 49.4171336132  8.56277816269 
 56.8986602902  8.5627779049 
 65.512855686  8.56277778618 
 75.4312006335  8.56277775254 
 86.8511373751  8.56277834299 
 100.0  8.56277795274 
0.294705170255 50 
 0.1  15.9980668418 
 0.115139539933  8.57663970544 
 0.132571136559  16.6400405655 
 0.152641796718  35.5368128988 
 0.175751062485  79.2354087056 
 0.202358964773  77.9150535926 
 0.232995181052  0.232995181052 
 0.268269579528  0.268269579529 
 0.308884359648  0.30888435965 
 0.355648030622  0.355648030626 
 0.409491506238  0.409491506246 
 0.471486636346  0.471486636358 
 0.542867543932  0.542867543949 
 0.625055192527  0.625055192547 
 0.719685673001  0.719685673025 
 0.828642772855  0.828642772883 
 0.95409547635  0.954095476386 
 1.09854114199  1.09854114204 
 1.26485521686  1.26485521692 
 1.4563484775  1.45634847754 
 1.67683293681  1.67683293673 
 1.93069772888  1.9306977282 
 2.22299648253  2.22299647927 
 2.5595479227  2.55954790633 
 2.94705170255  2.94705161261 
 3.3932217719  3.39322122745 
 3.90693993705  3.90693628483 
 4.49843266897  4.49840534528 
 5.17947467923  5.17924519369 
 5.96362331659  5.96144845725 
 6.86648845004  6.84354324223 
 7.90604321091  7.68232662056 
 9.10298177992  8.04167841225 
 10.4811313415  8.08671371254 
 12.0679264064  8.08980976772 
 13.8949549437  8.08998096711 
 15.9985871961  8.08998922178 
 18.4206996933  8.08998945403 
 21.2095088792  8.08998926254 
 24.4205309455  8.08998940476 
 28.1176869797  8.08998927249 
 32.3745754282  8.08998903514 
 37.2759372031  8.08998912234 
 42.9193426013  8.08998922471 
 49.4171336132  8.08998934149 
 56.8986602902  8.08998932818 
 65.512855686  8.08998943658 
 75.4312006335  8.08998951564 
 86.8511373751  8.08998950876 
 100.0  8.08998899805 
0.494171336132 50 
 0.1  10.8318034164 
 0.115139539933  38.0116512293 
 0.132571136559  150.152777574 
 0.152641796718  625.019841938 
 0.175751062485  1691.69980743 
 0.202358964773  65.9703964546 
 0.232995181052  0.232995181052 
 0.268269579528  0.268269579529 
 0.308884359648  0.308884359651 
 0.355648030622  0.355648030629 
 0.409491506238  0.409491506251 
 0.471486636346  0.471486636366 
 0.542867543932  0.542867543959 
 0.625055192527  0.625055192561 
 0.719685673001  0.71968567304 
 0.828642772855  0.828642772901 
 0.95409547635  0.954095476409 
 1.09854114199  1.09854114206 
 1.26485521686  1.26485521694 
 1.4563484775  1.45634847751 
 1.67683293681  1.67683293641 
 1.93069772888  1.93069772691 
 2.22299648253  2.22299647336 
 2.5595479227  2.55954787668 
 2.94705170255  2.94705144965 
 3.3932217719  3.39322024104 
 3.90693993705  3.90692966804 
 4.49843266897  4.49835584806 
 5.17947467923  5.17882982997 
 5.96362331659  5.95754111267 
 6.86648845004  6.80509831949 
 7.90604321091  7.44727939631 
 9.10298177992  7.61557437829 
 10.4811313415  7.6316553832 
 12.0679264064  7.63272255074 
 13.8949549437  7.63278171309 
 15.9985871961  7.63278467641 
 18.4206996933  7.6327847281 
 21.2095088792  7.6327848611 
 24.4205309455  7.6327846295 
 28.1176869797  7.63278487414 
 32.3745754282  7.6327849107 
 37.2759372031  7.63278459555 
 42.9193426013  7.63278453859 
 49.4171336132  7.63278458837 
 56.8986602902  7.63278456151 
 65.512855686  7.63278473327 
 75.4312006335  7.63278461557 
 86.8511373751  7.6327845559 
 100.0  7.63278462004 
0.828642772855 50 
 0.1  71.5039201946 
 0.115139539933  640.698689421 
 0.132571136559  1678.18769677 
 0.152641796718  2476.20514115 
 0.175751062485  3120.03212629 
 0.202358964773  0.202358964773 
 0.232995181052  0.232995181053 
 0.268269579528  0.268269579531 
 0.308884359648  0.308884359653 
 0.355648030622  0.355648030633 
 0.409491506238  0.409491506259 
 0.471486636346  0.471486636379 
 0.542867543932  0.542867543978 
 0.625055192527  0.625055192583 
 0.719685673001  0.719685673066 
 0.828642772855  0.828642772932 
 0.95409547635  0.954095476446 
 1.09854114199  1.09854114211 
 1.26485521686  1.26485521693 
 1.4563484775  1.45634847737 
 1.67683293681  1.67683293555 
 1.93069772888  1.9306977233 
 2.22299648253  2.22299645674 
 2.5595479227  2.5595477933 
 2.94705170255  2.94705099146 
 3.3932217719  3.39321746754 
 3.90693993705  3.90691106454 
 4.49843266897  4.49821672147 
 5.17947467923  5.17766474538 
 5.96362331659  5.94677558728 
 6.86648845004  6.71367037021 
 7.90604321091  7.1178689331 
 9.10298177992  7.18504156303 
 10.4811313415  7.19064425414 
 12.0679264064  7.19101138619 
 13.8949549437  7.19103171552 
 15.9985871961  7.19103266958 
 18.4206996933  7.19103267041 
 21.2095088792  7.19103242352 
 24.4205309455  7.19103241497 
 28.1176869797  7.19103256316 
 32.3745754282  7.19103264361 
 37.2759372031  7.19103267817 
 42.9193426013  7.19103267826 
 49.4171336132  7.19103278565 
 56.8986602902  7.19103278256 
 65.512855686  7.19103267945 
 75.4312006335  7.19103269179 
 86.8511373751  7.19103259331 
 100.0  7.19103259374 
1.38949549437 50 
 0.1  815.523948903 
 0.115139539933  1595.944872 
 0.132571136559  2160.95906573 
 0.152641796718  2623.40455887 
 0.175751062485  0.175751062486 
 0.202358964773  0.202358964773 
 0.232995181052  0.232995181054 
 0.268269579528  0.268269579532 
 0.308884359648  0.308884359657 
 0.355648030622  0.355648030642 
 0.409491506238  0.409491506274 
 0.471486636346  0.471486636401 
 0.542867543932  0.542867544008 
 0.625055192527  0.62505519262 
 0.719685673001  0.719685673109 
 0.828642772855  0.828642772985 
 0.95409547635  0.954095476504 
 1.09854114199  1.09854114216 
 1.26485521686  1.26485521688 
 1.4563484775  1.45634847674 
 1.67683293681  1.67683293317 
 1.93069772888  1.93069771315 
 2.22299648253  2.22299641001 
 2.5595479227  2.55954755886 
 2.94705170255  2.94704970321 
 3.3932217719  3.39320966981 
 3.90693993705  3.90685876662 
 4.49843266897  4.49782590965 
 5.17947467923  5.17441090123 
 5.96362331659  5.91812032013 
 6.86648845004  6.53362873465 
 7.90604321091  6.73801199196 
 9.10298177992  6.76254800921 
 10.4811313415  6.76448169098 
 12.0679264064  6.76460788029 
 13.8949549437  6.76461490871 
 15.9985871961  6.76461513578 
 18.4206996933  6.76461529321 
 21.2095088792  6.76461525141 
 24.4205309455  6.76461519676 
 28.1176869797  6.76461525891 
 32.3745754282  6.76461526129 
 37.2759372031  6.76461525874 
 42.9193426013  6.76461524974 
 49.4171336132  6.76461525243 
 56.8986602902  6.76461514436 
 65.512855686  6.76461515218 
 75.4312006335  6.76461521188 
 86.8511373751  6.76461514399 
 100.0  6.76461515948 
2.32995181052 50 
 0.1  1154.7632694 
 0.115139539933  0.115139539933 
 0.132571136559  0.115139597716 
 0.152641796718  0.152641796718 
 0.175751062485  0.175751062486 
 0.202358964773  0.202358964774 
 0.232995181052  0.232995181055 
 0.268269579528  0.268269579535 
 0.308884359648  0.308884359663 
 0.355648030622  0.355648030655 
 0.409491506238  0.409491506296 
 0.471486636346  0.471486636439 
 0.542867543932  0.542867544059 
 0.625055192527  0.625055192681 
 0.719685673001  0.71968567318 
 0.828642772855  0.828642773068 
 0.95409547635  0.954095476591 
 1.09854114199  1.0985411421 
 1.26485521686  1.26485521659 
 1.4563484775  1.45634847505 
 1.67683293681  1.67683292645 
 1.93069772888  1.93069768462 
 2.22299648253  2.22299627863 
 2.5595479227  2.55954689971 
 2.94705170255  2.94704608145 
 3.3932217719  3.39318774942 
 3.90693993705  3.90671180241 
 4.49843266897  4.49673003034 
 5.17947467923  5.16543200182 
 5.96362331659  5.84798391788 
 6.86648845004  6.2583140699 
 7.90604321091  6.34411593778 
 9.10298177992  6.35273741078 
 10.4811313415  6.35340266728 
 12.0679264064  6.35344614052 
 13.8949549437  6.35344861099 
 15.9985871961  6.35344854061 
 18.4206996933  6.35344863595 
 21.2095088792  6.35344866746 
 24.4205309455  6.35344869283 
 28.1176869797  6.35344855717 
 32.3745754282  6.35344874577 
 37.2759372031  6.35344869893 
 42.9193426013  6.35344862387 
 49.4171336132  6.35344856698 
 56.8986602902  6.35344844285 
 65.512855686  6.35344854942 
 75.4312006335  6.35344858578 
 86.8511373751  6.35344861796 
 100.0  6.35344863342 
3.90693993705 50 
 0.1  1077.04762656 
 0.115139539933  0.115139539933 
 0.132571136559  0.132571136559 
 0.152641796718  0.152641796718 
 0.175751062485  0.175751062487 
 0.202358964773  0.202358964775 
 0.232995181052  0.232995181057 
 0.268269579528  0.26826957954 
 0.308884359648  0.308884359672 
 0.355648030622  0.355648030674 
 0.409491506238  0.409491506336 
 0.471486636346  0.471486636503 
 0.542867543932  0.542867544142 
 0.625055192527  0.625055192781 
 0.719685673001  0.719685673299 
 0.828642772855  0.82864277319 
 0.95409547635  0.954095476146 
 1.09854114199  1.09854114071 
 1.26485521686  1.26485521413 
 1.4563484775  1.45634846994 
 1.67683293681  1.67683290757 
 1.93069772888  1.9306976044 
 2.22299648253  2.22299590929 
 2.5595479227  2.55954504691 
 2.94705170255  2.9470359017 
 3.3932217719  3.39312615464 
 3.90693993705  3.90629924726 
 4.49843266897  4.49367208805 
 5.17947467923  5.1414366478 
 5.96362331659  5.70295615883 
 6.86648845004  5.92215514629 
 7.90604321091  5.95430116942 
 9.10298177992  5.95728902501 
 10.4811313415  5.95751808293 
 12.0679264064  5.95753314287 
 13.8949549437  5.95753393962 
 15.9985871961  5.95753395902 
 18.4206996933  5.9575338327 
 21.2095088792  5.95753392664 
 24.4205309455  5.95753396971 
 28.1176869797  5.95753386581 
 32.3745754282  5.95753386498 
 37.2759372031  5.95753387305 
 42.9193426013  5.95753385961 
 49.4171336132  5.95753385256 
 56.8986602902  5.95753383951 
 65.512855686  5.95753389773 
 75.4312006335  5.95753385112 
 86.8511373751  5.95753394058 
 100.0  5.95753387659 
6.5512855686 50 
 0.1  0.1 
 0.115139539933  0.115139539933 
 0.132571136559  0.13257113656 
 0.152641796718  0.152641796719 
 0.175751062485  0.175751062487 
 0.202358964773  0.202358964777 
 0.232995181052  0.232995181061 
 0.268269579528  0.268269579547 
 0.308884359648  0.30888435969 
 0.355648030622  0.355648030709 
 0.409491506238  0.409491506403 
 0.471486636346  0.471486636607 
 0.542867543932  0.542867544279 
 0.625055192527  0.625055192946 
 0.719685673001  0.719685673425 
 0.828642772855  0.828642773195 
 0.95409547635  0.9540954762 
 1.09854114199  1.09854114024 
 1.26485521686  1.26485520488 
 1.4563484775  1.45634844531 
 1.67683293681  1.67683283766 
 1.93069772888  1.93069737207 
 2.22299648253  2.2229948714 
 2.5595479227  2.55953984139 
 2.94705170255  2.94700731096 
 3.3932217719  3.39295327636 
 3.90693993705  3.90514453622 
 4.49843266897  4.48525369315 
 5.17947467923  5.08217516107 
 5.96362331659  5.46861153084 
 6.86648845004  5.56450190291 
 7.90604321091  5.57595326797 
 9.10298177992  5.57698822771 
 10.4811313415  5.57706770481 
 12.0679264064  5.57707295027 
 13.8949549437  5.57707319688 
 15.9985871961  5.57707318095 
 18.4206996933  5.57707321132 
 21.2095088792  5.57707314595 
 24.4205309455  5.57707315362 
 28.1176869797  5.57707316495 
 32.3745754282  5.57707313814 
 37.2759372031  5.57707310323 
 42.9193426013  5.57707316769 
 49.4171336132  5.57707312892 
 56.8986602902  5.57707307884 
 65.512855686  5.57707312924 
 75.4312006335  5.57707307399 
 86.8511373751  5.57707315102 
 100.0  5.5770731711 
10.9854114199 50 
 0.1  0.1 
 0.115139539933  0.115139539933 
 0.132571136559  0.13257113656 
 0.152641796718  0.152641796719 
 0.175751062485  0.175751062489 
 0.202358964773  0.202358964779 
 0.232995181052  0.232995181067 
 0.268269579528  0.268269579561 
 0.308884359648  0.308884359719 
 0.355648030622  0.35564803077 
 0.409491506238  0.409491506515 
 0.471486636346  0.471486636781 
 0.542867543932  0.542867544507 
 0.625055192527  0.625055193159 
 0.719685673001  0.719685673087 
 0.828642772855  0.828642772488 
 0.95409547635  0.954095466545 
 1.09854114199  1.09854111952 
 1.26485521686  1.26485516285 
 1.4563484775  1.45634833057 
 1.67683293681  1.67683252035 
 1.93069772888  1.93069637908 
 2.22299648253  2.22299149407 
 2.5595479227  2.55952523243 
 2.94705170255  2.94692716835 
 3.3932217719  3.39246963886 
 3.90693993705  3.90193895757 
 4.49843266897  4.46289718576 
 5.17947467923  4.95776704371 
 5.96362331659  5.17130861503 
 6.86648845004  5.20830049306 
 7.90604321091  5.21233736128 
 9.10298177992  5.21270100492 
 10.4811313415  5.21272915834 
 12.0679264064  5.21273103884 
 13.8949549437  5.21273113616 
 15.9985871961  5.21273107936 
 18.4206996933  5.21273111436 
 21.2095088792  5.21273105961 
 24.4205309455  5.21273104767 
 28.1176869797  5.21273103993 
 32.3745754282  5.21273103844 
 37.2759372031  5.2127310665 
 42.9193426013  5.21273106631 
 49.4171336132  5.21273105369 
 56.8986602902  5.21273105015 
 65.512855686  5.21273109215 
 75.4312006335  5.21273105163 
 86.8511373751  5.21273113734 
 100.0  5.21273104775 
18.4206996933 50 
 0.1  0.100000000001 
 0.115139539933  0.115139539934 
 0.132571136559  0.13257113656 
 0.152641796718  0.15264179672 
 0.175751062485  0.175751062492 
 0.202358964773  0.202358964785 
 0.232995181052  0.232995181077 
 0.268269579528  0.268269579583 
 0.308884359648  0.308884359766 
 0.355648030622  0.355648030866 
 0.409491506238  0.409491506691 
 0.471486636346  0.471486637056 
 0.542867543932  0.542867544832 
 0.625055192527  0.625055193053 
 0.719685673001  0.719685671471 
 0.828642772855  0.82864276034 
 0.95409547635  0.954095439201 
 1.09854114199  1.0985410511 
 1.26485521686  1.26485498138 
 1.4563484775  1.45634783892 
 1.67683293681  1.67683107759 
 1.93069772888  1.93069185805 
 2.22299648253  2.22297623429 
 2.5595479227  2.55946930953 
 2.94705170255  2.9466901646 
 3.3932217719  3.39112881252 
 3.90693993705  3.89323679559 
 4.49843266897  4.40852690958 
 5.17947467923  4.75382202247 
 5.96362331659  4.85092229219 
 6.86648845004  4.86459098649 
 7.90604321091  4.86604858768 
 9.10298177992  4.86618197528 
 10.4811313415  4.86619256556 
 12.0679264064  4.86619329913 
 13.8949549437  4.86619328645 
 15.9985871961  4.86619328808 
 18.4206996933  4.86619331101 
 21.2095088792  4.8661932233 
 24.4205309455  4.86619331314 
 28.1176869797  4.86619324198 
 32.3745754282  4.86619323571 
 37.2759372031  4.86619322965 
 42.9193426013  4.86619323076 
 49.4171336132  4.86619325505 
 56.8986602902  4.86619323359 
 65.512855686  4.86619326469 
 75.4312006335  4.86619321328 
 86.8511373751  4.86619321431 
 100.0  4.86619321387 
30.8884359648 50 
 0.1  0.100000000001 
 0.115139539933  0.115139539934 
 0.132571136559  0.132571136562 
 0.152641796718  0.152641796722 
 0.175751062485  0.175751062495 
 0.202358964773  0.202358964793 
 0.232995181052  0.232995181094 
 0.268269579528  0.268269579621 
 0.308884359648  0.308884359846 
 0.355648030622  0.355648031034 
 0.409491506238  0.409491506998 
 0.471486636346  0.471486637475 
 0.542867543932  0.542867545327 
 0.625055192527  0.625055192854 
 0.719685673001  0.71968566569 
 0.828642772855  0.828642738853 
 0.95409547635  0.954095382527 
 1.09854114199  1.0985408839 
 1.26485521686  1.26485448654 
 1.4563484775  1.45634630967 
 1.67683293681  1.67682614536 
 1.93069772888  1.93067516246 
 2.22299648253  2.22291612767 
 2.5595479227  2.55923801938 
 2.94705170255  2.94573140041 
 3.3932217719  3.38681643884 
 3.90693993705  3.87076641069 
 4.49843266897  4.29803368043 
 5.17947467923  4.49538490616 
 5.96362331659  4.53535957162 
 6.86648845004  4.5405786422 
 7.90604321091  4.54114681283 
 9.10298177992  4.54120098845 
 10.4811313415  4.54120545168 
 12.0679264064  4.54120582801 
 13.8949549437  4.54120587311 
 15.9985871961  4.54120584674 
 18.4206996933  4.54120588341 
 21.2095088792  4.54120585459 
 24.4205309455  4.54120579586 
 28.1176869797  4.54120583541 
 32.3745754282  4.54120584195 
 37.2759372031  4.54120588027 
 42.9193426013  4.54120585531 
 49.4171336132  4.54120581852 
 56.8986602902  4.54120578039 
 65.512855686  4.54120579761 
 75.4312006335  4.54120575438 
 86.8511373751  4.54120585936 
 100.0  4.54120576653 
51.7947467923 50 
 0.1  0.100000000001 
 0.115139539933  0.115139539935 
 0.132571136559  0.132571136563 
 0.152641796718  0.152641796726 
 0.175751062485  0.175751062502 
 0.202358964773  0.202358964806 
 0.232995181052  0.232995181124 
 0.268269579528  0.268269579685 
 0.308884359648  0.308884359984 
 0.355648030622  0.355648031309 
 0.409491506238  0.409491507489 
 0.471486636346  0.471486638189 
 0.542867543932  0.542867546018 
 0.625055192527  0.625055190744 
 0.719685673001  0.719685665951 
 0.828642772855  0.828642722074 
 0.95409547635  0.9540953191 
 1.09854114199  1.09854071226 
 1.26485521686  1.26485388703 
 1.4563484775  1.45634415754 
 1.67683293681  1.6768180551 
 1.93069772888  1.93064315602 
 2.22299648253  2.22278284566 
 2.5595479227  2.55865067646 
 2.94705170255  2.94298981014 
 3.3932217719  3.37347631175 
 3.90693993705  3.80982528363 
 4.49843266897  4.11655119339 
 5.17947467923  4.22309510912 
 5.96362331659  4.24191974324 
 6.86648845004  4.24433031859 
 7.90604321091  4.24460618491 
 9.10298177992  4.24463419747 
 10.4811313415  4.24463672138 
 12.0679264064  4.24463669872 
 13.8949549437  4.24463692207 
 15.9985871961  4.24463683147 
 18.4206996933  4.24463693641 
 21.2095088792  4.24463688863 
 24.4205309455  4.24463672345 
 28.1176869797  4.24463691957 
 32.3745754282  4.2446367141 
 37.2759372031  4.24463673004 
 42.9193426013  4.24463686909 
 49.4171336132  4.24463687068 
 56.8986602902  4.2446367909 
 65.512855686  4.24463692977 
 75.4312006335  4.24463669616 
 86.8511373751  4.24463691362 
 100.0  4.2446369301 
86.8511373751 50 
 0.1  0.100000000002 
 0.115139539933  0.115139539936 
 0.132571136559  0.132571136566 
 0.152641796718  0.152641796731 
 0.175751062485  0.175751062513 
 0.202358964773  0.202358964829 
 0.232995181052  0.232995181172 
 0.268269579528  0.268269579788 
 0.308884359648  0.308884360204 
 0.355648030622  0.355648031762 
 0.409491506238  0.409491508277 
 0.471486636346  0.471486639193 
 0.542867543932  0.542867546799 
 0.625055192527  0.625055193491 
 0.719685673001  0.719685655121 
 0.828642772855  0.828642720872 
 0.95409547635  0.954095297655 
 1.09854114199  1.09854058192 
 1.26485521686  1.26485344142 
 1.4563484775  1.45634252467 
 1.67683293681  1.67681145375 
 1.93069772888  1.93061477247 
 2.22299648253  2.22265117462 
 2.5595479227  2.55799529954 
 2.94705170255  2.93951737677 
 3.3932217719  3.35481188365 
 3.90693993705  3.72742955818 
 4.49843266897  3.92075464919 
 5.17947467923  3.96839662132 
 5.96362331659  3.97575522392 
 6.86648845004  3.97669261451 
 7.90604321091  3.97680610087 
 9.10298177992  3.97681830971 
 10.4811313415  3.97681959629 
 12.0679264064  3.9768195639 
 13.8949549437  3.97681976251 
 15.9985871961  3.97681971684 
 18.4206996933  3.97681954765 
 21.2095088792  3.97681965819 
 24.4205309455  3.97681973671 
 28.1176869797  3.97681970229 
 32.3745754282  3.97681962152 
 37.2759372031  3.97681977254 
 42.9193426013  3.97681975007 
 49.4171336132  3.97681978933 
 56.8986602902  3.97681954781 
 65.512855686  3.97681979434 
 75.4312006335  3.97681975888 
 86.8511373751  3.97681974556 
 100.0  3.97681974907 
145.63484775 50 
 0.1  0.100000000004 
 0.115139539933  0.115139539939 
 0.132571136559  0.132571136571 
 0.152641796718  0.152641796741 
 0.175751062485  0.175751062532 
 0.202358964773  0.202358964868 
 0.232995181052  0.232995181253 
 0.268269579528  0.26826957997 
 0.308884359648  0.308884360579 
 0.355648030622  0.355648032487 
 0.409491506238  0.409491509162 
 0.471486636346  0.471486639718 
 0.542867543932  0.542867544652 
 0.625055192527  0.625055182293 
 0.719685673001  0.71968565066 
 0.828642772855  0.828642694742 
 0.95409547635  0.954095261806 
 1.09854114199  1.09854050365 
 1.26485521686  1.26485317613 
 1.4563484775  1.45634149097 
 1.67683293681  1.67680732654 
 1.93069772888  1.93059656191 
 2.22299648253  2.22256440324 
 2.5595479227  2.55754806455 
 2.94705170255  2.9370511439 
 3.3932217719  3.34137093115 
 3.90693993705  3.67416323879 
 4.49843266897  3.8181027849 
 5.17947467923  3.84778811569 
 5.96362331659  3.85187778462 
 6.86648845004  3.8523473452 
 7.90604321091  3.85239422585 
 9.10298177992  3.85239891843 
 10.4811313415  3.85239934538 
 12.0679264064  3.8523993333 
 13.8949549437  3.8523993939 
 15.9985871961  3.85239928562 
 18.4206996933  3.85239939791 
 21.2095088792  3.85239931083 
 24.4205309455  3.85239937057 
 28.1176869797  3.85239928383 
 32.3745754282  3.8523993451 
 37.2759372031  3.85239939279 
 42.9193426013  3.85239934882 
 49.4171336132  3.85239936781 
 56.8986602902  3.85239937052 
 65.512855686  3.85239938131 
 75.4312006335  3.85239949062 
 86.8511373751  3.85239940645 
 100.0  3.85239942179 
244.205309455 50 
 0.1  0.100000000006 
 0.115139539933  0.115139539944 
 0.132571136559  0.132571136579 
 0.152641796718  0.152641796756 
 0.175751062485  0.175751062563 
 0.202358964773  0.202358964932 
 0.232995181052  0.232995181389 
 0.268269579528  0.268269580249 
 0.308884359648  0.308884361188 
 0.355648030622  0.35564803364 
 0.409491506238  0.409491510777 
 0.471486636346  0.471486639825 
 0.542867543932  0.542867540548 
 0.625055192527  0.625055182886 
 0.719685673001  0.71968564059 
 0.828642772855  0.828642689691 
 0.95409547635  0.954095250265 
 1.09854114199  1.09854045966 
 1.26485521686  1.2648530134 
 1.4563484775  1.45634086477 
 1.67683293681  1.67680479638 
 1.93069772888  1.93058554284 
 2.22299648253  2.22251196073 
 2.5595479227  2.55727640708 
 2.94705170255  2.93555172385 
 3.3932217719  3.33338080313 
 3.90693993705  3.645490912 
 4.49843266897  3.76929962386 
 5.17947467923  3.79321446774 
 5.96362331659  3.79641771859 
 6.86648845004  3.79677866444 
 7.90604321091  3.79681406664 
 9.10298177992  3.79681704621 
 10.4811313415  3.79681730555 
 12.0679264064  3.7968175239 
 13.8949549437  3.79681744164 
 15.9985871961  3.79681726193 
 18.4206996933  3.79681736962 
 21.2095088792  3.79681728816 
 24.4205309455  3.79681737665 
 28.1176869797  3.79681731714 
 32.3745754282  3.79681737025 
 37.2759372031  3.79681743423 
 42.9193426013  3.79681726335 
 49.4171336132  3.79681724969 
 56.8986602902  3.79681741626 
 65.512855686  3.79681724123 
 75.4312006335  3.79681721801 
 86.8511373751  3.79681740076 
 100.0  3.79681728459 
409.491506238 50 
 0.1  0.10000000001 
 0.115139539933  0.115139539951 
 0.132571136559  0.132571136593 
 0.152641796718  0.152641796782 
 0.175751062485  0.175751062615 
 0.202358964773  0.202358965039 
 0.232995181052  0.232995181619 
 0.268269579528  0.268269580736 
 0.308884359648  0.308884362165 
 0.355648030622  0.355648035336 
 0.409491506238  0.409491512007 
 0.471486636346  0.471486638901 
 0.542867543932  0.542867544432 
 0.625055192527  0.625055180249 
 0.719685673001  0.719685640995 
 0.828642772855  0.82864269312 
 0.95409547635  0.954095240515 
 1.09854114199  1.09854043143 
 1.26485521686  1.26485291432 
 1.4563484775  1.45634050887 
 1.67683293681  1.67680327634 
 1.93069772888  1.93057898831 
 2.22299648253  2.22248058836 
 2.5595479227  2.55711413642 
 2.94705170255  2.93465870468 
 3.3932217719  3.32871147807 
 3.90693993705  3.62970133376 
 4.49843266897  3.74397495115 
 5.17947467923  3.76543460032 
 5.96362331659  3.76828393276 
 6.86648845004  3.76860491607 
 7.90604321091  3.76863622983 
 9.10298177992  3.76863855306 
 10.4811313415  3.76863839459 
 12.0679264064  3.76863887546 
 13.8949549437  3.76863905149 
 15.9985871961  3.76863883014 
 18.4206996933  3.7686386425 
 21.2095088792  3.76863890113 
 24.4205309455  3.76863907442 
 28.1176869797  3.76863886927 
 32.3745754282  3.76863884235 
 37.2759372031  3.76863883792 
 42.9193426013  3.76863831853 
 49.4171336132  3.76863877044 
 56.8986602902  3.76863863073 
 65.512855686  3.7686388856 
 75.4312006335  3.76863879068 
 86.8511373751  3.76863882739 
 100.0  3.76863836507 
686.648845004 50 
 0.1  0.100000000017 
 0.115139539933  0.115139539963 
 0.132571136559  0.132571136616 
 0.152641796718  0.152641796827 
 0.175751062485  0.175751062704 
 0.202358964773  0.202358965225 
 0.232995181052  0.232995181978 
 0.268269579528  0.268269581475 
 0.308884359648  0.308884363556 
 0.355648030622  0.355648037061 
 0.409491506238  0.409491511445 
 0.471486636346  0.471486637102 
 0.542867543932  0.542867544461 
 0.625055192527  0.625055180626 
 0.719685673001  0.719685643854 
 0.828642772855  0.828642690225 
 0.95409547635  0.954095237896 
 1.09854114199  1.09854041529 
 1.26485521686  1.26485285835 
 1.4563484775  1.45634026915 
 1.67683293681  1.67680238136 
 1.93069772888  1.9305749791 
 2.22299648253  2.22246186216 
 2.5595479227  2.55701734997 
 2.94705170255  2.93412734912 
 3.3932217719  3.32596642549 
 3.90693993705  3.62072410273 
 4.49843266897  3.72999783442 
 5.17947467923  3.75023204256 
 5.96362331659  3.75291012053 
 6.86648845004  3.75321032877 
 7.90604321091  3.75324008796 
 9.10298177992  3.75324230023 
 10.4811313415  3.75324223216 
 12.0679264064  3.75324251658 
 13.8949549437  3.75324253152 
 15.9985871961  3.75324239069 
 18.4206996933  3.75324243921 
 21.2095088792  3.75324243762 
 24.4205309455  3.75324243607 
 28.1176869797  3.75324249584 
 32.3745754282  3.75324258166 
 37.2759372031  3.75324241277 
 42.9193426013  3.75324259941 
 49.4171336132  3.75324247711 
 56.8986602902  3.75324251215 
 65.512855686  3.75324253425 
 75.4312006335  3.75324257094 
 86.8511373751  3.75324243319 
 100.0  3.75324254836 
1151.39539933 50 
 0.1  0.100000000029 
 0.115139539933  0.115139539984 
 0.132571136559  0.132571136655 
 0.152641796718  0.152641796902 
 0.175751062485  0.17575106283 
 0.202358964773  0.202358965492 
 0.232995181052  0.232995182593 
 0.268269579528  0.268269582753 
 0.308884359648  0.308884365625 
 0.355648030622  0.355648038299 
 0.409491506238  0.409491506156 
 0.471486636346  0.471486635767 
 0.542867543932  0.542867539873 
 0.625055192527  0.625055186447 
 0.719685673001  0.719685642737 
 0.828642772855  0.828642688665 
 0.95409547635  0.954095236766 
 1.09854114199  1.09854041126 
 1.26485521686  1.2648528182 
 1.4563484775  1.45634013686 
 1.67683293681  1.67680182829 
 1.93069772888  1.93057261282 
 2.22299648253  2.22245071657 
 2.5595479227  2.55695956108 
 2.94705170255  2.9338113955 
 3.3932217719  3.32434364287 
 3.90693993705  3.61551726611 
 4.49843266897  3.72201863445 
 5.17947467923  3.74159003457 
 5.96362331659  3.744175788 
 6.86648845004  3.74446557389 
 7.90604321091  3.74449388676 
 9.10298177992  3.74449662865 
 10.4811313415  3.74449681812 
 12.0679264064  3.74449653693 
 13.8949549437  3.74449651373 
 15.9985871961  3.74449652357 
 18.4206996933  3.74449662475 
 21.2095088792  3.74449655633 
 24.4205309455  3.74449663355 
 28.1176869797  3.7444965658 
 32.3745754282  3.74449659009 
 37.2759372031  3.7444965146 
 42.9193426013  3.74449659523 
 49.4171336132  3.74449630695 
 56.8986602902  3.74449654649 
 65.512855686  3.74449658046 
 75.4312006335  3.74449652688 
 86.8511373751  5.69783538899 
 100.0  37.5243517802 
1930.69772888 50 
 0.1  0.100000000049 
 0.115139539933  0.11513954002 
 0.132571136559  0.132571136706 
 0.152641796718  0.152641797003 
 0.175751062485  0.175751063059 
 0.202358964773  0.202358965964 
 0.232995181052  0.232995183581 
 0.268269579528  0.268269584839 
 0.308884359648  0.308884367743 
 0.355648030622  0.355648034169 
 0.409491506238  0.409491511944 
 0.471486636346  0.471486636605 
 0.542867543932  0.542867543969 
 0.625055192527  0.625055186636 
 0.719685673001  0.71968564514 
 0.828642772855  0.828642687004 
 0.95409547635  0.95409523508 
 1.09854114199  1.09854040237 
 1.26485521686  1.26485277524 
 1.4563484775  1.45634006349 
 1.67683293681  1.67680151083 
 1.93069772888  1.93057136853 
 2.22299648253  2.22244402929 
 2.5595479227  2.55692555837 
 2.94705170255  2.933622915 
 3.3932217719  3.32338086018 
 3.90693993705  3.61246158539 
 4.49843266897  3.71737794089 
 5.17947467923  3.7365752243 
 5.96362331659  3.73910924627 
 6.86648845004  3.73939334112 
 7.90604321091  3.73942122146 
 9.10298177992  3.73942382634 
 10.4811313415  3.7394236841 
 12.0679264064  3.73942371033 
 13.8949549437  3.73942380061 
 15.9985871961  3.73942386511 
 18.4206996933  3.73942380314 
 21.2095088792  3.7394237479 
 24.4205309455  3.73942382914 
 28.1176869797  3.73942369257 
 32.3745754282  3.73942380237 
 37.2759372031  3.73942373068 
 42.9193426013  3.73942400384 
 49.4171336132  3.73942374842 
 56.8986602902  6.06351935966 
 65.512855686  10.4350434253 
 75.4312006335  25.9690662301 
 86.8511373751  49.2994054636 
 100.0  69.3505525078 
3237.45754282 50 
 0.1  0.100000000073 
 0.115139539933  0.115139540064 
 0.132571136559  0.132571136805 
 0.152641796718  0.152641797224 
 0.175751062485  0.175751063485 
 0.202358964773  0.20235896679 
 0.232995181052  0.232995185083 
 0.268269579528  0.26826958651 
 0.308884359648  0.308884366485 
 0.355648030622  0.355648037512 
 0.409491506238  0.409491511652 
 0.471486636346  0.471486636694 
 0.542867543932  0.54286754107 
 0.625055192527  0.625055180499 
 0.719685673001  0.719685644013 
 0.828642772855  0.828642690161 
 0.95409547635  0.954095232707 
 1.09854114199  1.09854040214 
 1.26485521686  1.26485278687 
 1.4563484775  1.45633999626 
 1.67683293681  1.67680130041 
 1.93069772888  1.93057042717 
 2.22299648253  2.22244001924 
 2.5595479227  2.5569047154 
 2.94705170255  2.93351044084 
 3.3932217719  3.32280846463 
 3.90693993705  3.61065741919 
 4.49843266897  3.71465097659 
 5.17947467923  3.73363219131 
 5.96362331659  3.73613637932 
 6.86648845004  3.73641700325 
 7.90604321091  3.736444544 
 9.10298177992  3.73644673085 
 10.4811313415  3.73644723799 
 12.0679264064  3.73644710663 
 13.8949549437  4.86997299525 
 15.9985871961  5.90272831949 
 18.4206996933  6.5632351689 
 21.2095088792  7.24027297402 
 24.4205309455  7.96597250901 
 28.1176869797  8.74889043609 
 32.3745754282  9.60728152648 
 37.2759372031  10.8160208678 
 42.9193426013  12.7378999737 
 49.4171336132  16.0360514267 
 56.8986602902  22.3980755859 
 65.512855686  36.1337544379 
 75.4312006335  51.5496291306 
 86.8511373751  66.8549802849 
 100.0  82.9953093735 
5428.67543932 50 
 0.1  0.100000000135 
 0.115139539933  0.115139540173 
 0.132571136559  0.132571137002 
 0.152641796718  0.152641797564 
 0.175751062485  0.175751064143 
 0.202358964773  0.202358967955 
 0.232995181052  0.232995187211 
 0.268269579528  0.268269587352 
 0.308884359648  0.308884363654 
 0.355648030622  0.355648035028 
 0.409491506238  0.409491510633 
 0.471486636346  0.471486638839 
 0.542867543932  0.542867539196 
 0.625055192527  0.625055180904 
 0.719685673001  0.7196856475 
 0.828642772855  0.828642690538 
 0.95409547635  0.95409523123 
 1.09854114199  1.098540395 
 1.26485521686  1.26485278173 
 1.4563484775  1.4563399842 
 1.67683293681  1.67680117481 
 1.93069772888  1.93056988219 
 2.22299648253  2.22243765067 
 2.5595479227  2.55689239339 
 2.94705170255  2.93344329498 
 3.3932217719  3.32246768072 
 3.90693993705  3.60958722121 
 4.49843266897  3.71303873118 
 5.17947467923  3.73189354634 
 5.96362331659  3.73437989134 
 6.86648845004  3.7346588737 
 7.90604321091  5.63627378008 
 9.10298177992  6.56061177778 
 10.4811313415  7.45370285527 
 12.0679264064  8.44388684964 
 13.8949549437  9.5561642585 
 15.9985871961  10.8062907638 
 18.4206996933  12.210075122 
 21.2095088792  13.7846708903 
 24.4205309455  15.5488217798 
 28.1176869797  17.5229783032 
 32.3745754282  19.7293958745 
 37.2759372031  22.1922300504 
 42.9193426013  25.194045376 
 49.4171336132  29.9655939023 
 56.8986602902  38.2947559939 
 65.512855686  49.9603318397 
 75.4312006335  62.221108307 
 86.8511373751  75.5197345234 
 100.0  90.2177119493 
9102.98177992 50 
 0.1  0.100000000228 
 0.115139539933  0.115139540334 
 0.132571136559  0.132571137298 
 0.152641796718  0.152641798118 
 0.175751062485  0.175751065136 
 0.202358964773  0.202358969607 
 0.232995181052  0.232995188226 
 0.268269579528  0.268269581142 
 0.308884359648  0.308884360512 
 0.355648030622  0.355648036858 
 0.409491506238  0.409491505871 
 0.471486636346  0.471486639614 
 0.542867543932  0.542867543434 
 0.625055192527  0.625055187198 
 0.719685673001  0.719685641138 
 0.828642772855  0.8286426875 
 0.95409547635  0.954095231294 
 1.09854114199  1.09854039814 
 1.26485521686  1.264852752 
 1.4563484775  1.45633995074 
 1.67683293681  1.67680113518 
 1.93069772888  1.93056959673 
 2.22299648253  2.22243617899 
 2.5595479227  2.55688528428 
 2.94705170255  2.93340325918 
 3.3932217719  3.32226409525 
 3.90693993705  3.60895115699 
 4.49843266897  3.7120818966 
 5.17947467923  3.73086242843 
 5.96362331659  3.73333828737 
 6.86648845004  6.10680298966 
 7.90604321091  7.04763676099 
 9.10298177992  8.07404661488 
 10.4811313415  9.24097953872 
 12.0679264064  10.5727224819 
 13.8949549437  12.0925419037 
 15.9985871961  13.826306438 
 18.4206996933  15.8032399566 
 21.2095088792  18.0563773943 
 24.4205309455  20.6230319023 
 28.1176869797  23.545308895 
 32.3745754282  26.8706739151 
 37.2759372031  30.6525787603 
 42.9193426013  34.9511501696 
 49.4171336132  39.8428510136 
 56.8986602902  46.7326384256 
 65.512855686  56.7161559582 
 75.4312006335  67.8410878806 
 86.8511373751  80.2723831497 
 100.0  94.2796666792 
15264.1796718 50 
 0.1  0.100000000377 
 0.115139539933  0.115139540599 
 0.132571136559  0.132571137774 
 0.152641796718  0.152641798961 
 0.175751062485  0.175751066427 
 0.202358964773  0.202358971314 
 0.232995181052  0.232995181568 
 0.268269579528  0.268269584779 
 0.308884359648  0.308884365316 
 0.355648030622  0.355648031983 
 0.409491506238  0.409491508152 
 0.471486636346  0.471486634469 
 0.542867543932  0.542867542757 
 0.625055192527  0.625055192906 
 0.719685673001  0.719685647945 
 0.828642772855  0.828642711359 
 0.95409547635  0.954095230147 
 1.09854114199  1.09854039037 
 1.26485521686  1.26485277233 
 1.4563484775  1.45633990797 
 1.67683293681  1.67680108716 
 1.93069772888  1.93056940796 
 2.22299648253  2.22243540105 
 2.5595479227  2.5568810125 
 2.94705170255  2.93337971453 
 3.3932217719  3.32214361227 
 3.90693993705  3.60857257811 
 4.49843266897  3.71151304809 
 5.17947467923  3.73024907978 
 5.96362331659  5.67183908658 
 6.86648845004  6.59591846962 
 7.90604321091  7.58676512748 
 9.10298177992  8.71783413093 
 10.4811313415  10.0155633327 
 12.0679264064  11.5050860434 
 13.8949549437  13.214563737 
 15.9985871961  15.1761620653 
 18.4206996933  17.4266773201 
 21.2095088792  20.0081958008 
 24.4205309455  22.9688386559 
 28.1176869797  26.3636078213 
 32.3745754282  30.2553460962 
 37.2759372031  34.7158270551 
 42.9193426013  39.8269905337 
 49.4171336132  45.6823416477 
 56.8986602902  52.3885355822 
 65.512855686  60.418130756 
 75.4312006335  70.9954503116 
 86.8511373751  82.9861033104 
 100.0  96.6264532322 
25595.479227 50 
 0.1  0.100000000626 
 0.115139539933  0.115139541032 
 0.132571136559  0.132571138582 
 0.152641796718  0.152641799948 
 0.175751062485  0.175751067872 
 0.202358964773  0.202358965047 
 0.232995181052  0.232995187787 
 0.268269579528  0.268269579328 
 0.308884359648  0.308884367708 
 0.355648030622  0.355648034451 
 0.409491506238  0.409491508514 
 0.471486636346  0.471486637071 
 0.542867543932  0.542867541111 
 0.625055192527  0.625055191805 
 0.719685673001  0.719685660098 
 0.828642772855  0.828642678405 
 0.95409547635  0.954095231011 
 1.09854114199  1.09854039541 
 1.26485521686  1.26485276621 
 1.4563484775  1.45633991975 
 1.67683293681  1.67680104418 
 1.93069772888  1.9305692946 
 2.22299648253  2.22243485815 
 2.5595479227  2.55687823527 
 2.94705170255  2.93336562949 
 3.3932217719  3.3220714403 
 3.90693993705  3.60834697018 
 4.49843266897  3.71117435854 
 5.17947467923  3.7298843196 
 5.96362331659  5.87322038124 
 6.86648845004  6.76987349068 
 7.90604321091  7.79058733283 
 9.10298177992  8.96342165465 
 10.4811313415  10.312252723 
 12.0679264064  11.8635569376 
 13.8949549437  13.6476415603 
 15.9985871961  15.6993151488 
 18.4206996933  18.0585644539 
 21.2095088792  20.7713205505 
 24.4205309455  23.8903361412 
 28.1176869797  27.4761909155 
 32.3745754282  31.5984434517 
 37.2759372031  36.3369506925 
 42.9193426013  41.7833789671 
 49.4171336132  48.0429338787 
 56.8986602902  55.2363401723 
 65.512855686  63.502106999 
 75.4312006335  72.9991188652 
 86.8511373751  84.5659173198 
 100.0  98.0011212867 
42919.3426013 50 
 0.1  0.100000001025 
 0.115139539933  0.1151395415 
 0.132571136559  0.132571139683 
 0.152641796718  0.152641801253 
 0.175751062485  0.175751063052 
 0.202358964773  0.20235897101 
 0.232995181052  0.232995184044 
 0.268269579528  0.268269580244 
 0.308884359648  0.308884361868 
 0.355648030622  0.355648029985 
 0.409491506238  0.409491509105 
 0.471486636346  0.471486638871 
 0.542867543932  0.542867544537 
 0.625055192527  0.625055189474 
 0.719685673001  0.719685644619 
 0.828642772855  0.82864267742 
 0.95409547635  0.954095222944 
 1.09854114199  1.09854039002 
 1.26485521686  1.26485276536 
 1.4563484775  1.45633992542 
 1.67683293681  1.67680104102 
 1.93069772888  1.93056930213 
 2.22299648253  2.22243455079 
 2.5595479227  2.556876621 
 2.94705170255  2.93335693097 
 3.3932217719  3.32202844791 
 3.90693993705  3.60821260405 
 4.49843266897  3.71097300478 
 5.17947467923  5.1195305619 
 5.96362331659  5.93322473047 
 6.86648845004  6.83212540355 
 7.90604321091  7.8647408812 
 9.10298177992  9.05301413404 
 10.4811313415  10.4206430437 
 12.0679264064  11.9946992587 
 13.8949549437  13.806306739 
 15.9985871961  15.8912715346 
 18.4206996933  18.2907870941 
 21.2095088792  21.05224312 
 24.4205309455  24.2301552295 
 28.1176869797  27.8872335849 
 32.3745754282  32.095611173 
 37.2759372031  36.9382554582 
 42.9193426013  42.5105906355 
 49.4171336132  48.9223617136 
 56.8986602902  56.2997762554 
 65.512855686  64.7879648635 
 75.4312006335  74.5538075183 
 86.8511373751  85.7891797755 
 100.0  98.81246278 
71968.5673001 50 
 0.1  0.100000003241 
 0.115139539933  0.115139542783 
 0.132571136559  0.132571140489 
 0.152641796718  0.152641797663 
 0.175751062485  0.175751067689 
 0.202358964773  0.202358968254 
 0.232995181052  0.232995185481 
 0.268269579528  0.268269587084 
 0.308884359648  0.308884365184 
 0.355648030622  0.355648037843 
 0.409491506238  0.409491511667 
 0.471486636346  0.471486638438 
 0.542867543932  0.542867541104 
 0.625055192527  0.625055188062 
 0.719685673001  0.719685641952 
 0.828642772855  0.828642707291 
 0.95409547635  0.954095219421 
 1.09854114199  1.09854039067 
 1.26485521686  1.26485273744 
 1.4563484775  1.45633992205 
 1.67683293681  1.67680099841 
 1.93069772888  1.93056918003 
 2.22299648253  2.22243433626 
 2.5595479227  2.55687576795 
 2.94705170255  2.93335177203 
 3.3932217719  3.32200274525 
 3.90693993705  3.60813253186 
 4.49843266897  3.71085253158 
 5.17947467923  5.1666383923 
 5.96362331659  5.95313377725 
 6.86648845004  6.8542809402 
 7.90604321091  7.89132501561 
 9.10298177992  9.08516854373 
 10.4811313415  10.4595643677 
 12.0679264064  12.0418139773 
 13.8949549437  13.8633391091 
 15.9985871961  15.9603082134 
 18.4206996933  18.3743534712 
 21.2095088792  21.1533955016 
 24.4205309455  24.3525923588 
 28.1176869797  28.035431559 
 32.3745754282  32.2749866593 
 37.2759372031  37.1553631383 
 42.9193426013  42.773362041 
 49.4171336132  49.2403941178 
 56.8986602902  56.6846820924 
 65.512855686  65.253794331 
 75.4312006335  75.1175596637 
 86.8511373751  86.4714205509 
 100.0  99.5402903413 
120679.264064 50 
 0.1  0.100000002596 
 0.115139539933  0.11513954309 
 0.132571136559  0.132571138077 
 0.152641796718  0.152641804371 
 0.175751062485  0.175751064189 
 0.202358964773  0.202358969674 
 0.232995181052  0.232995183159 
 0.268269579528  0.268269582838 
 0.308884359648  0.308884367635 
 0.355648030622  0.35564803371 
 0.409491506238  0.409491508549 
 0.471486636346  0.47148663456 
 0.542867543932  0.542867541683 
 0.625055192527  0.625055181015 
 0.719685673001  0.719685636529 
 0.828642772855  0.828642685104 
 0.95409547635  0.954095217111 
 1.09854114199  1.09854039358 
 1.26485521686  1.2648527661 
 1.4563484775  1.45633993856 
 1.67683293681  1.67680101755 
 1.93069772888  1.93056915178 
 2.22299648253  2.22243425695 
 2.5595479227  2.55687492795 
 2.94705170255  2.93334864947 
 3.3932217719  3.32198742117 
 3.90693993705  3.60808466242 
 4.49843266897  3.71078096395 
 5.17947467923  5.17574125147 
 5.96362331659  5.9599574369 
 6.86648845004  6.86215175756 
 7.90604321091  7.900805379 
 9.10298177992  9.09664120186 
 10.4811313415  10.4734541882 
 12.0679264064  12.0586307757 
 13.8949549437  13.8836996332 
 15.9985871961  15.9849590891 
 18.4206996933  18.4041985914 
 21.2095088792  21.1895291457 
 24.4205309455  24.396339282 
 28.1176869797  28.0883955188 
 32.3745754282  32.3391091549 
 37.2759372031  37.2329945116 
 42.9193426013  42.8673475387 
 49.4171336132  49.3541780601 
 56.8986602902  56.8224339565 
 65.512855686  65.4205613565 
 75.4312006335  75.3194515543 
 86.8511373751  86.7158330182 
 100.0  99.8361756529 
202358.964773 50 
 0.1  0.100000002652 
 0.115139539933  0.115139542169 
 0.132571136559  0.132571136643 
 0.152641796718  0.152641797631 
 0.175751062485  0.17575106483 
 0.202358964773  0.202358965714 
 0.232995181052  0.232995187978 
 0.268269579528  0.268269586338 
 0.308884359648  0.308884363443 
 0.355648030622  0.355648034869 
 0.409491506238  0.409491508685 
 0.471486636346  0.471486635266 
 0.542867543932  0.542867543044 
 0.625055192527  0.62505518567 
 0.719685673001  0.719685670372 
 0.828642772855  0.828642682393 
 0.95409547635  0.954095207669 
 1.09854114199  1.098540358 
 1.26485521686  1.26485276626 
 1.4563484775  1.45633989331 
 1.67683293681  1.67680103553 
 1.93069772888  1.93056913336 
 2.22299648253  2.22243415749 
 2.5595479227  2.55687463821 
 2.94705170255  2.93334716842 
 3.3932217719  3.32197829914 
 3.90693993705  3.60805618721 
 4.49843266897  4.48933341951 
 5.17947467923  5.17827550514 
 5.96362331659  5.96233297828 
 6.86648845004  6.86494741487 
 7.90604321091  7.90418004128 
 9.10298177992  9.10072609779 
 10.4811313415  10.4784001038 
 12.0679264064  12.0646193198 
 13.8949549437  13.8909505963 
 15.9985871961  15.9937385806 
 18.4206996933  18.4148288091 
 21.2095088792  21.202400198 
 24.4205309455  24.4119234992 
 28.1176869797  28.1072647814 
 32.3745754282  32.3619558723 
 37.2759372031  37.2606570214 
 42.9193426013  42.9008408576 
 49.4171336132  49.3947311137 
 56.8986602902  56.8715346524 
 65.512855686  65.4800111537 
 75.4312006335  75.3914315274 
 86.8511373751  86.8029838389 
 100.0  99.9416944191 
339322.17719 50 
 0.1  0.100000004638 
 0.115139539933  0.11513954504 
 0.132571136559  0.132571139178 
 0.152641796718  0.152641798473 
 0.175751062485  0.175751065292 
 0.202358964773  0.202358971002 
 0.232995181052  0.232995186254 
 0.268269579528  0.268269585347 
 0.308884359648  0.308884364498 
 0.355648030622  0.35564803863 
 0.409491506238  0.409491509827 
 0.471486636346  0.471486639982 
 0.542867543932  0.542867541756 
 0.625055192527  0.625055186471 
 0.719685673001  0.719685640647 
 0.828642772855  0.828642690219 
 0.95409547635  0.954095214963 
 1.09854114199  1.09854039498 
 1.26485521686  1.26485274195 
 1.4563484775  1.4563399293 
 1.67683293681  1.67680102504 
 1.93069772888  1.93056925772 
 2.22299648253  2.22243410972 
 2.5595479227  2.55687450523 
 2.94705170255  2.93334592044 
 3.3932217719  3.32197283267 
 3.90693993705  3.60803915477 
 4.49843266897  4.49776550916 
 5.17947467923  5.17907141808 
 5.96362331659  5.96316722881 
 6.86648845004  6.86594069427 
 7.90604321091  7.90538055113 
 9.10298177992  9.10217946809 
 10.4811313415  10.4801598719 
 12.0679264064  12.0667501066 
 13.8949549437  13.893530626 
 15.9985871961  15.996862567 
 18.4206996933  18.4186114339 
 21.2095088792  21.2069803201 
 24.4205309455  24.4174692523 
 28.1176869797  28.1139797446 
 32.3745754282  32.3700865429 
 37.2759372031  37.2705018624 
 42.9193426013  42.912761252 
 49.4171336132  49.4091646287 
 56.8986602902  56.889011099 
 65.512855686  65.5011720314 
 75.4312006335  75.4170535678 
 86.8511373751  86.8340075118 
 100.0  99.9792584468 
568986.602902 50 
 0.1  0.100000005945 
 0.115139539933  0.115139543074 
 0.132571136559  0.132571140544 
 0.152641796718  0.152641801307 
 0.175751062485  0.175751066461 
 0.202358964773  0.20235897092 
 0.232995181052  0.232995185379 
 0.268269579528  0.268269586705 
 0.308884359648  0.308884367799 
 0.355648030622  0.355648038268 
 0.409491506238  0.409491507095 
 0.471486636346  0.471486635724 
 0.542867543932  0.542867541494 
 0.625055192527  0.625055188104 
 0.719685673001  0.71968564202 
 0.828642772855  0.828642690833 
 0.95409547635  0.954095205447 
 1.09854114199  1.09854039088 
 1.26485521686  1.26485276614 
 1.4563484775  1.45633990331 
 1.67683293681  1.67680100609 
 1.93069772888  1.93056919191 
 2.22299648253  2.22243407622 
 2.5595479227  2.55687441648 
 2.94705170255  2.93334491684 
 3.3932217719  3.32196955821 
 3.90693993705  3.60802902889 
 4.49843266897  4.49827127506 
 5.17947467923  5.17933576697 
 5.96362331659  5.96346170464 
 6.86648845004  6.86629371202 
 7.90604321091  7.90580753733 
 9.10298177992  9.10269642915 
 10.4811313415  10.4807858263 
 12.0679264064  12.0675080399 
 13.8949549437  13.8944483652 
 15.9985871961  15.9979738062 
 18.4206996933  18.4199569711 
 21.2095088792  21.2086095553 
 24.4205309455  24.4194420006 
 28.1176869797  28.1163684328 
 32.3745754282  32.3729788682 
 37.2759372031  37.2740040116 
 42.9193426013  42.9170018004 
 49.4171336132  49.4142992597 
 56.8986602902  56.8952283199 
 65.512855686  65.5087000932 
 75.4312006335  75.4261688448 
 86.8511373751  86.8450446475 
 100.0  99.9926226384 
954095.47635 50 
 0.1  0.100000001394 
 0.115139539933  0.115139541633 
 0.132571136559  0.13257113941 
 0.152641796718  0.152641801063 
 0.175751062485  0.175751066318 
 0.202358964773  0.202358964792 
 0.232995181052  0.232995183311 
 0.268269579528  0.268269584212 
 0.308884359648  0.308884362946 
 0.355648030622  0.355648031155 
 0.409491506238  0.409491505421 
 0.471486636346  0.471486634963 
 0.542867543932  0.542867543816 
 0.625055192527  0.625055190499 
 0.719685673001  0.71968563709 
 0.828642772855  0.828642682072 
 0.95409547635  0.954095232075 
 1.09854114199  1.09854039022 
 1.26485521686  1.2648527591 
 1.4563484775  1.45633992694 
 1.67683293681  1.67680104001 
 1.93069772888  1.93056909223 
 2.22299648253  2.22243406926 
 2.5595479227  2.55687428099 
 2.94705170255  2.9333448676 
 3.3932217719  3.32196755423 
 3.90693993705  3.60802302923 
 4.49843266897  4.49838445872 
 5.17947467923  5.17942618449 
 5.96362331659  5.96356596543 
 6.86648845004  6.86641920731 
 7.90604321091  7.90595939482 
 9.10298177992  9.10288029427 
 10.4811313415  10.481008458 
 12.0679264064  12.0677776129 
 13.8949549437  13.8947747772 
 15.9985871961  15.9983690415 
 18.4206996933  18.4204355409 
 21.2095088792  21.2091890305 
 24.4205309455  24.4201436568 
 28.1176869797  28.1172180315 
 32.3745754282  32.3740076025 
 37.2759372031  37.2752496518 
 42.9193426013  42.9185100802 
 49.4171336132  49.4161255557 
 56.8986602902  56.8974396845 
 65.512855686  65.5113777166 
 75.4312006335  75.4294110356 
 86.8511373751  86.8489704421 
 100.0  99.9973761712 
1599858.71961 50 
 0.1  0.100000000715 
 0.115139539933  0.115139542686 
 0.132571136559  0.132571140246 
 0.152641796718  0.152641800737 
 0.175751062485  0.175751064465 
 0.202358964773  0.202358970654 
 0.232995181052  0.232995188314 
 0.268269579528  0.268269587122 
 0.308884359648  0.308884367638 
 0.355648030622  0.355648034695 
 0.409491506238  0.40949150933 
 0.471486636346  0.471486637891 
 0.542867543932  0.542867546537 
 0.625055192527  0.625055187112 
 0.719685673001  0.719685639191 
 0.828642772855  0.828642678977 
 0.95409547635  0.954095218635 
 1.09854114199  1.09854039032 
 1.26485521686  1.26485275984 
 1.4563484775  1.45633994174 
 1.67683293681  1.67680103134 
 1.93069772888  1.93056912139 
 2.22299648253  2.22243402987 
 2.5595479227  2.55687420575 
 2.94705170255  2.93334470481 
 3.3932217719  3.32196637229 
 3.90693993705  3.90689687472 
 4.49843266897  4.49841701588 
 5.17947467923  5.17945761937 
 5.96362331659  5.96360294641 
 6.86648845004  6.86646382735 
 7.90604321091  7.90601340213 
 9.10298177992  9.10294568661 
 10.4811313415  10.481087638 
 12.0679264064  12.067873488 
 13.8949549437  13.8948908675 
 15.9985871961  15.9985096094 
 18.4206996933  18.4206057474 
 21.2095088792  21.2093951249 
 24.4205309455  24.4203932061 
 28.1176869797  28.117520198 
 32.3745754282  32.3743734805 
 37.2759372031  37.2756926749 
 42.9193426013  42.9190465143 
 49.4171336132  49.4167750964 
 56.8986602902  56.8982261801 
 65.512855686  65.5123300439 
 75.4312006335  75.43056416 
 86.8511373751  86.8503667013 
 100.0  99.9990668298 
2682695.79528 50 
 0.1  0.100000001619 
 0.115139539933  0.115139543072 
 0.132571136559  0.132571140454 
 0.152641796718  0.152641797235 
 0.175751062485  0.175751065521 
 0.202358964773  0.202358972987 
 0.232995181052  0.232995186485 
 0.268269579528  0.26826958644 
 0.308884359648  0.3088843678 
 0.355648030622  0.35564803541 
 0.409491506238  0.409491511606 
 0.471486636346  0.47148663759 
 0.542867543932  0.542867545279 
 0.625055192527  0.62505518888 
 0.719685673001  0.719685640582 
 0.828642772855  0.828642684586 
 0.95409547635  0.954095216586 
 1.09854114199  1.0985403903 
 1.26485521686  1.26485276018 
 1.4563484775  1.45633992181 
 1.67683293681  1.67680103284 
 1.93069772888  1.93056909494 
 2.22299648253  2.22243404179 
 2.5595479227  2.55687412475 
 2.94705170255  2.93334437187 
 3.3932217719  3.32196570494 
 3.90693993705  3.90693268184 
 4.49843266897  4.49842737727 
 5.17947467923  5.17946865094 
 5.96362331659  5.96361607762 
 6.86648845004  6.86647969375 
 7.90604321091  7.90603260954 
 9.10298177992  9.10296894339 
 10.4811313415  10.4811157984 
 12.0679264064  12.067907586 
 13.8949549437  13.8949321551 
 15.9985871961  15.9985596024 
 18.4206996933  18.4206662815 
 21.2095088792  21.2094684226 
 24.4205309455  24.4204819586 
 28.1176869797  28.117627664 
 32.3745754282  32.3745036057 
 37.2759372031  37.2758502369 
 42.9193426013  42.9192372982 
 49.4171336132  49.417006107 
 56.8986602902  56.8985058993 
 65.512855686  65.5126687417 
 75.4312006335  75.4309742721 
 86.8511373751  86.8508632854 
 100.0  99.9996681185 
4498432.66897 50 
 0.1  0.100000000158 
 0.115139539933  0.115139542924 
 0.132571136559  0.132571139595 
 0.152641796718  0.152641800787 
 0.175751062485  0.175751067263 
 0.202358964773  0.202358966641 
 0.232995181052  0.232995186575 
 0.268269579528  0.268269582702 
 0.308884359648  0.30888436809 
 0.355648030622  0.355648030611 
 0.409491506238  0.409491507964 
 0.471486636346  0.471486635503 
 0.542867543932  0.542867546117 
 0.625055192527  0.625055180439 
 0.719685673001  0.71968564266 
 0.828642772855  0.828642680277 
 0.95409547635  0.954095207856 
 1.09854114199  1.09854039059 
 1.26485521686  1.26485275449 
 1.4563484775  1.4563399348 
 1.67683293681  1.67680101322 
 1.93069772888  1.93056910779 
 2.22299648253  2.2224340391 
 2.5595479227  2.55687426157 
 2.94705170255  2.93334425134 
 3.3932217719  3.32196528554 
 3.90693993705  3.90693797485 
 4.49843266897  4.49843084088 
 5.17947467923  5.17947254348 
 5.96362331659  5.96362074327 
 6.86648845004  6.86648533604 
 7.90604321091  7.90603944057 
 9.10298177992  9.10297721463 
 10.4811313415  10.4811258137 
 12.0679264064  12.067919713 
 13.8949549437  13.894946839 
 15.9985871961  15.9985773824 
 18.4206996933  18.4206878104 
 21.2095088792  21.2094944909 
 24.4205309455  24.4205135234 
 28.1176869797  28.1176658842 
 32.3745754282  32.3745498846 
 37.2759372031  37.2759062737 
 42.9193426013  42.9193051504 
 49.4171336132  49.4170882658 
 56.8986602902  56.8986053813 
 65.512855686  65.5127891995 
 75.4312006335  75.4311201284 
 86.8511373751  86.8510398955 
 100.0  99.9998819668 
7543120.06335 50 
 0.1  0.100000002763 
 0.115139539933  0.115139542691 
 0.132571136559  0.132571140314 
 0.152641796718  0.152641800481 
 0.175751062485  0.175751067749 
 0.202358964773  0.20235896987 
 0.232995181052  0.232995182378 
 0.268269579528  0.268269581185 
 0.308884359648  0.308884367723 
 0.355648030622  0.35564803146 
 0.409491506238  0.409491509303 
 0.471486636346  0.471486640118 
 0.542867543932  0.542867543617 
 0.625055192527  0.625055192267 
 0.719685673001  0.719685670169 
 0.828642772855  0.828642678164 
 0.95409547635  0.954095226305 
 1.09854114199  1.09854038845 
 1.26485521686  1.26485274666 
 1.4563484775  1.45633991349 
 1.67683293681  1.67680101643 
 1.93069772888  1.93056904346 
 2.22299648253  2.22243400753 
 2.5595479227  2.55687410901 
 2.94705170255  2.93334428817 
 3.3932217719  3.39321756349 
 3.90693993705  3.90693932656 
 4.49843266897  4.49843202972 
 5.17947467923  5.17947392138 
 5.96362331659  5.96362240165 
 6.86648845004  6.86648734259 
 7.90604321091  7.90604187 
 9.10298177992  9.10298015628 
 10.4811313415  10.4811293756 
 12.0679264064  12.0679240259 
 13.8949549437  13.8949520613 
 15.9985871961  15.9985837059 
 18.4206996933  18.4206954672 
 21.2095088792  21.209503762 
 24.4205309455  24.4205247493 
 28.1176869797  28.1176794771 
 32.3745754282  32.3745663437 
 37.2759372031  37.2759262032 
 42.9193426013  42.919329282 
 49.4171336132  49.4171174855 
 56.8986602902  56.8986407619 
 65.512855686  65.5128320402 
 75.4312006335  75.4311720021 
 86.8511373751  86.8511027067 
 100.0  99.9999580217 
12648552.1686 50 
 0.1  0.10000000144 
 0.115139539933  0.115139542196 
 0.132571136559  0.132571137061 
 0.152641796718  0.152641801243 
 0.175751062485  0.175751067825 
 0.202358964773  0.202358971179 
 0.232995181052  0.232995181983 
 0.268269579528  0.268269583728 
 0.308884359648  0.308884368169 
 0.355648030622  0.355648038724 
 0.409491506238  0.409491506794 
 0.471486636346  0.471486638887 
 0.542867543932  0.542867546639 
 0.625055192527  0.625055180741 
 0.719685673001  0.719685641292 
 0.828642772855  0.828642676058 
 0.95409547635  0.954095222172 
 1.09854114199  1.09854039091 
 1.26485521686  1.26485276534 
 1.4563484775  1.45633991267 
 1.67683293681  1.67680095831 
 1.93069772888  1.93056913486 
 2.22299648253  2.22243402489 
 2.5595479227  2.55687414524 
 2.94705170255  2.93334445629 
 3.3932217719  3.39322143895 
 3.90693993705  3.906939735 
 4.49843266897  4.49843244387 
 5.17947467923  5.17947441007 
 5.96362331659  5.96362299125 
 6.86648845004  6.86648805619 
 7.90604321091  7.90604273402 
 9.10298177992  9.10298120247 
 10.4811313415  10.4811306424 
 12.0679264064  12.0679255598 
 13.8949549437  13.8949539186 
 15.9985871961  15.9985859548 
 18.4206996933  18.4206981903 
 21.2095088792  21.2095070593 
 24.4205309455  24.4205287418 
 28.1176869797  28.1176843115 
 32.3745754282  32.3745721973 
 37.2759372031  37.275933291 
 42.9193426013  42.9193378643 
 49.4171336132  49.4171278774 
 56.8986602902  56.898653345 
 65.512855686  65.5128472764 
 75.4312006335  75.4311904508 
 86.8511373751  86.8511250454 
 100.0  99.9999850705 
21209508.8792 50 
 0.1  0.100000002175 
 0.115139539933  0.115139540109 
 0.132571136559  0.132571140543 
 0.152641796718  0.15264180094 
 0.175751062485  0.175751062813 
 0.202358964773  0.202358970944 
 0.232995181052  0.232995187397 
 0.268269579528  0.268269586669 
 0.308884359648  0.308884366848 
 0.355648030622  0.355648036886 
 0.409491506238  0.409491506829 
 0.471486636346  0.471486639479 
 0.542867543932  0.542867545337 
 0.625055192527  0.625055186743 
 0.719685673001  0.719685646233 
 0.828642772855  0.828642678257 
 0.95409547635  0.954095229376 
 1.09854114199  1.0985403902 
 1.26485521686  1.26485276719 
 1.4563484775  1.45633991688 
 1.67683293681  1.6768010064 
 1.93069772888  1.93056902161 
 2.22299648253  2.22243398707 
 2.5595479227  2.55687416553 
 2.94705170255  2.93334445221 
 3.3932217719  3.39322169172 
 3.90693993705  3.90693986797 
 4.49843266897  4.49843258938 
 5.17947467923  5.17947458358 
 5.96362331659  5.9636232009 
 6.86648845004  6.86648830997 
 7.90604321091  7.9060430413 
 9.10298177992  9.10298157455 
 10.4811313415  10.4811310929 
 12.0679264064  12.0679261053 
 13.8949549437  13.8949545791 
 15.9985871961  15.9985867546 
 18.4206996933  18.4206991587 
 21.2095088792  21.209508232 
 24.4205309455  24.4205301618 
 28.1176869797  28.1176860308 
 32.3745754282  32.3745742791 
 37.2759372031  37.2759358118 
 42.9193426013  42.9193409166 
 49.4171336132  49.4171315733 
 56.8986602902  56.8986578201 
 65.512855686  65.5128526951 
 75.4312006335  75.4311970121 
 86.8511373751  86.8511329901 
 100.0  99.9999946904 
35564803.0622 50 
 0.1  0.100000001824 
 0.115139539933  0.1151395408 
 0.132571136559  0.132571140564 
 0.152641796718  0.152641798183 
 0.175751062485  0.175751065644 
 0.202358964773  0.202358967485 
 0.232995181052  0.232995183693 
 0.268269579528  0.268269586905 
 0.308884359648  0.308884363676 
 0.355648030622  0.355648034795 
 0.409491506238  0.409491511519 
 0.471486636346  0.47148664017 
 0.542867543932  0.542867540851 
 0.625055192527  0.625055185943 
 0.719685673001  0.7196856452 
 0.828642772855  0.828642684363 
 0.95409547635  0.954095220977 
 1.09854114199  1.09854039024 
 1.26485521686  1.26485275458 
 1.4563484775  1.45633994563 
 1.67683293681  1.67680098042 
 1.93069772888  1.93056904405 
 2.22299648253  2.22243409926 
 2.5595479227  2.55687411766 
 2.94705170255  2.94704997013 
 3.3932217719  3.39322174787 
 3.90693993705  3.90693991309 
 4.49843266897  4.49843264076 
 5.17947467923  5.17947464523 
 5.96362331659  5.96362327545 
 6.86648845004  6.86648840023 
 7.90604321091  7.90604315059 
 9.10298177992  9.10298170688 
 10.4811313415  10.4811312531 
 12.0679264064  12.0679262993 
 13.8949549437  13.8949548141 
 15.9985871961  15.9985870391 
 18.4206996933  18.4206995032 
 21.2095088792  21.209508649 
 24.4205309455  24.4205306668 
 28.1176869797  28.1176866422 
 32.3745754282  32.3745750195 
 37.2759372031  37.2759367083 
 42.9193426013  42.9193420021 
 49.4171336132  49.4171328877 
 56.8986602902  56.8986594117 
 65.512855686  65.5128546223 
 75.4312006335  75.4311993456 
 86.8511373751  86.8511358156 
 100.0  99.9999981116 
59636233.1659 50 
 0.1  0.100000002433 
 0.115139539933  0.115139542365 
 0.132571136559  0.132571140472 
 0.152641796718  0.15264180059 
 0.175751062485  0.175751066308 
 0.202358964773  0.20235897134 
 0.232995181052  0.232995184053 
 0.268269579528  0.268269585653 
 0.308884359648  0.308884368032 
 0.355648030622  0.355648038102 
 0.409491506238  0.409491506006 
 0.471486636346  0.471486637618 
 0.542867543932  0.54286754282 
 0.625055192527  0.625055182423 
 0.719685673001  0.71968564263 
 0.828642772855  0.828642675821 
 0.95409547635  0.954095230021 
 1.09854114199  1.09854039164 
 1.26485521686  1.26485276834 
 1.4563484775  1.45633994024 
 1.67683293681  1.67680092063 
 1.93069772888  1.9305690855 
 2.22299648253  2.22243407757 
 2.5595479227  2.55687417662 
 2.94705170255  2.94705168837 
 3.3932217719  3.39322176416 
 3.90693993705  3.90693992865 
 4.49843266897  4.49843265896 
 5.17947467923  5.17947466714 
 5.96362331659  5.96362330196 
 6.86648845004  6.86648843233 
 7.90604321091  7.90604318946 
 9.10298177992  9.10298175394 
 10.4811313415  10.4811313101 
 12.0679264064  12.0679263683 
 13.8949549437  13.8949548976 
 15.9985871961  15.9985871402 
 18.4206996933  18.4206996257 
 21.2095088792  21.2095087973 
 24.4205309455  24.4205308464 
 28.1176869797  28.1176868597 
 32.3745754282  32.3745752828 
 37.2759372031  37.2759370272 
 42.9193426013  42.9193423882 
 49.4171336132  49.4171333552 
 56.8986602902  56.8986599778 
 65.512855686  65.5128553077 
 75.4312006335  75.4312001755 
 86.8511373751  86.8511368205 
 100.0  99.9999993284 
100000000.0 50 
 0.1  0.100000000978 
 0.115139539933  0.115139542942 
 0.132571136559  0.132571141041 
 0.152641796718  0.152641796779 
 0.175751062485  0.175751066009 
 0.202358964773  0.202358965448 
 0.232995181052  0.232995188092 
 0.268269579528  0.268269584332 
 0.308884359648  0.308884368183 
 0.355648030622  0.355648036701 
 0.409491506238  0.409491513247 
 0.471486636346  0.471486640068 
 0.542867543932  0.542867543388 
 0.625055192527  0.625055182469 
 0.719685673001  0.719685667921 
 0.828642772855  0.828642676967 
 0.95409547635  0.954095221475 
 1.09854114199  1.09854038926 
 1.26485521686  1.26485276778 
 1.4563484775  1.45633992003 
 1.67683293681  1.67680098516 
 1.93069772888  1.93056910444 
 2.22299648253  2.22243398252 
 2.5595479227  2.55687403848 
 2.94705170255  2.94705169941 
 3.3932217719  3.39322176929 
 3.90693993705  3.90693993409 
 4.49843266897  4.49843266541 
 5.17947467923  5.17947467493 
 5.96362331659  5.96362331139 
 6.86648845004  6.86648844374 
 7.90604321091  7.90604320328 
 9.10298177992  9.10298177068 
 10.4811313415  10.4811313304 
 12.0679264064  12.0679263928 
 13.8949549437  13.8949549273 
 15.9985871961  15.9985871762 
 18.4206996933  18.4206996692 
 21.2095088792  21.2095088501 
 24.4205309455  24.4205309102 
 28.1176869797  28.1176869371 
 32.3745754282  32.3745753765 
 37.2759372031  37.2759371406 
 42.9193426013  42.9193425255 
 49.4171336132  49.4171335215 
 56.8986602902  56.8986601791 
 65.512855686  65.5128555514 
 75.4312006335  75.4312004706 
 86.8511373751  86.8511371779 
 100.0  99.9999997611 
