0.001 50 
 0.1  0.1 
 0.115139539933  0.115139539933 
 0.132571136559  0.132571136559 
 0.152641796718  0.152641796718 
 0.175751062485  0.175751062485 
 0.202358964773  0.202358964773 
 0.232995181052  0.232995181052 
 0.268269579528  0.268269579528 
 0.308884359648  0.308884359648 
 0.355648030622  0.355648030622 
 0.409491506238  0.409491506238 
 0.471486636346  0.471486636346 
 0.542867543932  0.542867543932 
 0.625055192527  0.625055192527 
 0.719685673001  0.719685673001 
 0.828642772855  0.828642772855 
 0.95409547635  0.95409547635 
 1.09854114199  1.09854114199 
 1.26485521686  1.26485521685 
 1.4563484775  1.4563484775 
 1.67683293681  1.6768329368 
 1.93069772888  1.93069772884 
 2.22299648253  2.22299648234 
 2.5595479227  2.55954792188 
 2.94705170255  2.94705169867 
 3.3932217719  3.39322175169 
 3.90693993705  3.90693982088 
 4.49843266897  4.49843192546 
 5.17947467923  5.17946934983 
 5.96362331659  5.96358024739 
 6.86648845004  6.86609340059 
 7.90604321091  7.90191374474 
 9.10298177992  9.05516818917 
 10.4811313415  10.0300293404 
 12.0679264064  10.319155999 
 13.8949549437  10.3384271507 
 15.9985871961  10.3318530241 
 18.4206996933  10.3233776385 
 21.2095088792  10.3146280444 
 24.4205309455  10.3057122648 
 28.1176869797  10.2966707042 
 32.3745754282  10.2876454784 
 37.2759372031  10.2787076271 
 42.9193426013  10.2699902818 
 49.4171336132  10.2615945456 
 56.8986602902  10.2536281155 
 65.512855686  10.2462508568 
 75.4312006335  10.2394484145 
 86.8511373751  10.2333901051 
 100.0  10.2282170564 
0.00167683293681 50 
 0.1  0.1 
 0.115139539933  0.115139539933 
 0.132571136559  0.132571136559 
 0.152641796718  0.152641796718 
 0.175751062485  0.175751062485 
 0.202358964773  0.202358964773 
 0.232995181052  0.232995181052 
 0.268269579528  0.268269579528 
 0.308884359648  0.308884359648 
 0.355648030622  0.355648030622 
 0.409491506238  0.409491506238 
 0.471486636346  0.471486636346 
 0.542867543932  0.542867543932 
 0.625055192527  0.625055192527 
 0.719685673001  0.719685673001 
 0.828642772855  0.828642772855 
 0.95409547635  0.95409547635 
 1.09854114199  1.09854114199 
 1.26485521686  1.26485521685 
 1.4563484775  1.45634847749 
 1.67683293681  1.67683293679 
 1.93069772888  1.9306977288 
 2.22299648253  2.22299648221 
 2.5595479227  2.55954792132 
 2.94705170255  2.94705169603 
 3.3932217719  3.39322173801 
 3.90693993705  3.90693974215 
 4.49843266897  4.49843142147 
 5.17947467923  5.17946573631 
 5.96362331659  5.96355103696 
 6.86648845004  6.86582553688 
 7.90604321091  7.8991309621 
 9.10298177992  9.02510865144 
 10.4811313415  9.85508615495 
 12.0679264064  10.0436635756 
 13.8949549437  10.0523455828 
 15.9985871961  10.0455903043 
 18.4206996933  10.0376033696 
 21.2095088792  10.0293341238 
 24.4205309455  10.0208785087 
 28.1176869797  10.0123134516 
 32.3745754282  10.0037298635 
 37.2759372031  9.99522624226 
 42.9193426013  9.98687328003 
 49.4171336132  9.97882411955 
 56.8986602902  9.97117383835 
 65.512855686  9.96406408027 
 75.4312006335  9.95760821226 
 86.8511373751  9.95188333554 
 100.0  9.946988019 
0.00281176869797 50 
 0.1  0.1 
 0.115139539933  0.115139539933 
 0.132571136559  0.132571136559 
 0.152641796718  0.152641796718 
 0.175751062485  0.175751062485 
 0.202358964773  0.202358964773 
 0.232995181052  0.232995181052 
 0.268269579528  0.268269579528 
 0.308884359648  0.308884359648 
 0.355648030622  0.355648030622 
 0.409491506238  0.409491506238 
 0.471486636346  0.471486636346 
 0.542867543932  0.542867543932 
 0.625055192527  0.625055192527 
 0.719685673001  0.719685673001 
 0.828642772855  0.828642772855 
 0.95409547635  0.95409547635 
 1.09854114199  1.09854114199 
 1.26485521686  1.26485521685 
 1.4563484775  1.45634847749 
 1.67683293681  1.67683293677 
 1.93069772888  1.93069772875 
 2.22299648253  2.22299648199 
 2.5595479227  2.55954792039 
 2.94705170255  2.94705169162 
 3.3932217719  3.39322171503 
 3.90693993705  3.90693960996 
 4.49843266897  4.49843057501 
 5.17947467923  5.17945966545 
 5.96362331659  5.9635019477 
 6.86648845004  6.86537550502 
 7.90604321091  7.89448654569 
 9.10298177992  8.97826281411 
 10.4811313415  9.65015347282 
 12.0679264064  9.76757302059 
 13.8949549437  9.7700834389 
 15.9985871961  9.76337130844 
 18.4206996933  9.75582309173 
 21.2095088792  9.74799216075 
 24.4205309455  9.73996125066 
 28.1176869797  9.73181212127 
 32.3745754282  9.72361911638 
 37.2759372031  9.71547025446 
 42.9193426013  9.7074864763 
 49.4171336132  9.69976852898 
 56.8986602902  9.69244877703 
 65.512855686  9.68567995285 
 75.4312006335  9.67955727922 
 86.8511373751  9.67416845661 
 100.0  9.66962942412 
0.00471486636346 50 
 0.1  0.1 
 0.115139539933  0.115139539933 
 0.132571136559  0.132571136559 
 0.152641796718  0.152641796718 
 0.175751062485  0.175751062485 
 0.202358964773  0.202358964773 
 0.232995181052  0.232995181052 
 0.268269579528  0.268269579528 
 0.308884359648  0.308884359648 
 0.355648030622  0.355648030622 
 0.409491506238  0.409491506238 
 0.471486636346  0.471486636346 
 0.542867543932  0.542867543932 
 0.625055192527  0.625055192527 
 0.719685673001  0.719685673001 
 0.828642772855  0.828642772854 
 0.95409547635  0.954095476349 
 1.09854114199  1.09854114199 
 1.26485521686  1.26485521685 
 1.4563484775  1.45634847748 
 1.67683293681  1.67683293675 
 1.93069772888  1.93069772866 
 2.22299648253  2.22299648163 
 2.5595479227  2.55954791882 
 2.94705170255  2.9470516842 
 3.3932217719  3.39322167643 
 3.90693993705  3.90693938779 
 4.49843266897  4.49842915181 
 5.17947467923  5.17944945302 
 5.96362331659  5.96341932893 
 6.86648845004  6.86461844291 
 7.90604321091  7.88675927508 
 9.10298177992  8.90799718341 
 10.4811313415  9.42236922584 
 12.0679264064  9.49238351616 
 13.8949549437  9.49135791028 
 15.9985871961  9.48480441337 
 18.4206996933  9.47764186473 
 21.2095088792  9.47018852798 
 24.4205309455  9.46253267824 
 28.1176869797  9.45474291986 
 32.3745754282  9.44689589956 
 37.2759372031  9.43909573703 
 42.9193426013  9.43144467039 
 49.4171336132  9.42407596228 
 56.8986602902  9.4171310252 
 65.512855686  9.41073428263 
 75.4312006335  9.40501898441 
 86.8511373751  9.40005581715 
 100.0  9.3958805281 
0.00790604321091 50 
 0.1  0.1 
 0.115139539933  0.115139539933 
 0.132571136559  0.132571136559 
 0.152641796718  0.152641796718 
 0.175751062485  0.175751062485 
 0.202358964773  0.202358964773 
 0.232995181052  0.232995181052 
 0.268269579528  0.268269579528 
 0.308884359648  0.308884359648 
 0.355648030622  0.355648030622 
 0.409491506238  0.409491506238 
 0.471486636346  0.471486636346 
 0.542867543932  0.542867543932 
 0.625055192527  0.625055192527 
 0.719685673001  0.719685673001 
 0.828642772855  0.828642772854 
 0.95409547635  0.954095476349 
 1.09854114199  1.09854114198 
 1.26485521686  1.26485521685 
 1.4563484775  1.45634847747 
 1.67683293681  1.67683293671 
 1.93069772888  1.9306977285 
 2.22299648253  2.22299648102 
 2.5595479227  2.55954791618 
 2.94705170255  2.94705167172 
 3.3932217719  3.39322161149 
 3.90693993705  3.90693901383 
 4.49843266897  4.49842675456 
 5.17947467923  5.1794322368 
 5.96362331659  5.96327993613 
 6.86648845004  6.86334218015 
 7.90604321091  7.87396884405 
 9.10298177992  8.80780021923 
 10.4811313415  9.17883131749 
 12.0679264064  9.21867528876 
 13.8949549437  9.21565971959 
 15.9985871961  9.20930309208 
 18.4206996933  9.20244614417 
 21.2095088792  9.19533282801 
 24.4205309455  9.18799932586 
 28.1176869797  9.18052870398 
 32.3745754282  9.17300945591 
 37.2759372031  9.16554622146 
 42.9193426013  9.1582616611 
 49.4171336132  9.15129476173 
 56.8986602902  9.14477125271 
 65.512855686  9.13884933012 
 75.4312006335  9.13359582727 
 86.8511373751  9.12906483404 
 100.0  9.12527048252 
0.0132571136559 50 
 0.1  0.1 
 0.115139539933  0.115139539933 
 0.132571136559  0.132571136559 
 0.152641796718  0.152641796718 
 0.175751062485  0.175751062485 
 0.202358964773  0.202358964773 
 0.232995181052  0.232995181052 
 0.268269579528  0.268269579528 
 0.308884359648  0.308884359648 
 0.355648030622  0.355648030622 
 0.409491506238  0.409491506238 
 0.471486636346  0.471486636346 
 0.542867543932  0.542867543932 
 0.625055192527  0.625055192527 
 0.719685673001  0.719685673001 
 0.828642772855  0.828642772854 
 0.95409547635  0.954095476348 
 1.09854114199  1.09854114198 
 1.26485521686  1.26485521684 
 1.4563484775  1.45634847745 
 1.67683293681  1.67683293664 
 1.93069772888  1.93069772825 
 2.22299648253  2.22299647999 
 2.5595479227  2.55954791174 
 2.94705170255  2.9470516507 
 3.3932217719  3.39322150202 
 3.90693993705  3.90693838278 
 4.49843266897  4.49842270449 
 5.17947467923  5.17940311031 
 5.96362331659  5.96304379678 
 6.86648845004  6.86118321504 
 7.90604321091  7.85297455182 
 9.10298177992  8.67326882511 
 10.4811313415  8.92505138802 
 12.0679264064  8.94629610198 
 13.8949549437  8.94217941114 
 15.9985871961  8.93600862998 
 18.4206996933  8.9294227796 
 21.2095088792  8.92258294398 
 24.4205309455  8.91553857323 
 28.1176869797  8.90837846803 
 32.3745754282  8.90119840502 
 37.2759372031  8.89411851406 
 42.9193426013  8.88726396037 
 49.4171336132  8.88077469656 
 56.8986602902  8.87477105977 
 65.512855686  8.86936837816 
 75.4312006335  8.86461256243 
 86.8511373751  8.86054601037 
 100.0  8.85713812687 
0.0222299648253 50 
 0.1  0.1 
 0.115139539933  0.115139539933 
 0.132571136559  0.132571136559 
 0.152641796718  0.152641796718 
 0.175751062485  0.175751062485 
 0.202358964773  0.202358964773 
 0.232995181052  0.232995181052 
 0.268269579528  0.268269579528 
 0.308884359648  0.308884359648 
 0.355648030622  0.355648030622 
 0.409491506238  0.409491506238 
 0.471486636346  0.471486636346 
 0.542867543932  0.542867543932 
 0.625055192527  0.625055192527 
 0.719685673001  0.719685673001 
 0.828642772855  0.828642772853 
 0.95409547635  0.954095476347 
 1.09854114199  1.09854114198 
 1.26485521686  1.26485521683 
 1.4563484775  1.45634847742 
 1.67683293681  1.67683293652 
 1.93069772888  1.93069772781 
 2.22299648253  2.22299647826 
 2.5595479227  2.55954790425 
 2.94705170255  2.9470516152 
 3.3932217719  3.39322131681 
 3.90693993705  3.90693731343 
 4.49843266897  4.49841582802 
 5.17947467923  5.17935354551 
 5.96362331659  5.96264109369 
 6.86648845004  6.85751094183 
 7.90604321091  7.818973875 
 9.10298177992  8.50369635726 
 10.4811313415  8.66440547948 
 12.0679264064  8.67443419256 
 13.8949549437  8.66971862525 
 15.9985871961  8.66371067117 
 18.4206996933  8.65735902371 
 21.2095088792  8.65077172955 
 24.4205309455  8.64402425032 
 28.1176869797  8.63720772003 
 32.3745754282  8.6304296121 
 37.2759372031  8.62382012248 
 42.9193426013  8.61749735068 
 49.4171336132  8.61157711311 
 56.8986602902  8.60616422882 
 65.512855686  8.60132747332 
 75.4312006335  8.59709494464 
 86.8511373751  8.59348088195 
 100.0  8.59045410822 
0.0372759372031 50 
 0.1  0.1 
 0.115139539933  0.115139539933 
 0.132571136559  0.132571136559 
 0.152641796718  0.152641796718 
 0.175751062485  0.175751062485 
 0.202358964773  0.202358964773 
 0.232995181052  0.232995181052 
 0.268269579528  0.268269579528 
 0.308884359648  0.308884359648 
 0.355648030622  0.355648030622 
 0.409491506238  0.409491506238 
 0.471486636346  0.471486636346 
 0.542867543932  0.542867543932 
 0.625055192527  0.625055192527 
 0.719685673001  0.719685673 
 0.828642772855  0.828642772853 
 0.95409547635  0.954095476344 
 1.09854114199  1.09854114197 
 1.26485521686  1.26485521681 
 1.4563484775  1.45634847736 
 1.67683293681  1.67683293632 
 1.93069772888  1.93069772708 
 2.22299648253  2.22299647534 
 2.5595479227  2.55954789156 
 2.94705170255  2.94705155491 
 3.3932217719  3.39322100163 
 3.90693993705  3.90693548884 
 4.49843266897  4.49840405787 
 5.17947467923  5.17926839731 
 5.96362331659  5.96194695251 
 6.86648845004  6.85121176009 
 7.90604321091  7.76504742399 
 9.10298177992  8.30191925668 
 10.4811313415  8.39824521255 
 12.0679264064  8.40162702829 
 13.8949549437  8.39660622896 
 15.9985871961  8.39076292279 
 18.4206996933  8.38464635552 
 21.2095088792  8.37835300275 
 24.4205309455  8.37196769102 
 28.1176869797  8.36558928229 
 32.3745754282  8.35933193604 
 37.2759372031  8.353302548 
 42.9193426013  8.34760643109 
 49.4171336132  8.34233707654 
 56.8986602902  8.33755516041 
 65.512855686  8.33330367376 
 75.4312006335  8.3295992532 
 86.8511373751  8.32643369235 
 100.0  8.32378410596 
0.0625055192527 50 
 0.1  0.1 
 0.115139539933  0.115139539933 
 0.132571136559  0.132571136559 
 0.152641796718  0.152641796718 
 0.175751062485  0.175751062485 
 0.202358964773  0.202358964773 
 0.232995181052  0.232995181052 
 0.268269579528  0.268269579528 
 0.308884359648  0.308884359648 
 0.355648030622  0.355648030622 
 0.409491506238  0.409491506238 
 0.471486636346  0.471486636346 
 0.542867543932  0.542867543932 
 0.625055192527  0.625055192527 
 0.719685673001  0.719685673 
 0.828642772855  0.828642772851 
 0.95409547635  0.954095476341 
 1.09854114199  1.09854114196 
 1.26485521686  1.26485521678 
 1.4563484775  1.45634847726 
 1.67683293681  1.67683293598 
 1.93069772888  1.93069772583 
 2.22299648253  2.22299647036 
 2.5595479227  2.55954786989 
 2.94705170255  2.94705145171 
 3.3932217719  3.39322046016 
 3.90693993705  3.90693234081 
 4.49843266897  4.4983836481 
 5.17947467923  5.17911989702 
 5.96362331659  5.96073024613 
 6.86648845004  6.84027478126 
 7.90604321091  7.68214365897 
 9.10298177992  8.07245839566 
 10.4811313415  8.12622978683 
 12.0679264064  8.12577514041 
 13.8949549437  8.12066436688 
 15.9985871961  8.11504479887 
 18.4206996933  8.10924305354 
 21.2095088792  8.1033506879 
 24.4205309455  8.09745533393 
 28.1176869797  8.09165242426 
 32.3745754282  8.08603596466 
 37.2759372031  8.08069551869 
 42.9193426013  8.07570758427 
 49.4171336132  8.07112883039 
 56.8986602902  8.06699997058 
 65.512855686  8.06333991561 
 75.4312006335  8.06015478144 
 86.8511373751  8.05743175754 
 100.0  8.05514738181 
0.104811313415 50 
 0.1  0.1 
 0.115139539933  0.115139539933 
 0.132571136559  0.132571136559 
 0.152641796718  0.152641796718 
 0.175751062485  0.175751062485 
 0.202358964773  0.202358964773 
 0.232995181052  0.232995181052 
 0.268269579528  0.268269579528 
 0.308884359648  0.308884359648 
 0.355648030622  0.355648030622 
 0.409491506238  0.409491506238 
 0.471486636346  0.471486636346 
 0.542867543932  0.542867543932 
 0.625055192527  0.625055192526 
 0.719685673001  0.719685672999 
 0.828642772855  0.828642772849 
 0.95409547635  0.954095476334 
 1.09854114199  1.09854114194 
 1.26485521686  1.26485521673 
 1.4563484775  1.45634847709 
 1.67683293681  1.6768329354 
 1.93069772888  1.93069772369 
 2.22299648253  2.2229964618 
 2.5595479227  2.5595478325 
 2.94705170255  2.94705127273 
 3.3932217719  3.39321951574 
 3.90693993705  3.90692681329 
 4.49843266897  4.4983475318 
 5.17947467923  5.17885482355 
 5.96362331659  5.95854332617 
 6.86648845004  6.82099088302 
 7.90604321091  7.56016634214 
 9.10298177992  7.81944432133 
 10.4811313415  7.84677808571 
 12.0679264064  7.8442662409 
 13.8949549437  7.83928704931 
 15.9985871961  7.83403012293 
 18.4206996933  7.82869454097 
 21.2095088792  7.82336247013 
 24.4205309455  7.81811172281 
 28.1176869797  7.81301877543 
 32.3745754282  7.80815350708 
 37.2759372031  7.80357656104 
 42.9193426013  7.79933541312 
 49.4171336132  7.79546562002 
 56.8986602902  7.79198843919 
 65.512855686  7.78891181805 
 75.4312006335  7.78623345517 
 86.8511373751  7.7839397047 
 100.0  7.78201135671 
0.175751062485 50 
 0.1  0.1 
 0.115139539933  0.115139539933 
 0.132571136559  0.132571136559 
 0.152641796718  0.152641796718 
 0.175751062485  0.175751062485 
 0.202358964773  0.202358964773 
 0.232995181052  0.232995181052 
 0.268269579528  0.268269579528 
 0.308884359648  0.308884359648 
 0.355648030622  0.355648030622 
 0.409491506238  0.409491506238 
 0.471486636346  0.471486636345 
 0.542867543932  0.542867543932 
 0.625055192527  0.625055192526 
 0.719685673001  0.719685672997 
 0.828642772855  0.828642772845 
 0.95409547635  0.954095476324 
 1.09854114199  1.09854114191 
 1.26485521686  1.26485521663 
 1.4563484775  1.4563484768 
 1.67683293681  1.6768329344 
 1.93069772888  1.93069771998 
 2.22299648253  2.22299644685 
 2.5595479227  2.55954776682 
 2.94705170255  2.94705095595 
 3.3932217719  3.39321782958 
 3.90693993705  3.90691684506 
 4.49843266897  4.49828165152 
 5.17947467923  5.178365289 
 5.96362331659  5.95447184464 
 6.86648845004  6.786487793 
 7.90604321091  7.39067788898 
 9.10298177992  7.54566394272 
 10.4811313415  7.55767077366 
 12.0679264064  7.5542876678 
 13.8949549437  7.54969281914 
 15.9985871961  7.54498959638 
 18.4206996933  7.54030197377 
 21.2095088792  7.53569225152 
 24.4205309455  7.53121845437 
 28.1176869797  7.52693238595 
 32.3745754282  7.52287933471 
 37.2759372031  7.5190961021 
 42.9193426013  7.51561128161 
 49.4171336132  7.51244193813 
 56.8986602902  7.50959882228 
 65.512855686  7.50708388037 
 75.4312006335  7.50489257516 
 86.8511373751  7.50301149285 
 100.0  7.50142482097 
0.294705170255 50 
 0.1  0.1 
 0.115139539933  0.115139539933 
 0.132571136559  0.132571136559 
 0.152641796718  0.152641796718 
 0.175751062485  0.175751062485 
 0.202358964773  0.202358964773 
 0.232995181052  0.232995181052 
 0.268269579528  0.268269579528 
 0.308884359648  0.308884359648 
 0.355648030622  0.355648030622 
 0.409491506238  0.409491506238 
 0.471486636346  0.471486636345 
 0.542867543932  0.542867543931 
 0.625055192527  0.625055192525 
 0.719685673001  0.719685672994 
 0.828642772855  0.828642772838 
 0.95409547635  0.954095476305 
 1.09854114199  1.09854114186 
 1.26485521686  1.26485521648 
 1.4563484775  1.45634847629 
 1.67683293681  1.67683293265 
 1.93069772888  1.93069771341 
 2.22299648253  2.22299642015 
 2.5595479227  2.55954764829 
 2.94705170255  2.94705037792 
 3.3932217719  3.39321471388 
 3.90693993705  3.90689816339 
 4.49843266897  4.49815623532 
 5.17947467923  5.17741835774 
 5.96362331659  5.94654985639 
 6.86648845004  6.72459815872 
 7.90604321091  7.17056521335 
 9.10298177992  7.25289026042 
 10.4811313415  7.25681640055 
 12.0679264064  7.25336863331 
 13.8949549437  7.24939483404 
 15.9985871961  7.24542405846 
 18.4206996933  7.24152813542 
 21.2095088792  7.23774861103 
 24.4205309455  7.23412160904 
 28.1176869797  7.23067880634 
 32.3745754282  7.22744660094 
 37.2759372031  7.22444469873 
 42.9193426013  7.22168783179 
 49.4171336132  7.21918537133 
 56.8986602902  7.21694084046 
 65.512855686  7.21495299585 
 75.4312006335  7.21321590372 
 86.8511373751  7.21171898407 
 100.0  7.2104463625 
0.494171336132 50 
 0.1  0.1 
 0.115139539933  0.115139539933 
 0.132571136559  0.132571136559 
 0.152641796718  0.152641796718 
 0.175751062485  0.175751062485 
 0.202358964773  0.202358964772 
 0.232995181052  0.232995181051 
 0.268269579528  0.268269579528 
 0.308884359648  0.308884359648 
 0.355648030622  0.355648030622 
 0.409491506238  0.409491506238 
 0.471486636346  0.471486636345 
 0.542867543932  0.542867543931 
 0.625055192527  0.625055192523 
 0.719685673001  0.719685672989 
 0.828642772855  0.828642772825 
 0.95409547635  0.954095476272 
 1.09854114199  1.09854114177 
 1.26485521686  1.2648552162 
 1.4563484775  1.45634847538 
 1.67683293681  1.67683292947 
 1.93069772888  1.93069770141 
 2.22299648253  2.22299637075 
 2.5595479227  2.55954742595 
 2.94705170255  2.94704927693 
 3.3932217719  3.39320867884 
 3.90693993705  3.90686130888 
 4.49843266897  4.4979039664 
 5.17947467923  5.17547940758 
 5.96362331659  5.93041275583 
 6.86648845004  6.61690389048 
 7.90604321091  6.90424565935 
 9.10298177992  6.94284874602 
 10.4811313415  6.94309440292 
 12.0679264064  6.94007512394 
 13.8949549437  6.93687391204 
 15.9985871961  6.93373002009 
 18.4206996933  6.93068202326 
 21.2095088792  6.92775371219 
 24.4205309455  6.92496586423 
 28.1176869797  6.92233527162 
 32.3745754282  6.91987577659 
 37.2759372031  6.91759758679 
 42.9193426013  6.91550806409 
 49.4171336132  6.9136105759 
 56.8986602902  6.91190567289 
 65.512855686  6.91039017719 
 75.4312006335  6.90905756854 
 86.8511373751  6.90789685417 
 100.0  6.9068925157 
0.828642772855 50 
 0.1  0.1 
 0.115139539933  0.115139539933 
 0.132571136559  0.132571136559 
 0.152641796718  0.152641796718 
 0.175751062485  0.175751062485 
 0.202358964773  0.202358964772 
 0.232995181052  0.232995181051 
 0.268269579528  0.268269579528 
 0.308884359648  0.308884359648 
 0.355648030622  0.355648030622 
 0.409491506238  0.409491506237 
 0.471486636346  0.471486636344 
 0.542867543932  0.542867543929 
 0.625055192527  0.625055192519 
 0.719685673001  0.719685672987 
 0.828642772855  0.828642772803 
 0.95409547635  0.954095476213 
 1.09854114199  1.0985411416 
 1.26485521686  1.26485521568 
 1.4563484775  1.4563484737 
 1.67683293681  1.6768329235 
 1.93069772888  1.93069767848 
 2.22299648253  2.22299627488 
 2.5595479227  2.55954698677 
 2.94705170255  2.94704706039 
 3.3932217719  3.39319628029 
 3.90693993705  3.90678397328 
 4.49843266897  4.49736328685 
 5.17947467923  5.171260428 
 5.96362331659  5.89652610892 
 6.86648845004  6.44455841561 
 7.90604321091  6.60212691829 
 9.10298177992  6.61806155022 
 10.4811313415  6.61702229081 
 12.0679264064  6.61465027092 
 13.8949549437  6.6122457925 
 15.9985871961  6.60991160632 
 18.4206996933  6.60766651991 
 21.2095088792  6.60552307387 
 24.4205309455  6.60349186592 
 28.1176869797  6.60158120017 
 32.3745754282  6.59979766004 
 37.2759372031  6.59814610001 
 42.9193426013  6.59662903474 
 49.4171336132  6.59524706298 
 56.8986602902  6.59399790651 
 65.512855686  6.5928766046 
 75.4312006335  6.59187473229 
 86.8511373751  6.5909789175 
 100.0  6.59017035664 
1.38949549437 50 
 0.1  0.1 
 0.115139539933  0.115139539933 
 0.132571136559  0.132571136559 
 0.152641796718  0.152641796717 
 0.175751062485  0.175751062485 
 0.202358964773  0.202358964772 
 0.232995181052  0.232995181051 
 0.268269579528  0.268269579528 
 0.308884359648  0.308884359647 
 0.355648030622  0.355648030621 
 0.409491506238  0.409491506237 
 0.471486636346  0.471486636343 
 0.542867543932  0.542867543926 
 0.625055192527  0.625055192518 
 0.719685673001  0.719685672978 
 0.828642772855  0.828642772775 
 0.95409547635  0.954095476175 
 1.09854114199  1.09854114128 
 1.26485521686  1.2648552147 
 1.4563484775  1.45634847041 
 1.67683293681  1.67683291167 
 1.93069772888  1.93069763221 
 2.22299648253  2.2229960775 
 2.5595479227  2.55954606381 
 2.94705170255  2.94704230232 
 3.3932217719  3.39316908416 
 3.90693993705  3.90661065392 
 4.49843266897  4.49612786881 
 5.17947467923  5.16158400175 
 5.96362331659  5.82636218888 
 6.86648845004  6.20282465755 
 7.90604321091  6.27645454382 
 9.10298177992  6.28216992923 
 10.4811313415  6.2809561057 
 12.0679264064  6.27924246811 
 13.8949549437  6.27754778154 
 15.9985871961  6.27591394153 
 18.4206996933  6.27434969461 
 21.2095088792  6.2728610974 
 24.4205309455  6.27145256188 
 28.1176869797  6.27012804684 
 32.3745754282  6.26888997273 
 37.2759372031  6.26773950586 
 42.9193426013  6.26667636546 
 49.4171336132  6.26569786507 
 56.8986602902  6.2647992314 
 65.512855686  6.26397237462 
 75.4312006335  6.26320422922 
 86.8511373751  6.26247540058 
 100.0  6.26175712328 
2.32995181052 50 
 0.1  0.0999999999999 
 0.115139539933  0.115139539933 
 0.132571136559  0.132571136559 
 0.152641796718  0.152641796717 
 0.175751062485  0.175751062485 
 0.202358964773  0.202358964772 
 0.232995181052  0.232995181051 
 0.268269579528  0.268269579527 
 0.308884359648  0.308884359647 
 0.355648030622  0.355648030621 
 0.409491506238  0.409491506235 
 0.471486636346  0.47148663634 
 0.542867543932  0.54286754392 
 0.625055192527  0.625055192503 
 0.719685673001  0.719685672949 
 0.828642772855  0.828642772702 
 0.95409547635  0.954095476121 
 1.09854114199  1.09854114059 
 1.26485521686  1.26485521268 
 1.4563484775  1.45634846363 
 1.67683293681  1.67683288672 
 1.93069772888  1.93069753258 
 2.22299648253  2.22299564358 
 2.5595479227  2.55954399175 
 2.94705170255  2.9470313965 
 3.3932217719  3.39310547951 
 3.90693993705  3.90619761936 
 4.49843266897  4.49314526355 
 5.17947467923  5.13877531034 
 5.96362331659  5.6938246857 
 6.86648845004  5.9077982857 
 7.90604321091  5.9380089649 
 9.10298177992  5.93967954555 
 10.4811313415  5.93868889699 
 12.0679264064  5.93752812269 
 13.8949549437  5.93639527553 
 15.9985871961  5.93530662884 
 18.4206996933  5.93426582705 
 21.2095088792  5.93327514437 
 24.4205309455  5.93233608105 
 28.1176869797  5.93144931551 
 32.3745754282  5.93061450023 
 37.2759372031  5.92983000922 
 42.9193426013  5.92909243404 
 49.4171336132  5.92839575396 
 56.8986602902  5.92773062385 
 65.512855686  5.92708277853 
 75.4312006335  5.92643089774 
 86.8511373751  5.92574288692 
 100.0  5.924970828 
3.90693993705 50 
 0.1  0.0999999999997 
 0.115139539933  0.115139539932 
 0.132571136559  0.132571136559 
 0.152641796718  0.152641796717 
 0.175751062485  0.175751062485 
 0.202358964773  0.202358964771 
 0.232995181052  0.23299518105 
 0.268269579528  0.268269579526 
 0.308884359648  0.308884359645 
 0.355648030622  0.355648030616 
 0.409491506238  0.409491506229 
 0.471486636346  0.471486636331 
 0.542867543932  0.542867543896 
 0.625055192527  0.625055192461 
 0.719685673001  0.71968567287 
 0.828642772855  0.828642772284 
 0.95409547635  0.954095474994 
 1.09854114199  1.09854113848 
 1.26485521686  1.2648552074 
 1.4563484775  1.4563484481 
 1.67683293681  1.6768328305 
 1.93069772888  1.93069730335 
 2.22299648253  2.22299462659 
 2.5595479227  2.55953904324 
 2.94705170255  2.94700488318 
 3.3932217719  3.39294828213 
 3.90693993705  3.90516291226 
 4.49843266897  4.48567350941 
 5.17947467923  5.08623588505 
 5.96362331659  5.48331177889 
 6.86648845004  5.58378755377 
 7.90604321091  5.59508212562 
 9.10298177992  5.59535982824 
 10.4811313415  5.59466014166 
 12.0679264064  5.59390970241 
 13.8949549437  5.5931814092 
 15.9985871961  5.59248102557 
 18.4206996933  5.59180949602 
 21.2095088792  5.59116685295 
 24.4205309455  5.59055219163 
 28.1176869797  5.58996389375 
 32.3745754282  5.58939902892 
 37.2759372031  5.58885246825 
 42.9193426013  5.58831685142 
 49.4171336132  5.58778073176 
 56.8986602902  5.58722740623 
 65.512855686  5.58663227289 
 75.4312006335  5.5859586108 
 86.8511373751  5.58515179514 
 100.0  5.58412938356 
6.5512855686 50 
 0.1  0.0999999999993 
 0.115139539933  0.115139539932 
 0.132571136559  0.132571136558 
 0.152641796718  0.152641796716 
 0.175751062485  0.175751062482 
 0.202358964773  0.202358964769 
 0.232995181052  0.232995181047 
 0.268269579528  0.268269579522 
 0.308884359648  0.308884359634 
 0.355648030622  0.355648030595 
 0.409491506238  0.409491506211 
 0.471486636346  0.471486636206 
 0.542867543932  0.542867543802 
 0.625055192527  0.625055192293 
 0.719685673001  0.719685672022 
 0.828642772855  0.828642770864 
 0.95409547635  0.954095471786 
 1.09854114199  1.0985411309 
 1.26485521686  1.26485518785 
 1.4563484775  1.45634839636 
 1.67683293681  1.67683267503 
 1.93069772888  1.93069674373 
 2.22299648253  2.22299210793 
 2.5595479227  2.55952660457 
 2.94705170255  2.94693733204 
 3.3932217719  3.39254309877 
 3.90693993705  3.90248065767 
 4.49843266897  4.46681278499 
 5.17947467923  4.9773495008 
 5.96362331659  5.2090651685 
 6.86648845004  5.24983699378 
 7.90604321091  5.25377840577 
 9.10298177992  5.25366781586 
 10.4811313415  5.25320867146 
 12.0679264064  5.25273682459 
 13.8949549437  5.25227813878 
 15.9985871961  5.25183376038 
 18.4206996933  5.25140265882 
 21.2095088792  5.250982831 
 24.4205309455  5.25057168721 
 28.1176869797  5.2501645704 
 32.3745754282  5.24975490352 
 37.2759372031  5.24933331557 
 42.9193426013  5.24888599277 
 49.4171336132  5.24839311166 
 56.8986602902  5.24782550905 
 65.512855686  5.24714119147 
 75.4312006335  5.24627762692 
 86.8511373751  5.24514210082 
 100.0  5.24359381309 
10.9854114199 50 
 0.1  0.0999999999994 
 0.115139539933  0.115139539932 
 0.132571136559  0.132571136555 
 0.152641796718  0.15264179671 
 0.175751062485  0.175751062473 
 0.202358964773  0.202358964759 
 0.232995181052  0.232995181037 
 0.268269579528  0.268269579391 
 0.308884359648  0.308884359378 
 0.355648030622  0.355648030277 
 0.409491506238  0.409491505919 
 0.471486636346  0.471486635796 
 0.542867543932  0.542867542897 
 0.625055192527  0.625055190477 
 0.719685673001  0.719685669244 
 0.828642772855  0.828642764812 
 0.95409547635  0.95409545758 
 1.09854114199  1.09854109999 
 1.26485521686  1.26485510975 
 1.4563484775  1.4563481909 
 1.67683293681  1.67683205174 
 1.93069772888  1.93069478595 
 2.22299648253  2.2229851623 
 2.5595479227  2.5594941326 
 2.94705170255  2.9467593869 
 3.3932217719  3.39146946225 
 3.90693993705  3.89542600019 
 4.49843266897  4.42118479382 
 5.17947467923  4.79221207938 
 5.96362331659  4.9021703214 
 6.86648845004  4.91737076796 
 7.90604321091  4.9186613968 
 9.10298177992  4.91849318886 
 10.4811313415  4.91820117162 
 12.0679264064  4.91790523754 
 13.8949549437  4.91761343572 
 15.9985871961  4.91732440039 
 18.4206996933  4.91703550099 
 21.2095088792  4.91674247531 
 24.4205309455  4.9164396167 
 28.1176869797  4.91611862396 
 32.3745754282  4.91576799808 
 37.2759372031  4.91537110734 
 42.9193426013  4.91490437313 
 49.4171336132  4.91433426415 
 56.8986602902  4.91361210819 
 65.512855686  4.91266712651 
 75.4312006335  4.91139493691 
 86.8511373751  4.90964020669 
 100.0  4.90716860345 
18.4206996933 50 
 0.1  0.0999999999961 
 0.115139539933  0.115139539926 
 0.132571136559  0.132571136554 
 0.152641796718  0.152641796713 
 0.175751062485  0.17575106248 
 0.202358964773  0.202358964762 
 0.232995181052  0.232995180986 
 0.268269579528  0.268269579435 
 0.308884359648  0.308884359492 
 0.355648030622  0.355648030343 
 0.409491506238  0.409491505368 
 0.471486636346  0.471486634108 
 0.542867543932  0.542867540315 
 0.625055192527  0.625055185395 
 0.719685673001  0.719685657978 
 0.828642772855  0.828642739712 
 0.95409547635  0.954095401194 
 1.09854114199  1.09854095334 
 1.26485521686  1.26485476404 
 1.4563484775  1.45634724834 
 1.67683293681  1.67682935445 
 1.93069772888  1.93068634599 
 2.22299648253  2.22295671868 
 2.5595479227  2.55938840482 
 2.94705170255  2.94627725181 
 3.3932217719  3.38858996328 
 3.90693993705  3.87715108986 
 4.49843266897  4.32379793938 
 5.17947467923  4.54270907053 
 5.96362331659  4.58761864631 
 6.86648845004  4.59309363921 
 7.90604321091  4.59348279227 
 9.10298177992  4.59334230377 
 10.4811313415  4.59315415252 
 12.0679264064  4.59296060436 
 13.8949549437  4.59276248033 
 15.9985871961  4.59255626479 
 18.4206996933  4.59233696826 
 21.2095088792  4.59209736606 
 24.4205309455  4.59182751393 
 28.1176869797  4.59151361507 
 32.3745754282  4.59113619747 
 37.2759372031  4.5906679978 
 42.9193426013  4.59007037226 
 49.4171336132  4.58928782383 
 56.8986602902  4.58824099164 
 65.512855686  4.5868141316 
 75.4312006335  4.58483720097 
 86.8511373751  4.58205710938 
 100.0  4.57809356177 
30.8884359648 50 
 0.1  0.0999999999977 
 0.115139539933  0.115139539931 
 0.132571136559  0.132571136558 
 0.152641796718  0.152641796716 
 0.175751062485  0.175751062462 
 0.202358964773  0.202358964717 
 0.232995181052  0.232995180952 
 0.268269579528  0.268269579495 
 0.308884359648  0.308884359605 
 0.355648030622  0.355648029883 
 0.409491506238  0.409491504478 
 0.471486636346  0.471486632237 
 0.542867543932  0.542867537404 
 0.625055192527  0.625055174401 
 0.719685673001  0.719685632119 
 0.828642772855  0.828642676357 
 0.95409547635  0.954095238129 
 1.09854114199  1.09854052587 
 1.26485521686  1.26485354875 
 1.4563484775  1.45634373236 
 1.67683293681  1.67681861589 
 1.93069772888  1.93065154529 
 2.22299648253  2.22283583866 
 2.5595479227  2.55893645705 
 2.94705170255  2.94444371733 
 3.3932217719  3.38030522655 
 3.90693993705  3.83299285095 
 4.49843266897  4.15705066213 
 5.17947467923  4.26278428451 
 5.96362331659  4.28001215023 
 6.86648845004  4.28200630914 
 7.90604321091  4.28210543234 
 9.10298177992  4.28199924115 
 10.4811313415  4.28186808661 
 12.0679264064  4.28172606387 
 13.8949549437  4.28157024483 
 15.9985871961  4.28139448975 
 18.4206996933  4.28119055364 
 21.2095088792  4.28094685485 
 24.4205309455  4.28064754865 
 28.1176869797  4.28027059689 
 32.3745754282  4.27978506525 
 37.2759372031  4.27914775158 
 42.9193426013  4.27829737232 
 49.4171336132  4.27714699368 
 56.8986602902  4.27557115181 
 65.512855686  4.27338814669 
 75.4312006335  4.27033159376 
 86.8511373751  4.26600765998 
 100.0  4.25982961423 
51.7947467923 50 
 0.1  0.0999999999998 
 0.115139539933  0.115139539932 
 0.132571136559  0.132571136558 
 0.152641796718  0.152641796653 
 0.175751062485  0.175751062466 
 0.202358964773  0.202358964768 
 0.232995181052  0.232995181047 
 0.268269579528  0.268269579512 
 0.308884359648  0.30888435915 
 0.355648030622  0.355648030441 
 0.409491506238  0.409491506088 
 0.471486636346  0.471486632814 
 0.542867543932  0.542867531621 
 0.625055192527  0.625055164566 
 0.719685673001  0.719685607692 
 0.828642772855  0.828642605682 
 0.95409547635  0.954095018511 
 1.09854114199  1.09853985809 
 1.26485521686  1.26485137304 
 1.4563484775  1.4563364475 
 1.67683293681  1.67679304928 
 1.93069772888  1.93055725265 
 2.22299648253  2.2224696346 
 2.5595479227  2.55743225164 
 2.94705170255  2.93791775448 
 3.3932217719  3.35147395899 
 3.90693993705  3.72608467961 
 4.49843266897  3.92985046444 
 5.17947467923  3.98214959389 
 5.96362331659  3.98895782798 
 6.86648845004  3.989740307 
 7.90604321091  3.98975029661 
 9.10298177992  3.98966537849 
 10.4811313415  3.98955939255 
 12.0679264064  3.9894351733 
 13.8949549437  3.98928678 
 15.9985871961  3.98910513833 
 18.4206996933  3.98887773859 
 21.2095088792  3.98858737966 
 24.4205309455  3.9882104413 
 28.1176869797  3.98771404451 
 32.3745754282  3.98705274574 
 37.2759372031  3.98616244117 
 42.9193426013  3.98495304412 
 49.4171336132  3.98329653068 
 56.8986602902  3.98100988211 
 65.512855686  3.97782964866 
 75.4312006335  3.97337453688 
 86.8511373751  3.96709160506 
 100.0  3.958182353 
86.8511373751 50 
 0.1  0.1 
 0.115139539933  0.115139539932 
 0.132571136559  0.132571136541 
 0.152641796718  0.152641796721 
 0.175751062485  0.175751062494 
 0.202358964773  0.20235896478 
 0.232995181052  0.232995181046 
 0.268269579528  0.268269579319 
 0.308884359648  0.308884359303 
 0.355648030622  0.355648030649 
 0.409491506238  0.409491505969 
 0.471486636346  0.471486632352 
 0.542867543932  0.542867541958 
 0.625055192527  0.625055157946 
 0.719685673001  0.71968558928 
 0.828642772855  0.828642555266 
 0.95409547635  0.954094868229 
 1.09854114199  1.09853932839 
 1.26485521686  1.26484955469 
 1.4563484775  1.45632962226 
 1.67683293681  1.67676599587 
 1.93069772888  1.93044374186 
 2.22299648253  2.22196247278 
 2.5595479227  2.55503051788 
 2.94705170255  2.92613942017 
 3.3932217719  3.29766624798 
 3.90693993705  3.5584057259 
 4.49843266897  3.65346277764 
 5.17947467923  3.6729354072 
 5.96362331659  3.6759485236 
 6.86648845004  3.67634674248 
 7.90604321091  3.67638555194 
 9.10298177992  3.67637874549 
 10.4811313415  3.67636438875 
 12.0679264064  3.67634594629 
 13.8949549437  3.67632216312 
 15.9985871961  3.67629190996 
 18.4206996933  3.67625171056 
 21.2095088792  3.67619842362 
 24.4205309455  3.6761269215 
 28.1176869797  3.67602992819 
 32.3745754282  3.67589713009 
 37.2759372031  3.67571348072 
 42.9193426013  3.67545564843 
 49.4171336132  3.67508934545 
 56.8986602902  3.67455846613 
 65.512855686  3.67377090973 
 75.4312006335  3.67256773954 
 86.8511373751  3.67065790057 
 100.0  3.66747710011 
145.63484775 50 
 0.1  0.0999999999996 
 0.115139539933  0.115139539931 
 0.132571136559  0.132571136571 
 0.152641796718  0.152641796735 
 0.175751062485  0.175751062501 
 0.202358964773  0.202358964772 
 0.232995181052  0.232995180984 
 0.268269579528  0.268269579426 
 0.308884359648  0.308884359869 
 0.355648030622  0.355648030667 
 0.409491506238  0.409491505291 
 0.471486636346  0.471486635177 
 0.542867543932  0.542867543847 
 0.625055192527  0.625055154074 
 0.719685673001  0.719685578113 
 0.828642772855  0.82864251983 
 0.95409547635  0.954094769091 
 1.09854114199  1.09853899868 
 1.26485521686  1.26484834693 
 1.4563484775  1.45632512992 
 1.67683293681  1.67674783413 
 1.93069772888  1.93036406227 
 2.22299648253  2.22158628288 
 2.5595479227  2.55312809451 
 2.94705170255  2.9162957453 
 3.3932217719  3.25438944489 
 3.90693993705  3.44948709749 
 4.49843266897  3.50427852136 
 5.17947467923  3.51349440499 
 5.96362331659  3.51472233831 
 6.86648845004  3.51486163223 
 7.90604321091  3.51487197635 
 9.10298177992  3.51486748773 
 10.4811313415  3.51485959536 
 12.0679264064  3.51484894096 
 13.8949549437  3.51483534885 
 15.9985871961  3.51481693517 
 18.4206996933  3.51479219619 
 21.2095088792  3.51475862695 
 24.4205309455  3.51471298491 
 28.1176869797  3.51464988805 
 32.3745754282  3.51456204239 
 37.2759372031  3.5144378427 
 42.9193426013  3.51425955037 
 49.4171336132  3.51399736946 
 56.8986602902  3.513601254 
 65.512855686  3.51298089209 
 75.4312006335  3.51196324853 
 86.8511373751  3.51019332996 
 100.0  3.50689483005 
244.205309455 50 
 0.1  0.100000000005 
 0.115139539933  0.115139539954 
 0.132571136559  0.132571136585 
 0.152641796718  0.15264179674 
 0.175751062485  0.175751062487 
 0.202358964773  0.202358964761 
 0.232995181052  0.232995181092 
 0.268269579528  0.268269579686 
 0.308884359648  0.308884359901 
 0.355648030622  0.355648030365 
 0.409491506238  0.409491505729 
 0.471486636346  0.471486634154 
 0.542867543932  0.542867525464 
 0.625055192527  0.625055179582 
 0.719685673001  0.719685572042 
 0.828642772855  0.828642499518 
 0.95409547635  0.954094700527 
 1.09854114199  1.09853878933 
 1.26485521686  1.26484765145 
 1.4563484775  1.45632243923 
 1.67683293681  1.67673676838 
 1.93069772888  1.93031542047 
 2.22299648253  2.22135440671 
 2.5595479227  2.55194672981 
 2.94705170255  2.91022848786 
 3.3932217719  3.22972471656 
 3.90693993705  3.39665023051 
 4.49843266897  3.43886571864 
 5.17947467923  3.44556723377 
 5.96362331659  3.44642552659 
 6.86648845004  3.44651550943 
 7.90604321091  3.44651835115 
 9.10298177992  3.44651241335 
 10.4811313415  3.44650466184 
 12.0679264064  3.44649389303 
 13.8949549437  3.44647939873 
 15.9985871961  3.44646016136 
 18.4206996933  3.44643370675 
 21.2095088792  3.44639729457 
 24.4205309455  3.44634699516 
 28.1176869797  3.44627640161 
 32.3745754282  3.44617539765 
 37.2759372031  3.44602868721 
 42.9193426013  3.44580934855 
 49.4171336132  3.44547102315 
 56.8986602902  3.44492632979 
 65.512855686  3.44400176643 
 75.4312006335  3.44232593046 
 86.8511373751  3.43905492135 
 100.0  3.43232819658 
409.491506238 50 
 0.1  0.100000000032 
 0.115139539933  0.115139539969 
 0.132571136559  0.132571136589 
 0.152641796718  0.152641796716 
 0.175751062485  0.175751062492 
 0.202358964773  0.202358964806 
 0.232995181052  0.232995181135 
 0.268269579528  0.268269580032 
 0.308884359648  0.308884359591 
 0.355648030622  0.355648030226 
 0.409491506238  0.409491505635 
 0.471486636346  0.471486636646 
 0.542867543932  0.542867525268 
 0.625055192527  0.625055150422 
 0.719685673001  0.719685568599 
 0.828642772855  0.828642488835 
 0.95409547635  0.95409466609 
 1.09854114199  1.09853863747 
 1.26485521686  1.26484720656 
 1.4563484775  1.45632077486 
 1.67683293681  1.67673017287 
 1.93069772888  1.93028624843 
 2.22299648253  2.22121557411 
 2.5595479227  2.55124072491 
 2.94705170255  2.90665403573 
 3.3932217719  3.21597758064 
 3.90693993705  3.36958665781 
 4.49843266897  3.40670664734 
 5.17947467923  3.41248603002 
 5.96362331659  3.41321277301 
 6.86648845004  3.41328006075 
 7.90604321091  3.41327325614 
 9.10298177992  3.41325916644 
 10.4811313415  3.4132452479 
 12.0679264064  3.41323058913 
 13.8949549437  3.41321111517 
 15.9985871961  3.41318424626 
 18.4206996933  3.41314742478 
 21.2095088792  3.41309588851 
 24.4205309455  3.41302288758 
 28.1176869797  3.41291748852 
 32.3745754282  3.41276245876 
 37.2759372031  3.4125264406 
 42.9193426013  3.41215419796 
 49.4171336132  3.41153806399 
 56.8986602902  3.4104561554 
 65.512855686  3.40841669681 
 75.4312006335  3.4042916348 
 86.8511373751  3.3959341071 
 100.0  3.38532657631 
686.648845004 50 
 0.1  0.10000000005 
 0.115139539933  0.115139539973 
 0.132571136559  0.132571136561 
 0.152641796718  0.152641796735 
 0.175751062485  0.175751062501 
 0.202358964773  0.202358964752 
 0.232995181052  0.232995181424 
 0.268269579528  0.2682695795 
 0.308884359648  0.308884359365 
 0.355648030622  0.355648031281 
 0.409491506238  0.409491501452 
 0.471486636346  0.471486634769 
 0.542867543932  0.542867524978 
 0.625055192527  0.625055156263 
 0.719685673001  0.719685553585 
 0.828642772855  0.828642481534 
 0.95409547635  0.954094646017 
 1.09854114199  1.09853859095 
 1.26485521686  1.26484694922 
 1.4563484775  1.45631980109 
 1.67683293681  1.67672625048 
 1.93069772888  1.93026882155 
 2.22299648253  2.22113283304 
 2.5595479227  2.55082093333 
 2.94705170255  2.90454623064 
 3.3932217719  3.20813122372 
 3.90693993705  3.35478921183 
 4.49843266897  3.3894302822 
 5.17947467923  3.39476534176 
 5.96362331659  3.39541309457 
 6.86648845004  3.39544984995 
 7.90604321091  3.39541720623 
 9.10298177992  3.39537886213 
 10.4811313415  3.39534073962 
 12.0679264064  3.39530371713 
 13.8949549437  3.39526753747 
 15.9985871961  3.39522211154 
 18.4206996933  3.39515868509 
 21.2095088792  3.39506769233 
 24.4205309455  3.39493589378 
 28.1176869797  3.39473922702 
 32.3745754282  3.39443690616 
 37.2759372031  3.39394995459 
 42.9193426013  3.39312500098 
 49.4171336132  3.39163453609 
 56.8986602902  3.38874323242 
 65.512855686  3.38287657925 
 75.4312006335  3.37274197833 
 86.8511373751  3.37297966282 
 100.0  3.44440465836 
1151.39539933 50 
 0.1  0.100000000046 
 0.115139539933  0.115139539916 
 0.132571136559  0.132571136584 
 0.152641796718  0.152641796333 
 0.175751062485  0.175751062523 
 0.202358964773  0.202358964848 
 0.232995181052  0.232995181056 
 0.268269579528  0.268269578666 
 0.308884359648  0.308884360177 
 0.355648030622  0.355648031942 
 0.409491506238  0.409491505219 
 0.471486636346  0.471486634781 
 0.542867543932  0.542867523882 
 0.625055192527  0.625055145143 
 0.719685673001  0.719685550784 
 0.828642772855  0.828642477436 
 0.95409547635  0.954094629683 
 1.09854114199  1.09853855091 
 1.26485521686  1.26484677621 
 1.4563484775  1.45631919346 
 1.67683293681  1.6767238413 
 1.93069772888  1.93025847705 
 2.22299648253  2.22108329544 
 2.5595479227  2.55057034258 
 2.94705170255  2.90329857113 
 3.3932217719  3.20357152074 
 3.90693993705  3.34638328904 
 4.49843266897  3.3796900042 
 5.17947467923  3.38475713796 
 5.96362331659  3.38530778905 
 6.86648845004  3.38526051503 
 7.90604321091  3.38514153455 
 9.10298177992  3.38501332488 
 10.4811313415  3.38488327027 
 12.0679264064  3.38475248121 
 13.8949549437  3.38462238771 
 15.9985871961  3.38449340611 
 18.4206996933  3.38434995232 
 21.2095088792  3.3841432526 
 24.4205309455  3.38383474154 
 28.1176869797  3.38335834369 
 32.3745754282  3.382589733 
 37.2759372031  3.38128120256 
 42.9193426013  3.3789108899 
 49.4171336132  3.37439266283 
 56.8986602902  3.36628251234 
 65.512855686  3.35999424351 
 75.4312006335  3.39315388032 
 86.8511373751  34.2161616468 
 100.0  63.0574455878 
1930.69772888 50 
 0.1  0.100000000017 
 0.115139539933  0.11513953996 
 0.132571136559  0.132571136592 
 0.152641796718  0.152641796892 
 0.175751062485  0.175751062549 
 0.202358964773  0.202358964709 
 0.232995181052  0.232995181149 
 0.268269579528  0.26826957985 
 0.308884359648  0.308884358528 
 0.355648030622  0.355648029858 
 0.409491506238  0.409491503134 
 0.471486636346  0.471486628261 
 0.542867543932  0.542867538658 
 0.625055192527  0.625055186526 
 0.719685673001  0.719685560343 
 0.828642772855  0.828642463255 
 0.95409547635  0.954094620616 
 1.09854114199  1.09853852221 
 1.26485521686  1.26484665593 
 1.4563484775  1.45631887001 
 1.67683293681  1.67672244568 
 1.93069772888  1.93025227475 
 2.22299648253  2.22105385262 
 2.5595479227  2.55042152641 
 2.94705170255  2.90255768769 
 3.3932217719  3.20089296419 
 3.90693993705  3.34150387396 
 4.49843266897  3.37403351373 
 5.17947467923  3.37885658758 
 5.96362331659  3.37916338944 
 6.86648845004  3.37879698653 
 7.90604321091  3.37829711653 
 9.10298177992  3.37774007895 
 10.4811313415  3.37714288834 
 12.0679264064  3.37651503877 
 13.8949549437  3.37586559139 
 15.9985871961  3.37520230531 
 18.4206996933  3.37453302502 
 21.2095088792  3.37384810252 
 24.4205309455  3.37289911422 
 28.1176869797  3.3714273973 
 32.3745754282  3.36906386068 
 37.2759372031  3.36519722428 
 42.9193426013  3.35932130692 
 49.4171336132  3.35461681513 
 56.8986602902  3.37172156312 
 65.512855686  15.0137482358 
 75.4312006335  42.5148556156 
 86.8511373751  61.9374265775 
 100.0  80.4368040162 
3237.45754282 50 
 0.1  0.100000000012 
 0.115139539933  0.115139540052 
 0.132571136559  0.132571136718 
 0.152641796718  0.152641797187 
 0.175751062485  0.175751062577 
 0.202358964773  0.202358965199 
 0.232995181052  0.232995181173 
 0.268269579528  0.26826957966 
 0.308884359648  0.308884357599 
 0.355648030622  0.355648030309 
 0.409491506238  0.40949150523 
 0.471486636346  0.471486633665 
 0.542867543932  0.542867527634 
 0.625055192527  0.625055148191 
 0.719685673001  0.71968556195 
 0.828642772855  0.82864246431 
 0.95409547635  0.954094616781 
 1.09854114199  1.09853849882 
 1.26485521686  1.2648466451 
 1.4563484775  1.45631866044 
 1.67683293681  1.67672152449 
 1.93069772888  1.93024855689 
 2.22299648253  2.22103619853 
 2.5595479227  2.55033226767 
 2.94705170255  2.9021167228 
 3.3932217719  3.19930891655 
 3.90693993705  3.33863014891 
 4.49843266897  3.37065107891 
 5.17947467923  3.37505221513 
 5.96362331659  3.37442604444 
 6.86648845004  3.37245734435 
 7.90604321091  3.36981536797 
 9.10298177992  3.36678963022 
 10.4811313415  3.36363404641 
 12.0679264064  3.36059264878 
 13.8949549437  3.35786845427 
 15.9985871961  3.35559792209 
 18.4206996933  3.35384616436 
 21.2095088792  3.35261896811 
 24.4205309455  3.35188108112 
 28.1176869797  3.35155550032 
 32.3745754282  3.35226093829 
 37.2759372031  3.35678290416 
 42.9193426013  3.37448852385 
 49.4171336132  4.20204549252 
 56.8986602902  27.9229760794 
 65.512855686  43.8595889094 
 75.4312006335  58.4134172271 
 86.8511373751  73.20686288 
 100.0  88.9629327039 
5428.67543932 50 
 0.1  0.100000000039 
 0.115139539933  0.11513953996 
 0.132571136559  0.132571136877 
 0.152641796718  0.152641797015 
 0.175751062485  0.175751062566 
 0.202358964773  0.202358964942 
 0.232995181052  0.232995181283 
 0.268269579528  0.268269577638 
 0.308884359648  0.30888435841 
 0.355648030622  0.355648031017 
 0.409491506238  0.409491506632 
 0.471486636346  0.471486632443 
 0.542867543932  0.542867534813 
 0.625055192527  0.625055139808 
 0.719685673001  0.719685591279 
 0.828642772855  0.828642459077 
 0.95409547635  0.954094593723 
 1.09854114199  1.0985384992 
 1.26485521686  1.26484658003 
 1.4563484775  1.45631852051 
 1.67683293681  1.67672106475 
 1.93069772888  1.93024636592 
 2.22299648253  2.22102573107 
 2.5595479227  2.55027950034 
 2.94705170255  2.90185441568 
 3.3932217719  3.19836794498 
 3.90693993705  3.33691457441 
 4.49843266897  3.36849902378 
 5.17947467923  3.3716999847 
 5.96362331659  3.36668710113 
 6.86648845004  3.35724134086 
 7.90604321091  3.35048206382 
 9.10298177992  3.35081418241 
 10.4811313415  3.35704141106 
 12.0679264064  3.36672207863 
 13.8949549437  3.3780853039 
 15.9985871961  3.39007753253 
 18.4206996933  3.40210241864 
 21.2095088792  3.41383072539 
 24.4205309455  3.42508429795 
 28.1176869797  4.75297095675 
 32.3745754282  5.48919022268 
 37.2759372031  6.98844417846 
 42.9193426013  17.5457819582 
 49.4171336132  30.8656721128 
 56.8986602902  42.3486454282 
 65.512855686  53.806690671 
 75.4312006335  65.9018999071 
 86.8511373751  79.0531641863 
 100.0  93.6094783385 
9102.98177992 50 
 0.1  0.100000000039 
 0.115139539933  0.115139539957 
 0.132571136559  0.132571136678 
 0.152641796718  0.152641796772 
 0.175751062485  0.17575106257 
 0.202358964773  0.202358964846 
 0.232995181052  0.232995181047 
 0.268269579528  0.268269580022 
 0.308884359648  0.308884359519 
 0.355648030622  0.355648030023 
 0.409491506238  0.409491506483 
 0.471486636346  0.471486635746 
 0.542867543932  0.54286752335 
 0.625055192527  0.625055142798 
 0.719685673001  0.71968555788 
 0.828642772855  0.828642451332 
 0.95409547635  0.954094590032 
 1.09854114199  1.09853849443 
 1.26485521686  1.26484655542 
 1.4563484775  1.45631843164 
 1.67683293681  1.6767207441 
 1.93069772888  1.93024504926 
 2.22299648253  2.22101953135 
 2.5595479227  2.55024760883 
 2.94705170255  2.90169779664 
 3.3932217719  3.19780636524 
 3.90693993705  3.33586267109 
 4.49843266897  3.36685928272 
 5.17947467923  3.36582370252 
 5.96362331659  3.34941866158 
 6.86648845004  3.36488813131 
 7.90604321091  3.40769084168 
 9.10298177992  5.36381842315 
 10.4811313415  6.16182304622 
 12.0679264064  6.93249967083 
 13.8949549437  7.77186935439 
 15.9985871961  8.69843169476 
 18.4206996933  9.72118702094 
 21.2095088792  10.8476923377 
 24.4205309455  12.0852098499 
 28.1176869797  13.4407230865 
 32.3745754282  14.9207356511 
 37.2759372031  21.5490848509 
 42.9193426013  30.64704245 
 49.4171336132  39.5294191794 
 56.8986602902  48.814233201 
 65.512855686  58.8553012703 
 75.4312006335  69.9321876167 
 86.8511373751  82.3075237369 
 100.0  96.2516260582 
15264.1796718 50 
 0.1  0.100000000579 
 0.115139539933  0.1151395401 
 0.132571136559  0.13257113676 
 0.152641796718  0.152641796755 
 0.175751062485  0.175751062662 
 0.202358964773  0.202358964891 
 0.232995181052  0.232995181063 
 0.268269579528  0.268269580793 
 0.308884359648  0.308884359392 
 0.355648030622  0.355648030658 
 0.409491506238  0.409491503969 
 0.471486636346  0.471486634434 
 0.542867543932  0.542867533286 
 0.625055192527  0.625055143086 
 0.719685673001  0.719685598236 
 0.828642772855  0.828642448923 
 0.95409547635  0.954094584153 
 1.09854114199  1.09853843588 
 1.26485521686  1.26484656846 
 1.4563484775  1.45631840161 
 1.67683293681  1.67672058738 
 1.93069772888  1.93024421085 
 2.22299648253  2.22101578329 
 2.5595479227  2.55022930568 
 2.94705170255  2.90160434927 
 3.3932217719  3.19746812054 
 3.90693993705  3.33517312927 
 4.49843266897  3.36496722614 
 5.17947467923  3.35194151432 
 5.96362331659  3.38945203446 
 6.86648845004  5.70504687395 
 7.90604321091  6.59075387296 
 9.10298177992  7.5271692176 
 10.4811313415  8.58264583538 
 12.0679264064  9.77957539464 
 13.8949549437  11.1366842352 
 15.9985871961  12.6739908184 
 18.4206996933  14.4135346214 
 21.2095088792  16.3795513926 
 24.4205309455  18.5985536417 
 28.1176869797  21.1914853153 
 32.3745754282  24.8655166553 
 37.2759372031  29.8094568305 
 42.9193426013  36.1707566596 
 49.4171336132  43.821658072 
 56.8986602902  52.2489166184 
 65.512855686  61.6428284298 
 75.4312006335  72.2113002176 
 86.8511373751  84.1770481177 
 100.0  97.7858844099 
25595.479227 50 
 0.1  0.100000000016 
 0.115139539933  0.115139539957 
 0.132571136559  0.132571136561 
 0.152641796718  0.152641796837 
 0.175751062485  0.175751062545 
 0.202358964773  0.202358964683 
 0.232995181052  0.232995180835 
 0.268269579528  0.26826957959 
 0.308884359648  0.308884359483 
 0.355648030622  0.355648029988 
 0.409491506238  0.409491506135 
 0.471486636346  0.471486634171 
 0.542867543932  0.542867540427 
 0.625055192527  0.625055148026 
 0.719685673001  0.719685558074 
 0.828642772855  0.82864245609 
 0.95409547635  0.954094590419 
 1.09854114199  1.09853842973 
 1.26485521686  1.26484655581 
 1.4563484775  1.45631836545 
 1.67683293681  1.67672048925 
 1.93069772888  1.93024374411 
 2.22299648253  2.22101347608 
 2.5595479227  2.55021761071 
 2.94705170255  2.90154865875 
 3.3932217719  3.19725985979 
 3.90693993705  3.33463611363 
 4.49843266897  3.36137030607 
 5.17947467923  3.35652643965 
 5.96362331659  5.54983659357 
 6.86648845004  6.44394651576 
 7.90604321091  7.40311990307 
 9.10298177992  8.49522607968 
 10.4811313415  9.74548465431 
 12.0679264064  11.1772030729 
 13.8949549437  12.8162236951 
 15.9985871961  14.6918286739 
 18.4206996933  16.837228088 
 21.2095088792  19.2900273887 
 24.4205309455  22.0927332397 
 28.1176869797  25.2977659249 
 32.3745754282  29.1551783441 
 37.2759372031  33.8494067433 
 42.9193426013  39.4884819473 
 49.4171336132  46.2184926066 
 56.8986602902  54.180591017 
 65.512855686  63.238032393 
 75.4312006335  73.5310503834 
 86.8511373751  85.2685899294 
 100.0  98.6869487595 
42919.3426013 50 
 0.1  0.100000000229 
 0.115139539933  0.115139540069 
 0.132571136559  0.13257113651 
 0.152641796718  0.152641796736 
 0.175751062485  0.175751062617 
 0.202358964773  0.202358964554 
 0.232995181052  0.232995181692 
 0.268269579528  0.268269579705 
 0.308884359648  0.308884358388 
 0.355648030622  0.355648029987 
 0.409491506238  0.409491505011 
 0.471486636346  0.471486635148 
 0.542867543932  0.5428675415 
 0.625055192527  0.625055144586 
 0.719685673001  0.719685545776 
 0.828642772855  0.828642456889 
 0.95409547635  0.954094581277 
 1.09854114199  1.09853841764 
 1.26485521686  1.26484652897 
 1.4563484775  1.45631835919 
 1.67683293681  1.67672039825 
 1.93069772888  1.93024346395 
 2.22299648253  2.22101214728 
 2.5595479227  2.55021097085 
 2.94705170255  2.90151483128 
 3.3932217719  3.19712357905 
 3.90693993705  3.33404853276 
 4.49843266897  3.35304313136 
 5.17947467923  4.74580732706 
 5.96362331659  5.82751912962 
 6.86648845004  6.71355893354 
 7.90604321091  7.72215757826 
 9.10298177992  8.88022921121 
 10.4811313415  10.2110428065 
 12.0679264064  11.7403318562 
 13.8949549437  13.4974789936 
 15.9985871961  15.5161389739 
 18.4206996933  17.8348531842 
 21.2095088792  20.49773464 
 24.4205309455  23.5552374983 
 28.1176869797  27.0650201647 
 32.3745754282  31.0938549773 
 37.2759372031  35.7983116722 
 42.9193426013  41.3259577389 
 49.4171336132  47.7946488647 
 56.8986602902  55.349246928 
 65.512855686  64.1675295113 
 75.4312006335  74.3049497401 
 86.8511373751  85.9116039899 
 100.0  99.2195251191 
71968.5673001 50 
 0.1  0.0999999999893 
 0.115139539933  0.115139539967 
 0.132571136559  0.13257113666 
 0.152641796718  0.152641796792 
 0.175751062485  0.175751062641 
 0.202358964773  0.20235896553 
 0.232995181052  0.232995181123 
 0.268269579528  0.268269579597 
 0.308884359648  0.308884359213 
 0.355648030622  0.355648030074 
 0.409491506238  0.40949150282 
 0.471486636346  0.471486634653 
 0.542867543932  0.542867524116 
 0.625055192527  0.625055146229 
 0.719685673001  0.719685557651 
 0.828642772855  0.828642460895 
 0.95409547635  0.954094587469 
 1.09854114199  1.09853842802 
 1.26485521686  1.26484653016 
 1.4563484775  1.45631835402 
 1.67683293681  1.67672035428 
 1.93069772888  1.93024323853 
 2.22299648253  2.22101130727 
 2.5595479227  2.55020705704 
 2.94705170255  2.90149453195 
 3.3932217719  3.19701962016 
 3.90693993705  3.33308670944 
 4.49843266897  3.34238925542 
 5.17947467923  5.12062784617 
 5.96362331659  5.91660250258 
 6.86648845004  6.81177961889 
 7.90604321091  7.83999042311 
 9.10298177992  9.02289509779 
 10.4811313415  10.3839648806 
 12.0679264064  11.9499962187 
 13.8949549437  13.7517706832 
 15.9985871961  15.8246663455 
 18.4206996933  18.2093388967 
 21.2095088792  20.952499871 
 24.4205309455  24.107804887 
 28.1176869797  27.7368673157 
 32.3745754282  31.9104133124 
 37.2759372031  36.7095926188 
 42.9193426013  42.2472759081 
 49.4171336132  48.6757152364 
 56.8986602902  56.128003695 
 65.512855686  64.7601927093 
 75.4312006335  74.7619684417 
 86.8511373751  86.2923231143 
 100.0  99.535464809 
120679.264064 50 
 0.1  0.10000000021 
 0.115139539933  0.115139539957 
 0.132571136559  0.132571136585 
 0.152641796718  0.152641796822 
 0.175751062485  0.17575106251 
 0.202358964773  0.202358965305 
 0.232995181052  0.232995180981 
 0.268269579528  0.268269580088 
 0.308884359648  0.308884359872 
 0.355648030622  0.355648031557 
 0.409491506238  0.409491507128 
 0.471486636346  0.471486633797 
 0.542867543932  0.542867523239 
 0.625055192527  0.625055142172 
 0.719685673001  0.719685549683 
 0.828642772855  0.828642458312 
 0.95409547635  0.954094584924 
 1.09854114199  1.09853844089 
 1.26485521686  1.264846498 
 1.4563484775  1.45631835808 
 1.67683293681  1.67672032918 
 1.93069772888  1.9302431816 
 2.22299648253  2.22101081916 
 2.5595479227  2.5502047614 
 2.94705170255  2.90148189185 
 3.3932217719  3.19691356712 
 3.90693993705  3.3310055835 
 4.49843266897  3.36000017277 
 5.17947467923  5.16265775862 
 5.96362331659  5.94716870848 
 6.86648845004  6.8470030527 
 7.90604321091  7.88246958247 
 9.10298177992  9.07438838155 
 10.4811313415  10.4464319368 
 12.0679264064  12.0258028291 
 13.8949549437  13.8437983282 
 15.9985871961  15.9364318764 
 18.4206996933  18.3451429408 
 21.2095088792  21.1176059966 
 24.4205309455  24.3086676017 
 28.1176869797  27.9814177449 
 32.3745754282  32.2084191529 
 37.2759372031  37.073116164 
 42.9193426013  42.6714491659 
 49.4171336132  49.1157486093 
 56.8986602902  56.556039269 
 65.512855686  65.1481667791 
 75.4312006335  75.0668912301 
 86.8511373751  86.5186585151 
 100.0  99.7232907493 
202358.964773 50 
 0.1  0.100000000217 
 0.115139539933  0.115139540119 
 0.132571136559  0.132571136563 
 0.152641796718  0.152641796953 
 0.175751062485  0.175751062605 
 0.202358964773  0.20235896594 
 0.232995181052  0.232995181077 
 0.268269579528  0.268269579218 
 0.308884359648  0.308884359286 
 0.355648030622  0.355648028628 
 0.409491506238  0.409491503329 
 0.471486636346  0.471486630917 
 0.542867543932  0.542867524234 
 0.625055192527  0.625055142445 
 0.719685673001  0.719685561128 
 0.828642772855  0.828642463724 
 0.95409547635  0.954094576513 
 1.09854114199  1.09853843852 
 1.26485521686  1.26484649425 
 1.4563484775  1.45631828442 
 1.67683293681  1.6767203045 
 1.93069772888  1.93024307131 
 2.22299648253  2.22101054134 
 2.5595479227  2.55020295045 
 2.94705170255  2.90147298976 
 3.3932217719  3.19675838399 
 3.90693993705  3.32600188971 
 4.49843266897  4.44531816853 
 5.17947467923  5.17408745663 
 5.96362331659  5.95782814212 
 6.86648845004  6.85955793421 
 7.90604321091  7.89764922566 
 9.10298177992  9.09279875841 
 10.4811313415  10.4687727324 
 12.0679264064  12.0529221648 
 13.8949549437  13.8767315808 
 15.9985871961  15.9764440369 
 18.4206996933  18.3937794641 
 21.2095088792  21.176761104 
 24.4205309455  24.3806649403 
 28.1176869797  28.0691169624 
 32.3745754282  32.3153462228 
 37.2759372031  37.2036252255 
 42.9193426013  42.8309461313 
 49.4171336132  49.3089109149 
 56.8986602902  56.7659302223 
 65.512855686  65.3561622236 
 75.4312006335  75.259785723 
 86.8511373751  86.6758165835 
 100.0  99.8359899818 
339322.17719 50 
 0.1  0.100000000162 
 0.115139539933  0.115139539948 
 0.132571136559  0.1325711366 
 0.152641796718  0.152641796932 
 0.175751062485  0.175751062482 
 0.202358964773  0.202358964814 
 0.232995181052  0.232995181088 
 0.268269579528  0.268269579764 
 0.308884359648  0.308884357064 
 0.355648030622  0.355648029848 
 0.409491506238  0.409491503348 
 0.471486636346  0.471486633136 
 0.542867543932  0.542867523033 
 0.625055192527  0.625055140777 
 0.719685673001  0.719685557502 
 0.828642772855  0.828642458835 
 0.95409547635  0.954094587422 
 1.09854114199  1.0985384308 
 1.26485521686  1.26484649731 
 1.4563484775  1.45631825945 
 1.67683293681  1.67672029827 
 1.93069772888  1.93024304118 
 2.22299648253  2.2210104528 
 2.5595479227  2.55020210703 
 2.94705170255  2.9014652414 
 3.3932217719  3.19645811546 
 3.90693993705  3.31643839543 
 4.49843266897  4.49540638593 
 5.17947467923  5.17766432614 
 5.96362331659  5.9615745167 
 6.86648845004  6.86402422749 
 7.90604321091  7.90305672831 
 9.10298177992  9.09935847604 
 10.4811313415  10.4767337838 
 12.0679264064  12.0625872957 
 13.8949549437  13.8884701377 
 15.9985871961  15.9907069518 
 18.4206996933  18.4111194508 
 21.2095088792  21.1978543206 
 24.4205309455  24.4063428836 
 28.1176869797  28.1004004536 
 32.3745754282  32.3534936016 
 37.2759372031  37.2501980713 
 42.9193426013  42.8878763127 
 49.4171336132  49.3786072975 
 56.8986602902  56.8514034431 
 65.512855686  65.4547754427 
 75.4312006335  75.3604476961 
 86.8511373751  86.7712170498 
 100.0  99.9161561828 
568986.602902 50 
 0.1  0.100000000028 
 0.115139539933  0.115139540114 
 0.132571136559  0.132571136864 
 0.152641796718  0.152641796833 
 0.175751062485  0.17575106276 
 0.202358964773  0.202358964749 
 0.232995181052  0.232995181084 
 0.268269579528  0.268269579226 
 0.308884359648  0.308884359963 
 0.355648030622  0.355648030572 
 0.409491506238  0.409491504246 
 0.471486636346  0.471486633945 
 0.542867543932  0.542867535658 
 0.625055192527  0.625055144548 
 0.719685673001  0.719685555349 
 0.828642772855  0.828642444379 
 0.95409547635  0.954094571885 
 1.09854114199  1.09853844872 
 1.26485521686  1.26484651011 
 1.4563484775  1.45631828094 
 1.67683293681  1.67672030606 
 1.93069772888  1.93024310355 
 2.22299648253  2.22101035363 
 2.5595479227  2.55020166701 
 2.94705170255  2.90145523218 
 3.3932217719  3.19576892577 
 3.90693993705  3.31544202893 
 4.49843266897  4.49770648236 
 5.17947467923  5.17885121232 
 5.96362331659  5.96289721074 
 6.86648845004  6.8656121693 
 7.90604321091  7.90498081165 
 9.10298177992  9.10169277532 
 10.4811313415  10.4795668638 
 12.0679264064  12.0660272188 
 13.8949549437  13.8926481972 
 15.9985871961  15.9957841534 
 18.4206996933  18.4172917798 
 21.2095088792  21.2053630309 
 24.4205309455  24.4154837857 
 28.1176869797  28.1115370165 
 32.3745754282  32.3670756722 
 37.2759372031  37.2667797173 
 42.9193426013  42.9081482197 
 49.4171336132  49.4034272751 
 56.8986602902  56.8818484084 
 65.512855686  65.4921916184 
 75.4312006335  75.4057371074 
 86.8511373751  86.8196797618 
 100.0  99.96307009 
954095.47635 50 
 0.1  0.100000000018 
 0.115139539933  0.115139540109 
 0.132571136559  0.132571136727 
 0.152641796718  0.152641797022 
 0.175751062485  0.175751062505 
 0.202358964773  0.202358964703 
 0.232995181052  0.232995181047 
 0.268269579528  0.268269578162 
 0.308884359648  0.30888436094 
 0.355648030622  0.355648030905 
 0.409491506238  0.409491505851 
 0.471486636346  0.471486633112 
 0.542867543932  0.542867523581 
 0.625055192527  0.625055145825 
 0.719685673001  0.71968557803 
 0.828642772855  0.828642439923 
 0.95409547635  0.95409456539 
 1.09854114199  1.09853843667 
 1.26485521686  1.26484649471 
 1.4563484775  1.45631828458 
 1.67683293681  1.67672025327 
 1.93069772888  1.93024302029 
 2.22299648253  2.22101026661 
 2.5595479227  2.55020164923 
 2.94705170255  2.90143770966 
 3.3932217719  3.19401897947 
 3.90693993705  3.35021631444 
 4.49843266897  4.49821622127 
 5.17947467923  5.17925703943 
 5.96362331659  5.96336562977 
 6.86648845004  6.86617684492 
 7.90604321091  7.90566533656 
 9.10298177992  9.10252329265 
 10.4811313415  10.4805748645 
 12.0679264064  12.0672509114 
 13.8949549437  13.8941343039 
 15.9985871961  15.9975899845 
 18.4206996933  18.4194872727 
 21.2095088792  21.2080343268 
 24.4205309455  24.4187352751 
 28.1176869797  28.1154997815 
 32.3745754282  32.3719079721 
 37.2759372031  37.2726803961 
 42.9193426013  42.9153610381 
 49.4171336132  49.4122585761 
 56.8986602902  56.8926806172 
 65.512855686  65.5055046345 
 75.4312006335  75.4221444434 
 86.8511373751  86.8399469085 
 100.0  99.9861260956 
1599858.71961 50 
 0.1  0.100000000027 
 0.115139539933  0.115139539962 
 0.132571136559  0.132571136763 
 0.152641796718  0.152641796883 
 0.175751062485  0.17575106179 
 0.202358964773  0.202358964796 
 0.232995181052  0.232995180741 
 0.268269579528  0.268269579543 
 0.308884359648  0.308884359065 
 0.355648030622  0.355648029263 
 0.409491506238  0.409491503465 
 0.471486636346  0.471486626912 
 0.542867543932  0.542867519726 
 0.625055192527  0.625055147101 
 0.719685673001  0.719685562545 
 0.828642772855  0.82864246745 
 0.95409547635  0.954094582784 
 1.09854114199  1.09853845707 
 1.26485521686  1.26484649436 
 1.4563484775  1.45631828398 
 1.67683293681  1.67672024828 
 1.93069772888  1.93024303304 
 2.22299648253  2.22101028142 
 2.5595479227  2.55020154963 
 2.94705170255  2.90139844444 
 3.3932217719  3.18969856985 
 3.90693993705  3.9067429783 
 4.49843266897  4.49836242087 
 5.17947467923  5.17939811599 
 5.96362331659  5.96353178094 
 6.86648845004  6.86637763038 
 7.90604321091  7.90590880618 
 9.10298177992  9.10281870112 
 10.4811313415  10.4809334102 
 12.0679264064  12.0676860908 
 13.8949549437  13.8946630513 
 15.9985871961  15.9982324937 
 18.4206996933  18.4202684359 
 21.2095088792  21.208984222 
 24.4205309455  24.4198922073 
 28.1176869797  28.1169087175 
 32.3745754282  32.3736262645 
 37.2759372031  37.2747783084 
 42.9193426013  42.9179257736 
 49.4171336132  49.4153987991 
 56.8986602902  56.8965336555 
 65.512855686  65.5102417439 
 75.4312006335  75.4279798742 
 86.8511373751  86.8471575803 
 100.0  99.9950658575 
2682695.79528 50 
 0.1  0.0999999999978 
 0.115139539933  0.115139540189 
 0.132571136559  0.132571136581 
 0.152641796718  0.152641796763 
 0.175751062485  0.175751062426 
 0.202358964773  0.202358964799 
 0.232995181052  0.232995181119 
 0.268269579528  0.26826957937 
 0.308884359648  0.308884359413 
 0.355648030622  0.355648030559 
 0.409491506238  0.409491506367 
 0.471486636346  0.471486630919 
 0.542867543932  0.542867539795 
 0.625055192527  0.625055144796 
 0.719685673001  0.719685552374 
 0.828642772855  0.828642528987 
 0.95409547635  0.954094581585 
 1.09854114199  1.09853843899 
 1.26485521686  1.26484650092 
 1.4563484775  1.45631829154 
 1.67683293681  1.67672023638 
 1.93069772888  1.93024292183 
 2.22299648253  2.22101047589 
 2.5595479227  2.55020146442 
 2.94705170255  2.90129964677 
 3.3932217719  3.18383165558 
 3.90693993705  3.90690731263 
 4.49843266897  4.49840892392 
 5.17947467923  5.17944762098 
 5.96362331659  5.96359078078 
 6.86648845004  6.86644903181 
 7.90604321091  7.90599539972 
 9.10298177992  9.10292376825 
 10.4811313415  10.4810609316 
 12.0679264064  12.067840919 
 13.8949549437  13.894851109 
 15.9985871961  15.9984610186 
 18.4206996933  18.4205462846 
 21.2095088792  21.2093222487 
 24.4205309455  24.420303738 
 28.1176869797  28.117410387 
 32.3745754282  32.3742377911 
 37.2759372031  37.275524949 
 42.9193426013  42.9188385791 
 49.4171336132  49.4165164542 
 56.8986602902  56.8979032552 
 65.512855686  65.5119251511 
 75.4312006335  75.4300540603 
 86.8511373751  86.8497205433 
 100.0  99.9982453212 
4498432.66897 50 
 0.1  0.100000000034 
 0.115139539933  0.115139539942 
 0.132571136559  0.132571136709 
 0.152641796718  0.152641796595 
 0.175751062485  0.175751061913 
 0.202358964773  0.202358964762 
 0.232995181052  0.23299518101 
 0.268269579528  0.268269579363 
 0.308884359648  0.30888435908 
 0.355648030622  0.355648029984 
 0.409491506238  0.409491502258 
 0.471486636346  0.471486634593 
 0.542867543932  0.542867522696 
 0.625055192527  0.625055147273 
 0.719685673001  0.719685556977 
 0.828642772855  0.828642456851 
 0.95409547635  0.954094576421 
 1.09854114199  1.09853843284 
 1.26485521686  1.26484650085 
 1.4563484775  1.45631829832 
 1.67683293681  1.67672024258 
 1.93069772888  1.93024296868 
 2.22299648253  2.22101032622 
 2.5595479227  2.55020058601 
 2.94705170255  2.90102797521 
 3.3932217719  3.19071089044 
 3.90693993705  3.90693113566 
 4.49843266897  4.49842446948 
 5.17947467923  5.17946509197 
 5.96362331659  5.96361174852 
 6.86648845004  6.86647442796 
 7.90604321091  7.9060262009 
 9.10298177992  9.10296114001 
 10.4811313415  10.48110629 
 12.0679264064  12.0678959898 
 13.8949549437  13.8949179986 
 15.9985871961  15.9985423009 
 18.4206996933  18.4206451089 
 21.2095088792  21.2094424743 
 24.4205309455  24.4204501025 
 28.1176869797  28.1175884777 
 32.3745754282  32.374455294 
 37.2759372031  37.2757905579 
 42.9193426013  42.9191632733 
 49.4171336132  49.4169140402 
 56.8986602902  56.8983910305 
 65.512855686  65.5125246252 
 75.4312006335  75.4307926913 
 86.8511373751  86.8506332519 
 100.0  99.9993749336 
7543120.06335 50 
 0.1  0.10000000032 
 0.115139539933  0.115139539955 
 0.132571136559  0.132571136721 
 0.152641796718  0.152641796697 
 0.175751062485  0.17575106264 
 0.202358964773  0.202358964963 
 0.232995181052  0.232995181079 
 0.268269579528  0.26826957957 
 0.308884359648  0.30888435879 
 0.355648030622  0.355648029215 
 0.409491506238  0.409491503017 
 0.471486636346  0.471486628445 
 0.542867543932  0.542867522288 
 0.625055192527  0.625055143717 
 0.719685673001  0.719685556608 
 0.828642772855  0.828642473617 
 0.95409547635  0.954094584404 
 1.09854114199  1.0985384525 
 1.26485521686  1.26484652005 
 1.4563484775  1.45631826454 
 1.67683293681  1.67672025058 
 1.93069772888  1.93024300361 
 2.22299648253  2.22101063354 
 2.5595479227  2.55019831529 
 2.94705170255  2.90023868207 
 3.3932217719  3.39320176029 
 3.90693993705  3.9069372032 
 4.49843266897  4.49842980257 
 5.17947467923  5.17947127999 
 5.96362331659  5.96361921629 
 6.86648845004  6.86648348208 
 7.90604321091  7.90603716134 
 9.10298177992  9.1029744388 
 10.4811313415  10.4811224304 
 12.0679264064  12.0679155855 
 13.8949549437  13.8949417985 
 15.9985871961  15.9985712194 
 18.4206996933  18.4206802651 
 21.2095088792  21.2094852429 
 24.4205309455  24.420502169 
 28.1176869797  28.1176519164 
 32.3745754282  32.3745326636 
 37.2759372031  37.275884988 
 42.9193426013  42.9192787651 
 49.4171336132  49.4170554512 
 56.8986602902  56.8985644156 
 65.512855686  65.5127378385 
 75.4312006335  75.4310554228 
 86.8511373751  86.8509579366 
 100.0  99.9997775289 
12648552.1686 50 
 0.1  0.100000000045 
 0.115139539933  0.115139540108 
 0.132571136559  0.132571137563 
 0.152641796718  0.152641796784 
 0.175751062485  0.175751062495 
 0.202358964773  0.202358964661 
 0.232995181052  0.232995181128 
 0.268269579528  0.268269579685 
 0.308884359648  0.308884359032 
 0.355648030622  0.355648029423 
 0.409491506238  0.409491502768 
 0.471486636346  0.47148662797 
 0.542867543932  0.542867542444 
 0.625055192527  0.625055145984 
 0.719685673001  0.719685548094 
 0.828642772855  0.828642457629 
 0.95409547635  0.954094602376 
 1.09854114199  1.098538471 
 1.26485521686  1.26484653201 
 1.4563484775  1.45631825877 
 1.67683293681  1.676720205 
 1.93069772888  1.93024299015 
 2.22299648253  2.22101058063 
 2.5595479227  2.55018984278 
 2.94705170255  2.89832176179 
 3.3932217719  3.39322028474 
 3.90693993705  3.90693903138 
 4.49843266897  4.49843165977 
 5.17947467923  5.17947347309 
 5.96362331659  5.96362185872 
 6.86648845004  6.86648668325 
 7.90604321091  7.90604106869 
 9.10298177992  9.10297917952 
 10.4811313415  10.48112819 
 12.0679264064  12.0679225825 
 13.8949549437  13.8949503024 
 15.9985871961  15.9985815607 
 18.4206996933  18.420692848 
 21.2095088792  21.2095004712 
 24.4205309455  24.4205207066 
 28.1176869797  28.1176745007 
 32.3745754282  32.3745602037 
 37.2759372031  37.2759186075 
 42.9193426013  42.9193198611 
 49.4171336132  49.4171057679 
 56.8986602902  56.8986261327 
 65.512855686  65.5128136984 
 75.4312006335  75.4311488958 
 86.8511373751  86.851073443 
 100.0  99.9999207391 
21209508.8792 50 
 0.1  0.100000000026 
 0.115139539933  0.11513954001 
 0.132571136559  0.13257113667 
 0.152641796718  0.152641796724 
 0.175751062485  0.175751062582 
 0.202358964773  0.202358964181 
 0.232995181052  0.232995180689 
 0.268269579528  0.268269579216 
 0.308884359648  0.308884359085 
 0.355648030622  0.355648028591 
 0.409491506238  0.409491502355 
 0.471486636346  0.471486628002 
 0.542867543932  0.542867522956 
 0.625055192527  0.625055145004 
 0.719685673001  0.71968554685 
 0.828642772855  0.828642732829 
 0.95409547635  0.954094593671 
 1.09854114199  1.09853846989 
 1.26485521686  1.26484654897 
 1.4563484775  1.45631829154 
 1.67683293681  1.67672020599 
 1.93069772888  1.93024302429 
 2.22299648253  2.22101070924 
 2.5595479227  2.55016174864 
 2.94705170255  2.89731427898 
 3.3932217719  3.39322140965 
 3.90693993705  3.90693962794 
 4.49843266897  4.49843231215 
 5.17947467923  5.17947425083 
 5.96362331659  5.96362279819 
 6.86648845004  6.8664878217 
 7.90604321091  7.90604244904 
 9.10298177992  9.10298085594 
 10.4811313415  10.4811302207 
 12.0679264064  12.0679250464 
 13.8949549437  13.8949532931 
 15.9985871961  15.9985851918 
 18.4206996933  18.4206972588 
 21.2095088792  21.2095059206 
 24.4205309455  24.4205273478 
 28.1176869797  28.117682602 
 32.3745754282  32.3745700972 
 37.2759372031  37.2759307052 
 42.9193426013  42.9193345124 
 49.4171336132  49.4171237042 
 56.8986602902  56.8986481291 
 65.512855686  65.5128407289 
 75.4312006335  75.4311821913 
 86.8511373751  86.8511145689 
 100.0  99.9999717206 
35564803.0622 50 
 0.1  0.100000000154 
 0.115139539933  0.115139540476 
 0.132571136559  0.132571136711 
 0.152641796718  0.152641796794 
 0.175751062485  0.175751062438 
 0.202358964773  0.202358965299 
 0.232995181052  0.232995180927 
 0.268269579528  0.268269579168 
 0.308884359648  0.308884359089 
 0.355648030622  0.35564803047 
 0.409491506238  0.409491504355 
 0.471486636346  0.471486635576 
 0.542867543932  0.542867525093 
 0.625055192527  0.625055142987 
 0.719685673001  0.719685548447 
 0.828642772855  0.828642461497 
 0.95409547635  0.954094596008 
 1.09854114199  1.09853847416 
 1.26485521686  1.26484650718 
 1.4563484775  1.45631827233 
 1.67683293681  1.67672025574 
 1.93069772888  1.93024308048 
 2.22299648253  2.22101084011 
 2.5595479227  2.55006699726 
 2.94705170255  2.94702208739 
 3.3932217719  3.39322166554 
 3.90693993705  3.90693982971 
 4.49843266897  4.49843254242 
 5.17947467923  5.17947452699 
 5.96362331659  5.96362313224 
 6.86648845004  6.86648822657 
 7.90604321091  7.90604293995 
 9.10298177992  9.10298145131 
 10.4811313415  10.4811309429 
 12.0679264064  12.0679259227 
 13.8949549437  13.8949543567 
 15.9985871961  15.9985864833 
 18.4206996933  18.4206988274 
 21.2095088792  21.209507827 
 24.4205309455  24.420529666 
 28.1176869797  28.1176854228 
 32.3745754282  32.3745735322 
 37.2759372031  37.2759348922 
 42.9193426013  42.9193397813 
 49.4171336132  49.4171301678 
 56.8986602902  56.8986559651 
 65.512855686  65.5128505177 
 75.4312006335  75.4311942845 
 86.8511373751  86.8511292641 
 100.0  99.9999899353 
59636233.1659 50 
 0.1  0.100000000012 
 0.115139539933  0.115139540006 
 0.132571136559  0.132571136543 
 0.152641796718  0.152641796685 
 0.175751062485  0.175751062466 
 0.202358964773  0.202358964698 
 0.232995181052  0.23299518097 
 0.268269579528  0.268269579403 
 0.308884359648  0.308884359402 
 0.355648030622  0.355648029431 
 0.409491506238  0.409491502555 
 0.471486636346  0.471486627426 
 0.542867543932  0.542867524688 
 0.625055192527  0.62505514459 
 0.719685673001  0.719685580506 
 0.828642772855  0.82864245816 
 0.95409547635  0.954094587579 
 1.09854114199  1.09853847694 
 1.26485521686  1.26484653547 
 1.4563484775  1.45631829903 
 1.67683293681  1.67672021895 
 1.93069772888  1.93024313361 
 2.22299648253  2.22101042438 
 2.5595479227  2.54976023436 
 2.94705170255  2.94705163817 
 3.3932217719  3.39322173745 
 3.90693993705  3.9069398994 
 4.49843266897  4.49843262412 
 5.17947467923  5.17947462511 
 5.96362331659  5.96362325103 
 6.86648845004  6.86648837057 
 7.90604321091  7.90604311454 
 9.10298177992  9.10298166305 
 10.4811313415  10.4811311998 
 12.0679264064  12.0679262344 
 13.8949549437  13.8949547349 
 15.9985871961  15.9985869426 
 18.4206996933  18.4206993853 
 21.2095088792  21.209508505 
 24.4205309455  24.4205304904 
 28.1176869797  28.117686426 
 32.3745754282  32.3745747539 
 37.2759372031  37.2759363812 
 42.9193426013  42.9193415984 
 49.4171336132  49.4171323879 
 56.8986602902  56.8986587908 
 65.512855686  65.5128538479 
 75.4312006335  75.4311983755 
 86.8511373751  86.8511345943 
 100.0  99.9999965652 
100000000.0 50 
 0.1  0.100000000001 
 0.115139539933  0.115139539923 
 0.132571136559  0.132571136555 
 0.152641796718  0.152641796707 
 0.175751062485  0.175751062509 
 0.202358964773  0.202358964742 
 0.232995181052  0.232995181119 
 0.268269579528  0.268269579339 
 0.308884359648  0.308884359231 
 0.355648030622  0.35564802813 
 0.409491506238  0.409491502705 
 0.471486636346  0.47148662766 
 0.542867543932  0.54286752442 
 0.625055192527  0.625055145844 
 0.719685673001  0.719685555053 
 0.828642772855  0.828642457317 
 0.95409547635  0.95409461178 
 1.09854114199  1.09853847974 
 1.26485521686  1.26484651885 
 1.4563484775  1.45631826443 
 1.67683293681  1.67672024118 
 1.93069772888  1.93024320411 
 2.22299648253  2.22100749678 
 2.5595479227  2.54923814203 
 2.94705170255  2.94705168849 
 3.3932217719  3.39322176027 
 3.90693993705  3.90693992369 
 4.49843266897  4.49843265305 
 5.17947467923  5.17947465999 
 5.96362331659  5.96362329328 
 6.86648845004  6.86648842178 
 7.90604321091  7.90604317664 
 9.10298177992  9.10298173835 
 10.4811313415  10.4811312911 
 12.0679264064  12.0679263452 
 13.8949549437  13.8949548695 
 15.9985871961  15.9985871059 
 18.4206996933  18.4206995838 
 21.2095088792  21.2095087461 
 24.4205309455  24.4205307836 
 28.1176869797  28.1176867828 
 32.3745754282  32.3745751884 
 37.2759372031  37.2759369108 
 42.9193426013  42.9193422446 
 49.4171336132  49.4171331774 
 56.8986602902  56.8986597569 
 65.512855686  65.5128550322 
 75.4312006335  75.4311998305 
 86.8511373751  86.8511363861 
 100.0  99.9999987784 
